CT1838:360            5.613    5.557    5.631    5.784    6.068    6.502
    7.025    7.591    8.144    8.612    8.953    9.140    9.168    9.023
    8.729    8.307    7.758    7.084    6.302    5.424    4.464    3.450
    2.420    1.407    0.438   -0.443   -1.231   -1.953   -2.529
CT1838:355            5.815    5.794    5.930    6.152    6.511    7.015
    7.593    8.197    8.766    9.225    9.537    9.682    9.658    9.460
    9.118    8.659    8.087    7.407    6.635    5.779    4.854    3.881
    2.897    1.932    1.012    0.180   -0.553   -1.214   -1.710
CT1838:350            5.872    5.874    6.036    6.280    6.651    7.145
    7.694    8.248    8.748    9.126    9.353    9.418    9.325    9.077
    8.707    8.242    7.690    7.055    6.348    5.571    4.733    3.848
    2.945    2.050    1.184    0.384   -0.335   -0.993   -1.508
CT1838:345            5.887    5.891    6.039    6.257    6.580    6.995
    7.441    7.874    8.242    8.487    8.594    8.556    8.387    8.096
    7.717    7.277    6.783    6.240    5.650    5.010    4.320    3.584
    2.821    2.049    1.289    0.569   -0.092   -0.706   -1.201
CT1838:340            5.880    5.859    5.952    6.100    6.324    6.607
    6.899    7.163    7.359    7.444    7.411    7.264    7.020    6.694
    6.320    5.922    5.508    5.082    4.637    4.164    3.653    3.096
    2.502    1.880    1.245    0.616    0.019   -0.549   -1.036
CT1838:335            5.651    5.625    5.667    5.738    5.850    5.984
    6.107    6.191    6.211    6.138    5.974    5.730    5.424    5.079
    4.724    4.380    4.058    3.759    3.469    3.172    2.850    2.484
    2.069    1.607    1.106    0.576    0.047   -0.474   -0.956
CT1838:330            5.594    5.508    5.450    5.403    5.367    5.327
    5.264    5.164    5.011    4.791    4.514    4.192    3.845    3.496
    3.171    2.888    2.658    2.481    2.338    2.208    2.066    1.882
    1.641    1.336    0.973    0.550    0.101   -0.359   -0.815
CT1838:325            5.171    5.085    4.971    4.843    4.694    4.513
    4.301    4.054    3.770    3.448    3.099    2.739    2.384    2.058
    1.782    1.568    1.427    1.361    1.344    1.354    1.360    1.326
    1.230    1.059    0.813    0.483    0.103   -0.304   -0.744
CT1838:320            5.090    4.928    4.708    4.460    4.174    3.848
    3.495    3.120    2.731    2.337    1.950    1.583    1.249    0.968
    0.753    0.611    0.551    0.573    0.653    0.764    0.877    0.951
    0.960    0.890    0.736    0.484    0.166   -0.191   -0.606
CT1838:315            4.464    4.325    4.079    3.788    3.436    3.034
    2.608    2.172    1.743    1.338    0.967    0.641    0.367    0.160
    0.023   -0.041   -0.027    0.060    0.197    0.360    0.519    0.636
    0.686    0.651    0.526    0.290   -0.029   -0.400   -0.865
CT1838:310            4.377    4.165    3.833    3.454    3.015    2.535
    2.047    1.571    1.126    0.738    0.411    0.153   -0.037   -0.152
   -0.196   -0.178   -0.097    0.038    0.206    0.387    0.555    0.677
    0.734    0.710    0.601    0.385    0.087   -0.265   -0.718
CT1838:305            3.921    3.706    3.354    2.950    2.486    1.992
    1.503    1.045    0.641    0.317    0.077   -0.080   -0.159   -0.161
   -0.104   -0.001    0.138    0.299    0.465    0.620    0.745    0.813
    0.813    0.736    0.576    0.314   -0.031   -0.433   -0.949
CT1838:300            3.834    3.558    3.155    2.708    2.216    1.717
    1.245    0.827    0.486    0.248    0.112    0.072    0.117    0.234
    0.398    0.585    0.777    0.954    1.104    1.215    1.275    1.267
    1.190    1.041    0.823    0.518    0.145   -0.277   -0.800
CT1838:295            3.594    3.284    2.863    2.409    1.928    1.465
    1.052    0.712    0.468    0.344    0.334    0.426    0.603    0.844
    1.113    1.379    1.615    1.797    1.916    1.963    1.932    1.815
    1.623    1.361    1.035    0.637    0.180   -0.320   -0.916
CT1838:290            3.510    3.155    2.715    2.256    1.794    1.380
    1.038    0.790    0.653    0.653    0.772    0.995    1.300    1.657
    2.023    2.361    2.638    2.822    2.907    2.889    2.765    2.536
    2.224    1.844    1.410    0.923    0.399   -0.154   -0.772
CT1838:285            3.439    3.038    2.586    2.131    1.699    1.347
    1.087    0.939    0.917    1.040    1.285    1.631    2.051    2.510
    2.958    3.356    3.663    3.841    3.888    3.798    3.573    3.217
    2.763    2.234    1.651    1.026    0.377   -0.294   -1.016
CT1838:280            3.354    2.922    2.469    2.032    1.643    1.360
    1.189    1.146    1.239    1.481    1.843    2.302    2.826    3.374
    3.895    4.348    4.686    4.869    4.893    4.751    4.448    3.988
    3.416    2.763    2.060    1.328    0.594   -0.146   -0.901
CT1838:275            3.319    2.848    2.392    1.968    1.618    1.400
    1.310    1.362    1.556    1.902    2.365    2.918    3.525    4.145
    4.724    5.221    5.587    5.777    5.785    5.604    5.235    4.684
    4.003    3.231    2.406    1.562    0.732   -0.091   -0.898
CT1838:270            3.229    2.733    2.283    1.879    1.569    1.413
    1.398    1.533    1.817    2.250    2.796    3.424    4.098    4.774
    5.400    5.935    6.329    6.532    6.538    6.335    5.922    5.304
    4.537    3.668    2.742    1.803    0.894    0.006   -0.833
CT1838:265            3.115    2.603    2.161    1.778    1.504    1.401
    1.448    1.651    2.005    2.509    3.119    3.805    4.530    5.250
    5.915    6.483    6.905    7.128    7.143    6.935    6.502    5.842
    5.019    4.084    3.087    2.085    1.130    0.211   -0.620
CT1838:260            3.018    2.482    2.040    1.665    1.415    1.347
    1.437    1.689    2.093    2.645    3.302    4.029    4.791    5.544
    6.238    6.833    7.279    7.520    7.546    7.337    6.888    6.197
    5.328    4.335    3.274    2.209    1.199    0.234   -0.616
CT1838:255            2.839    2.297    1.862    1.500    1.271    1.230
    1.352    1.637    2.077    2.665    3.358    4.119    4.914    5.698
    6.421    7.045    7.517    7.779    7.821    7.620    7.171    6.467
    5.578    4.559    3.471    2.384    1.364    0.402   -0.413
CT1838:250            2.737    2.168    1.717    1.347    1.115    1.079
    1.209    1.507    1.962    2.569    3.283    4.070    4.892    5.705
    6.458    7.109    7.602    7.880    7.930    7.729    7.270    6.550
    5.639    4.593    3.477    2.362    1.320    0.340   -0.475
CT1838:245            2.670    2.068    1.595    1.204    0.956    0.908
    1.029    1.321    1.776    2.390    3.120    3.929    4.781    5.630
    6.421    7.107    7.629    7.927    7.987    7.789    7.328    6.605
    5.693    4.652    3.547    2.455    1.449    0.517   -0.220
CT1838:240            2.569    1.933    1.428    1.006    0.729    0.652
    0.747    1.017    1.456    2.064    2.799    3.627    4.508    5.396
    6.227    6.951    7.502    7.814    7.876    7.668    7.192    6.453
    5.527    4.479    3.372    2.285    1.289    0.370   -0.346
CT1838:235            2.554    1.870    1.315    0.843    0.515    0.387
    0.433    0.658    1.060    1.644    2.370    3.207    4.114    5.041
    5.919    6.687    7.274    7.609    7.679    7.470    6.987    6.242
    5.320    4.287    3.206    2.158    1.210    0.347   -0.298
CT1838:230            2.465    1.742    1.137    0.611    0.222    0.030
    0.009    0.169    0.512    1.050    1.749    2.578    3.498    4.457
    5.377    6.191    6.818    7.180    7.267    7.063    6.581    5.839
    4.927    3.913    2.861    1.851    0.945    0.124   -0.476
CT1838:225            2.301    1.549    0.895    0.311   -0.148   -0.422
   -0.531   -0.461   -0.205    0.260    0.902    1.696    2.603    3.575
    4.524    5.376    6.044    6.442    6.557    6.375    5.910    5.184
    4.291    3.298    2.271    1.282    0.389   -0.427   -1.045
CT1838:220            2.237    1.442    0.722    0.061   -0.491   -0.875
   -1.103   -1.157   -1.022   -0.670   -0.124    0.597    1.458    2.413
    3.373    4.257    4.972    5.427    5.604    5.487    5.089    4.433
    3.614    2.698    1.750    0.842    0.025   -0.716   -1.268
CT1838:215            2.143    1.310    0.520   -0.226   -0.886   -1.401
   -1.775   -1.985   -2.010   -1.813   -1.407   -0.805   -0.035    0.863
    1.801    2.693    3.446    3.965    4.223    4.197    3.895    3.336
    2.608    1.775    0.897    0.037   -0.755   -1.490   -2.078
CT1838:210            2.111    1.241    0.377   -0.462   -1.243   -1.910
   -2.455   -2.851   -3.072   -3.068   -2.843   -2.401   -1.764   -0.959
   -0.071    0.815    1.608    2.210    2.584    2.701    2.560    2.168
    1.605    0.930    0.197   -0.534   -1.211   -1.842   -2.345
CT1838:205            2.051    1.157    0.224   -0.706   -1.611   -2.440
   -3.174   -3.780   -4.223   -4.444   -4.435   -4.192   -3.725   -3.050
   -2.244   -1.391   -0.575    0.108    0.608    0.887    0.931    0.734
    0.359   -0.145   -0.729   -1.344   -1.936   -2.502   -2.984
CT1838:200            2.068    1.151    0.152   -0.868   -1.900   -2.899
   -3.832   -4.662   -5.343   -5.808   -6.037   -6.014   -5.740   -5.219
   -4.517   -3.715   -2.888   -2.127   -1.494   -1.035   -0.778   -0.746
   -0.891   -1.179   -1.566   -2.015   -2.465   -2.904   -3.288
CT1838:195            1.938    1.048    0.021   -1.054   -2.185   -3.331
   -4.448   -5.490   -6.403   -7.108   -7.573   -7.772   -7.698   -7.340
   -6.758   -6.024   -5.206   -4.387   -3.639   -3.016   -2.556   -2.297
   -2.213   -2.282   -2.469   -2.751   -3.063   -3.383   -3.683
CT1838:190            2.009    1.124    0.063   -1.070   -2.295   -3.581
   -4.870   -6.111   -7.243   -8.175   -8.864   -9.275   -9.396   -9.202
   -8.748   -8.101   -7.318   -6.476   -5.650   -4.897   -4.265   -3.803
   -3.504   -3.362   -3.351   -3.461   -3.626   -3.814   -4.014
CT1838:185            2.176    1.304    0.227   -0.941   -2.231   -3.624
   -5.050   -6.454   -7.767   -8.890   -9.771  -10.367  -10.661  -10.623
  -10.300   -9.757   -9.040   -8.216   -7.362   -6.532   -5.780   -5.159
   -4.683   -4.354   -4.162   -4.106   -4.123   -4.177   -4.265
CT1838:180            2.311    1.481    0.425   -0.736   -2.046   -3.491
   -4.998   -6.507   -7.943   -9.204  -10.229  -10.971  -11.410  -11.513
  -11.324  -10.904  -10.289   -9.536   -8.716   -7.879   -7.077   -6.364
   -5.767   -5.300   -4.964   -4.770   -4.663   -4.602   -4.596
CT1838:175            2.629    1.828    0.802   -0.332   -1.627   -3.078
   -4.611   -6.165   -7.665   -9.008  -10.129  -10.979  -11.539  -11.776
  -11.731  -11.458  -10.988  -10.362   -9.645   -8.877   -8.103   -7.375
   -6.728   -6.187   -5.763   -5.479   -5.291   -5.158   -5.105
CT1838:170            2.829    2.110    1.173    0.126   -1.085   -2.467
   -3.946   -5.465   -6.951   -8.308   -9.468  -10.387  -11.042  -11.405
  -11.511  -11.407  -11.115  -10.664  -10.103   -9.463   -8.779   -8.094
   -7.448   -6.874   -6.390   -6.029   -5.760   -5.545   -5.415
CT1838:165            3.051    2.425    1.604    0.681   -0.399   -1.651
   -3.009   -4.424   -5.831   -7.144   -8.300   -9.258   -9.998  -10.493
  -10.770  -10.865  -10.791  -10.561  -10.212   -9.761   -9.232   -8.659
   -8.085   -7.547   -7.072   -6.700   -6.417   -6.189   -6.059
CT1838:160            3.289    2.776    2.103    1.342    0.440   -0.626
   -1.802   -3.050   -4.319   -5.539   -6.656   -7.633   -8.449   -9.081
   -9.544   -9.858  -10.025  -10.042   -9.930   -9.695   -9.350   -8.916
   -8.439   -7.958   -7.504   -7.118   -6.804   -6.535   -6.350
CT1838:155            3.549    3.155    2.647    2.071    1.378    0.538
   -0.412   -1.449   -2.538   -3.634   -4.690   -5.674   -6.568   -7.349
   -8.013   -8.564   -8.990   -9.271   -9.414   -9.415   -9.278   -9.012
   -8.667   -8.279   -7.884   -7.523   -7.212   -6.936   -6.726
CT1838:150            3.786    3.518    3.189    2.814    2.353    1.765
    1.068    0.269   -0.617   -1.570   -2.553   -3.541   -4.514   -5.446
   -6.317   -7.110   -7.796   -8.339   -8.735   -8.969   -9.041   -8.951
   -8.748   -8.467   -8.147   -7.823   -7.523   -7.241   -6.998
CT1838:145            4.117    3.955    3.791    3.607    3.371    3.032
    2.588    2.027    1.345    0.535   -0.378   -1.372   -2.424   -3.507
   -4.578   -5.601   -6.532   -7.320   -7.950   -8.403   -8.672   -8.751
   -8.688   -8.518   -8.278   -7.996   -7.708   -7.418   -7.128
CT1838:140            4.313    4.266    4.270    4.276    4.262    4.166
    3.965    3.631    3.142    2.464    1.617    0.617   -0.507   -1.727
   -2.978   -4.207   -5.355   -6.359   -7.197   -7.846   -8.296   -8.537
   -8.618   -8.569   -8.426   -8.209   -7.958   -7.687   -7.380
CT1838:135            4.664    4.683    4.809    4.960    5.122    5.223
    5.222    5.075    4.741    4.169    3.372    2.363    1.175   -0.158
   -1.556   -2.950   -4.271   -5.447   -6.452   -7.259   -7.858   -8.236
   -8.438   -8.493   -8.432   -8.264   -8.031   -7.755   -7.395
CT1838:130            4.783    4.882    5.123    5.405    5.717    5.982
    6.143    6.143    5.931    5.441    4.681    3.667    2.434    1.021
   -0.481   -1.991   -3.436   -4.737   -5.867   -6.798   -7.521   -8.021
   -8.339   -8.500   -8.531   -8.432   -8.244   -7.996   -7.629
CT1838:125            5.092    5.203    5.489    5.831    6.221    6.575
    6.825    6.908    6.763    6.315    5.574    4.554    3.294    1.836
    0.279   -1.292   -2.803   -4.173   -5.375   -6.384   -7.188   -7.772
   -8.173   -8.409   -8.503   -8.442   -8.265   -8.008   -7.584
CT1838:120            5.109    5.247    5.566    5.944    6.375    6.771
    7.060    7.176    7.057    6.624    5.890    4.871    3.608    2.146
    0.583   -0.995   -2.516   -3.905   -5.134   -6.183   -7.039   -7.686
   -8.156   -8.463   -8.622   -8.614   -8.472   -8.237   -7.806
CT1838:115            5.253    5.355    5.638    5.980    6.374    6.733
    6.986    7.067    6.918    6.464    5.720    4.704    3.458    2.027
    0.505   -1.029   -2.506   -3.859   -5.065   -6.104   -6.968   -7.637
   -8.138   -8.479   -8.670   -8.679   -8.535   -8.284   -7.803
CT1838:110            5.167    5.238    5.463    5.736    6.049    6.320
    6.484    6.482    6.263    5.762    4.998    3.990    2.781    1.414
   -0.026   -1.469   -2.855   -4.128   -5.269   -6.263   -7.101   -7.766
   -8.278   -8.639   -8.854   -8.883   -8.751   -8.505   -8.010
CT1838:105            5.154    5.144    5.253    5.395    5.561    5.676
    5.687    5.546    5.211    4.633    3.833    2.835    1.678    0.401
   -0.922   -2.235   -3.489   -4.638   -5.672   -6.579   -7.352   -7.975
   -8.461   -8.807   -9.011   -9.028   -8.875   -8.599   -8.058
CT1838:100            4.984    4.891    4.862    4.845    4.827    4.743
    4.559    4.240    3.759    3.085    2.241    1.255    0.161   -1.004
   -2.182   -3.334   -4.422   -5.415   -6.310   -7.101   -7.782   -8.339
   -8.779   -9.094   -9.276   -9.275   -9.104   -8.810   -8.246
CT1838:095            4.901    4.684    4.472    4.249    3.996    3.665
    3.242    2.706    2.048    1.256    0.358   -0.618   -1.641   -2.679
   -3.692   -4.658   -5.555   -6.365   -7.095   -7.743   -8.306   -8.771
   -9.137   -9.393   -9.526   -9.483   -9.269   -8.932   -8.323
CT1838:090            4.682    4.350    3.949    3.511    3.008    2.411
    1.728    0.958    0.109   -0.810   -1.764   -2.726   -3.670   -4.569
   -5.403   -6.167   -6.856   -7.468   -8.018   -8.509   -8.941   -9.302
   -9.583   -9.770   -9.845   -9.753   -9.496   -9.121   -8.483
CT1838:085            4.515    4.049    3.441    2.766    1.993    1.111
    0.152   -0.867   -1.919   -2.970   -3.984   -4.932   -5.794   -6.548
   -7.195   -7.751   -8.226   -8.635   -9.002   -9.334   -9.633   -9.886
  -10.079  -10.193  -10.206  -10.065   -9.770   -9.365   -8.718
CT1838:080            4.293    3.706    2.901    1.997    0.960   -0.203
   -1.436   -2.700   -3.952   -5.132   -6.201   -7.130   -7.904   -8.507
   -8.963   -9.309   -9.570   -9.778   -9.964  -10.139  -10.306  -10.448
  -10.547  -10.577  -10.517  -10.311   -9.962   -9.510   -8.835
CT1838:075            4.181    3.461    2.453    1.320    0.021   -1.418
   -2.917   -4.421   -5.866   -7.172   -8.293   -9.202   -9.888  -10.344
  -10.615  -10.758  -10.818  -10.840  -10.862  -10.898  -10.948  -10.995
  -11.012  -10.972  -10.851  -10.596  -10.212   -9.737   -9.068
CT1838:070            4.005    3.188    2.013    0.687   -0.838   -2.520
   -4.255   -5.972   -7.589   -9.003  -10.166  -11.046  -11.643  -11.954
  -12.047  -12.000  -11.872  -11.725  -11.600  -11.513  -11.460  -11.422
  -11.363  -11.254  -11.068  -10.757  -10.327   -9.814   -9.128
CT1838:065            4.032    3.109    1.778    0.274   -1.454   -3.350
   -5.294   -7.199   -8.967  -10.475  -11.670  -12.522  -13.033  -13.209
  -13.140  -12.921  -12.628  -12.335  -12.087  -11.899  -11.763  -11.653
  -11.528  -11.355  -11.105  -10.731  -10.242   -9.674   -8.943
CT1838:060            3.947    2.975    1.548   -0.070   -1.936   -3.985
   -6.080   -8.122  -10.000  -11.572  -12.782  -13.598  -14.027  -14.083
  -13.874  -13.512  -13.086  -12.683  -12.348  -12.095  -11.911  -11.766
  -11.612  -11.410  -11.133  -10.736  -10.230   -9.651   -8.928
CT1838:055            4.073    3.060    1.566   -0.129   -2.085   -4.232
   -6.424   -8.552  -10.496  -12.100  -13.305  -14.078  -14.431  -14.384
  -14.060  -13.586  -13.061  -12.581  -12.189  -11.897  -11.688  -11.522
  -11.344  -11.113  -10.799  -10.353   -9.789   -9.145   -8.342
CT1838:050            4.108    3.111    1.620   -0.078   -2.044   -4.206
   -6.413   -8.551  -10.495  -12.083  -13.253  -13.973  -14.258  -14.134
  -13.735  -13.197  -12.627  -12.126  -11.735  -11.463  -11.286  -11.160
  -11.023  -10.830  -10.551  -10.138   -9.606   -8.996   -8.233
CT1838:045            4.295    3.333    1.888    0.241   -1.669   -3.768
   -5.909   -7.979   -9.853  -11.370  -12.469  -13.120  -13.342  -13.168
  -12.735  -12.182  -11.621  -11.153  -10.814  -10.608  -10.506  -10.455
  -10.389  -10.259  -10.032   -9.657   -9.152   -8.562   -7.804
CT1838:040            4.452    3.574    2.239    0.715   -1.055   -3.000
   -4.980   -6.889   -8.609   -9.987  -10.971  -11.534  -11.699  -11.504
  -11.085  -10.578  -10.092   -9.724   -9.503   -9.425   -9.457   -9.539
   -9.601   -9.591   -9.474   -9.197   -8.782   -8.275   -7.593
CT1838:035            4.598    3.844    2.677    1.341   -0.212   -1.915
   -3.642   -5.298   -6.780   -7.953   -8.775   -9.229   -9.343   -9.158
   -8.803   -8.401   -8.055   -7.853   -7.810   -7.917   -8.134   -8.397
   -8.632   -8.784   -8.818   -8.676   -8.385   -7.995   -7.420
CT1838:030            4.852    4.239    3.274    2.168    0.887   -0.505
   -1.904   -3.233   -4.407   -5.320   -5.945   -6.277   -6.346   -6.202
   -5.956   -5.715   -5.566   -5.584   -5.769   -6.104   -6.544   -7.020
   -7.455   -7.793   -7.999   -8.010   -7.855   -7.593   -7.125
CT1838:025            5.088    4.646    3.924    3.095    2.139    1.116
    0.105   -0.837   -1.651   -2.264   -2.669   -2.872   -2.909   -2.832
   -2.733   -2.692   -2.782   -3.055   -3.496   -4.080   -4.757   -5.455
   -6.097   -6.627   -7.006   -7.165   -7.136   -6.984   -6.596
CT1838:020            5.391    5.120    4.648    4.106    3.492    2.861
    2.260    1.726    1.289    0.983    0.795    0.706    0.679    0.659
    0.580    0.391    0.040   -0.504   -1.213   -2.053   -2.972   -3.897
   -4.753   -5.484   -6.052   -6.384   -6.512   -6.506   -6.244
CT1838:015            5.781    5.673    5.446    5.187    4.911    4.664
    4.464    4.323    4.243    4.218    4.218    4.215    4.171    4.035
    3.768    3.347    2.742    1.945    0.996   -0.069   -1.195   -2.309
   -3.345   -4.245   -4.972   -5.449   -5.706   -5.818   -5.647
CT1838:010            6.080    6.140    6.153    6.167    6.209    6.315
    6.478    6.686    6.913    7.118    7.260    7.301    7.210    6.942
    6.487    5.850    5.021    4.011    2.866    1.625    0.338   -0.928
   -2.110   -3.156   -4.029   -4.652   -5.051   -5.301   -5.259
CT1838:005            6.342    6.555    6.781    7.033    7.347    7.747
    8.202    8.679    9.132    9.491    9.706    9.741    9.573    9.167
    8.539    7.719    6.712    5.544    4.263    2.903    1.507    0.135
   -1.162   -2.336   -3.355   -4.146   -4.732   -5.183   -5.370
CT1839:360            6.588    6.938    7.341    7.787    8.312    8.928
    9.585   10.237   10.822   11.250   11.475   11.462   11.199   10.666
    9.903    8.954    7.842    6.599    5.268    3.878    2.465    1.075
   -0.250   -1.468   -2.549   -3.423   -4.108   -4.666   -4.971
