CT1835:360           -1.163   -2.491   -3.579   -4.535   -5.283   -5.770
   -6.058   -6.156   -6.086   -5.861   -5.521   -5.091   -4.599   -4.073
   -3.561   -3.108   -2.768   -2.593   -2.589   -2.756   -3.068   -3.477
   -3.905   -4.285   -4.567   -4.672   -4.608   -4.434   -4.048
CT1835:355           -1.214   -2.448   -3.447   -4.319   -4.989   -5.413
   -5.651   -5.716   -5.630   -5.404   -5.074   -4.660   -4.182   -3.665
   -3.154   -2.695   -2.342   -2.153   -2.138   -2.300   -2.616   -3.040
   -3.489   -3.897   -4.207   -4.336   -4.287   -4.119   -3.718
CT1835:350           -1.059   -2.244   -3.200   -4.032   -4.671   -5.076
   -5.307   -5.379   -5.310   -5.110   -4.810   -4.425   -3.973   -3.474
   -2.974   -2.517   -2.159   -1.958   -1.928   -2.073   -2.373   -2.789
   -3.238   -3.655   -3.983   -4.138   -4.120   -3.985   -3.617
CT1835:345           -0.987   -2.104   -3.011   -3.805   -4.421   -4.824
   -5.065   -5.159   -5.120   -4.955   -4.690   -4.338   -3.916   -3.443
   -2.962   -2.515   -2.156   -1.940   -1.881   -1.985   -2.237   -2.601
   -3.000   -3.374   -3.666   -3.795   -3.751   -3.591   -3.190
CT1835:340           -0.816   -1.890   -2.776   -3.559   -4.181   -4.606
   -4.881   -5.015   -5.022   -4.904   -4.685   -4.379   -4.002   -3.572
   -3.128   -2.713   -2.370   -2.151   -2.069   -2.131   -2.324   -2.622
   -2.958   -3.279   -3.534   -3.646   -3.604   -3.455   -3.082
CT1835:335           -0.510   -1.566   -2.453   -3.247   -3.895   -4.360
   -4.683   -4.871   -4.932   -4.867   -4.702   -4.451   -4.130   -3.758
   -3.371   -3.001   -2.688   -2.470   -2.362   -2.370   -2.488   -2.695
   -2.940   -3.177   -3.363   -3.429   -3.359   -3.192   -2.820
CT1835:330           -0.318   -1.334   -2.209   -3.004   -3.671   -4.170
   -4.537   -4.771   -4.882   -4.869   -4.758   -4.566   -4.311   -4.008
   -3.689   -3.378   -3.105   -2.899   -2.769   -2.725   -2.765   -2.877
   -3.024   -3.172   -3.285   -3.307   -3.217   -3.046   -2.700
CT1835:325           -0.013   -1.008   -1.885   -2.693   -3.386   -3.925
   -4.336   -4.618   -4.778   -4.816   -4.762   -4.634   -4.450   -4.225
   -3.982   -3.738   -3.511   -3.319   -3.173   -3.079   -3.041   -3.057
   -3.103   -3.155   -3.188   -3.156   -3.037   -2.855   -2.528
CT1835:320            0.212   -0.739   -1.601   -2.405   -3.111   -3.674
   -4.116   -4.433   -4.631   -4.715   -4.713   -4.646   -4.532   -4.382
   -4.214   -4.036   -3.857   -3.684   -3.527   -3.393   -3.288   -3.218
   -3.172   -3.138   -3.098   -3.018   -2.877   -2.689   -2.390
CT1835:315            0.351   -0.530   -1.355   -2.137   -2.836   -3.406
   -3.861   -4.198   -4.422   -4.540   -4.581   -4.567   -4.513   -4.430
   -4.326   -4.205   -4.066   -3.911   -3.746   -3.578   -3.416   -3.270
   -3.140   -3.021   -2.904   -2.764   -2.582   -2.364   -2.056
CT1835:310            0.610   -0.217   -1.013   -1.776   -2.468   -3.042
   -3.507   -3.859   -4.106   -4.254   -4.335   -4.368   -4.368   -4.342
   -4.294   -4.222   -4.120   -3.986   -3.823   -3.639   -3.445   -3.252
   -3.069   -2.898   -2.736   -2.569   -2.379   -2.167   -1.896
CT1835:305            0.993    0.208   -0.565   -1.311   -1.996   -2.569
   -3.038   -3.402   -3.666   -3.840   -3.954   -4.025   -4.067   -4.084
   -4.076   -4.039   -3.965   -3.847   -3.691   -3.502   -3.290   -3.068
   -2.851   -2.645   -2.449   -2.259   -2.059   -1.847   -1.595
CT1835:300            1.285    0.566   -0.160   -0.868   -1.525   -2.080
   -2.540   -2.902   -3.173   -3.362   -3.497   -3.594   -3.664   -3.707
   -3.723   -3.708   -3.653   -3.551   -3.407   -3.226   -3.017   -2.795
   -2.572   -2.360   -2.161   -1.976   -1.793   -1.607   -1.404
CT1835:295            2.090    1.350    0.608   -0.113   -0.780   -1.347
   -1.820   -2.198   -2.490   -2.704   -2.865   -2.987   -3.080   -3.142
   -3.174   -3.174   -3.133   -3.048   -2.923   -2.762   -2.576   -2.375
   -2.174   -1.984   -1.811   -1.660   -1.523   -1.394   -1.271
CT1835:290            2.416    1.756    1.078    0.412   -0.211   -0.745
   -1.197   -1.563   -1.852   -2.069   -2.236   -2.364   -2.459   -2.522
   -2.552   -2.550   -2.512   -2.436   -2.327   -2.190   -2.032   -1.863
   -1.694   -1.537   -1.398   -1.284   -1.192   -1.111   -1.051
CT1835:285            3.135    2.486    1.823    1.173    0.564    0.038
   -0.412   -0.783   -1.080   -1.309   -1.487   -1.622   -1.719   -1.779
   -1.804   -1.798   -1.762   -1.696   -1.608   -1.500   -1.381   -1.256
   -1.138   -1.034   -0.950   -0.898   -0.874   -0.868   -0.897
CT1835:280            3.495    2.937    2.350    1.768    1.213    0.726
    0.304   -0.051   -0.342   -0.568   -0.744   -0.874   -0.963   -1.010
   -1.022   -1.005   -0.964   -0.903   -0.830   -0.749   -0.665   -0.585
   -0.517   -0.467   -0.441   -0.451   -0.491   -0.553   -0.656
CT1835:275            3.857    3.391    2.882    2.371    1.875    1.429
    1.034    0.695    0.412    0.188    0.014   -0.112   -0.194   -0.231
   -0.232   -0.207   -0.162   -0.106   -0.048    0.006    0.052    0.081
    0.090    0.071    0.023   -0.070   -0.201   -0.357   -0.566
CT1835:270            4.235    3.868    3.442    3.005    2.571    2.168
    1.803    1.480    1.204    0.981    0.806    0.681    0.602    0.571
    0.579    0.613    0.664    0.720    0.770    0.807    0.825    0.814
    0.772    0.694    0.579    0.413    0.205   -0.030   -0.318
CT1835:265            4.470    4.226    3.903    3.559    3.200    2.852
    2.525    2.225    1.960    1.738    1.562    1.433    1.352    1.322
    1.333    1.372    1.427    1.484    1.528    1.550    1.540    1.487
    1.389    1.242    1.046    0.787    0.478    0.137   -0.268
CT1835:260            4.844    4.699    4.461    4.194    3.899    3.597
    3.301    3.018    2.758    2.533    2.348    2.209    2.119    2.083
    2.092    2.134    2.194    2.256    2.301    2.317    2.290    2.205
    2.062    1.858    1.593    1.258    0.869    0.446   -0.038
CT1835:255            5.166    5.125    4.977    4.790    4.563    4.311
    4.049    3.787    3.536    3.308    3.114    2.963    2.862    2.817
    2.823    2.865    2.930    2.997    3.044    3.054    3.011    2.895
    2.705    2.442    2.107    1.692    1.221    0.714    0.146
CT1835:250            5.512    5.563    5.494    5.380    5.215    5.008
    4.780    4.539    4.298    4.070    3.870    3.710    3.598    3.546
    3.548    3.591    3.659    3.729    3.776    3.777    3.714    3.563
    3.325    3.002    2.598    2.107    1.559    0.976    0.335
CT1835:245            5.890    6.018    6.015    5.962    5.848    5.682
    5.484    5.265    5.037    4.815    4.616    4.454    4.340    4.286
    4.288    4.332    4.402    4.471    4.510    4.495    4.404    4.211
    3.921    3.536    3.065    2.504    1.888    1.239    0.539
CT1835:240            6.186    6.393    6.457    6.463    6.400    6.273
    6.108    5.915    5.707    5.501    5.316    5.165    5.062    5.017
    5.027    5.075    5.145    5.205    5.225    5.181    5.047    4.801
    4.448    3.994    3.452    2.822    2.139    1.427    0.669
CT1835:235            6.570    6.825    6.927    6.968    6.934    6.831
    6.687    6.514    6.325    6.141    5.978    5.850    5.769    5.745
    5.769    5.824    5.890    5.932    5.922    5.833    5.645    5.333
    4.910    4.386    3.775    3.081    2.339    1.570    0.761
CT1835:230            6.800    7.116    7.263    7.341    7.334    7.253
    7.129    6.976    6.812    6.657    6.528    6.438    6.394    6.402
    6.449    6.515    6.575    6.594    6.545    6.402    6.150    5.768
    5.274    4.682    4.010    3.262    2.473    1.661    0.814
CT1835:225            7.328    7.633    7.764    7.825    7.799    7.700
    7.562    7.403    7.244    7.107    7.006    6.953    6.948    6.990
    7.062    7.139    7.191    7.181    7.087    6.887    6.569    6.120
    5.563    4.915    4.195    3.411    2.594    1.758    0.890
CT1835:220            7.485    7.831    7.979    8.046    8.015    7.904
    7.754    7.589    7.433    7.313    7.243    7.229    7.268    7.350
    7.451    7.541    7.586    7.549    7.412    7.159    6.783    6.277
    5.670    4.981    4.229    3.424    2.591    1.741    0.859
CT1835:215            7.919    8.238    8.345    8.368    8.284    8.117
    7.915    7.706    7.521    7.392    7.330    7.338    7.406    7.520
    7.644    7.745    7.785    7.727    7.558    7.268    6.856    6.320
    5.694    4.996    4.248    3.458    2.647    1.822    0.970
CT1835:210            8.012    8.353    8.451    8.450    8.325    8.103
    7.843    7.581    7.352    7.196    7.125    7.140    7.226    7.361
    7.504    7.614    7.652    7.581    7.393    7.083    6.654    6.111
    5.485    4.798    4.067    3.299    2.508    1.701    0.860
CT1835:205            8.202    8.534    8.594    8.544    8.352    8.047
    7.701    7.355    7.052    6.839    6.730    6.724    6.806    6.947
    7.099    7.218    7.261    7.192    7.008    6.707    6.296    5.784
    5.203    4.570    3.901    3.201    2.481    1.747    0.983
CT1835:200            8.239    8.580    8.615    8.523    8.266    7.876
    7.434    6.988    6.591    6.298    6.126    6.076    6.130    6.259
    6.408    6.529    6.579    6.521    6.355    6.080    5.706    5.242
    4.717    4.145    3.539    2.897    2.229    1.540    0.807
CT1835:195            8.568    8.854    8.817    8.642    8.288    7.785
    7.222    6.653    6.135    5.734    5.472    5.353    5.357    5.457
    5.593    5.714    5.774    5.740    5.609    5.383    5.072    4.687
    4.251    3.775    3.268    2.727    2.159    1.572    0.945
CT1835:190            8.564    8.854    8.791    8.576    8.159    7.570
    6.907    6.228    5.599    5.091    4.735    4.537    4.482    4.542
    4.656    4.771    4.840    4.830    4.736    4.559    4.309    3.995
    3.636    3.239    2.810    2.340    1.835    1.306    0.722
CT1835:185            8.887    9.117    8.987    8.700    8.200    7.516
    6.748    5.957    5.213    4.596    4.138    3.854    3.729    3.741
    3.825    3.927    4.001    4.010    3.950    3.819    3.627    3.380
    3.094    2.775    2.426    2.037    1.612    1.161    0.653
CT1835:180            8.861    9.099    8.960    8.655    8.125    7.394
    6.566    5.706    4.885    4.186    3.650    3.294    3.107    3.071
    3.123    3.207    3.276    3.294    3.251    3.146    2.987    2.779
    2.538    2.269    1.972    1.637    1.266    0.867    0.407
CT1835:175            8.946    9.172    9.020    8.701    8.153    7.397
    6.539    5.639    4.771    4.018    3.425    3.011    2.770    2.686
    2.701    2.756    2.806    2.813    2.764    2.659    2.502    2.304
    2.079    1.832    1.566    1.272    0.947    0.598    0.192
CT1835:170            8.906    9.146    9.012    8.713    8.185    7.449
    6.606    5.715    4.846    4.080    3.463    3.015    2.734    2.608
    2.581    2.596    2.609    2.580    2.497    2.357    2.168    1.942
    1.697    1.441    1.179    0.904    0.609    0.298   -0.062
CT1835:165            8.973    9.209    9.092    8.817    8.326    7.637
    6.842    5.998    5.168    4.426    3.815    3.356    3.049    2.883
    2.808    2.769    2.724    2.635    2.488    2.284    2.033    1.750
    1.461    1.177    0.905    0.648    0.393    0.133   -0.149
CT1835:160            8.918    9.174    9.100    8.879    8.460    7.855
    7.153    6.400    5.653    4.974    4.402    3.957    3.637    3.433
    3.300    3.192    3.065    2.887    2.645    2.342    1.992    1.619
    1.250    0.904    0.592    0.322    0.076   -0.161   -0.400
CT1835:155            8.942    9.201    9.166    9.001    8.661    8.161
    7.575    6.941    6.306    5.719    5.210    4.795    4.472    4.230
    4.033    3.838    3.611    3.318    2.956    2.530    2.058    1.573
    1.107    0.686    0.322    0.032   -0.209   -0.426   -0.618
CT1835:150            8.867    9.143    9.162    9.070    8.829    8.455
    8.009    7.521    7.024    6.553    6.129    5.762    5.446    5.170
    4.902    4.611    4.265    3.839    3.337    2.769    2.160    1.550
    0.977    0.471    0.049   -0.266   -0.507   -0.708   -0.857
CT1835:145            8.728    9.026    9.103    9.087    8.952    8.712
    8.415    8.084    7.738    7.398    7.072    6.763    6.463    6.154
    5.813    5.418    4.941    4.367    3.709    2.984    2.224    1.477
    0.786    0.185   -0.310   -0.669   -0.935   -1.149   -1.297
CT1835:140            8.615    8.917    9.039    9.088    9.047    8.933
    8.780    8.601    8.405    8.197    7.975    7.732    7.456    7.122
    6.713    6.214    5.606    4.882    4.067    3.188    2.284    1.413
    0.622   -0.055   -0.598   -0.974   -1.232   -1.425   -1.529
CT1835:135            8.375    8.691    8.859    8.972    9.020    9.022
    9.003    8.966    8.913    8.833    8.715    8.541    8.296    7.945
    7.475    6.879    6.143    5.272    4.303    3.272    2.229    1.238
    0.350   -0.400   -0.995   -1.397   -1.667   -1.864   -1.961
CT1835:130            8.206    8.504    8.686    8.830    8.936    9.022
    9.105    9.182    9.246    9.275    9.247    9.139    8.925    8.566
    8.047    7.369    6.523    5.524    4.421    3.262    2.104    1.022
    0.067   -0.725   -1.337   -1.732   -1.978   -2.140   -2.188
CT1835:125            7.913    8.195    8.384    8.546    8.688    8.834
    8.988    9.148    9.299    9.412    9.458    9.404    9.220    8.859
    8.305    7.565    6.631    5.529    4.319    3.057    1.809    0.658
   -0.345   -1.165   -1.790   -2.181   -2.415   -2.563   -2.595
CT1835:120            7.680    7.913    8.072    8.215    8.353    8.511
    8.692    8.887    9.081    9.239    9.326    9.305    9.142    8.781
    8.208    7.431    6.445    5.281    4.009    2.691    1.400    0.224
   -0.786   -1.596   -2.195   -2.548   -2.736   -2.835   -2.813
CT1835:115            7.278    7.472    7.596    7.705    7.816    7.955
    8.124    8.313    8.506    8.668    8.761    8.746    8.586    8.225
    7.648    6.860    5.860    4.681    3.397    2.073    0.785   -0.376
   -1.363   -2.141   -2.704   -3.018   -3.170   -3.236   -3.190
CT1835:110            6.983    7.098    7.144    7.177    7.213    7.281
    7.382    7.509    7.645    7.757    7.810    7.765    7.587    7.221
    6.650    5.881    4.911    3.772    2.538    1.271    0.047   -1.045
   -1.959   -2.665   -3.156   -3.402   -3.490   -3.494   -3.394
CT1835:105            6.524    6.575    6.541    6.488    6.430    6.398
    6.395    6.417    6.451    6.470    6.443    6.336    6.119    5.742
    5.190    4.467    3.569    2.524    1.399    0.250   -0.854   -1.828
   -2.632   -3.236   -3.636   -3.806   -3.828   -3.773   -3.627
CT1835:100            6.179    6.127    5.975    5.796    5.602    5.424
    5.270    5.139    5.022    4.903    4.755    4.555    4.277    3.884
    3.360    2.705    1.915    1.013    0.048   -0.929   -1.860   -2.673
   -3.330   -3.805   -4.095   -4.176   -4.125   -4.006   -3.809
CT1835:095            5.722    5.582    5.314    5.007    4.666    4.323
    3.994    3.682    3.388    3.103    2.813    2.503    2.156    1.747
    1.263    0.698    0.048   -0.675   -1.436   -2.198   -2.917   -3.533
   -4.013   -4.337   -4.500   -4.480   -4.347   -4.155   -3.899
CT1835:090            5.346    5.092    4.684    4.224    3.712    3.180
    2.650    2.135    1.641    1.173    0.729    0.302   -0.114   -0.534
   -0.969   -1.429   -1.922   -2.446   -2.983   -3.512   -4.001   -4.405
   -4.701   -4.869   -4.907   -4.797   -4.594   -4.345   -4.051
CT1835:085            4.803    4.468    3.943    3.349    2.678    1.963
    1.238    0.523   -0.167   -0.809   -1.398   -1.929   -2.400   -2.815
   -3.186   -3.530   -3.857   -4.175   -4.485   -4.777   -5.036   -5.229
   -5.343   -5.362   -5.283   -5.091   -4.833   -4.543   -4.226
CT1835:080            4.425    3.978    3.316    2.572    1.732    0.828
   -0.095   -1.009   -1.887   -2.693   -3.410   -4.025   -4.532   -4.925
   -5.220   -5.442   -5.605   -5.726   -5.820   -5.892   -5.934   -5.933
   -5.878   -5.759   -5.574   -5.311   -5.004   -4.677   -4.339
CT1835:075            3.875    3.357    2.594    1.734    0.756   -0.307
   -1.398   -2.481   -3.516   -4.452   -5.264   -5.931   -6.445   -6.795
   -7.003   -7.101   -7.111   -7.056   -6.964   -6.849   -6.713   -6.554
   -6.368   -6.149   -5.896   -5.603   -5.291   -4.974   -4.670
CT1835:070            3.521    2.911    2.039    1.062   -0.047   -1.254
   -2.493   -3.719   -4.883   -5.918   -6.792   -7.481   -7.977   -8.264
   -8.377   -8.354   -8.222   -8.015   -7.767   -7.497   -7.216   -6.929
   -6.636   -6.335   -6.022   -5.698   -5.371   -5.047   -4.741
CT1835:065            3.083    2.414    1.472    0.417   -0.781   -2.088
   -3.429   -4.754   -6.001   -7.093   -7.993   -8.672   -9.125   -9.337
   -9.351   -9.215   -8.964   -8.636   -8.272   -7.894   -7.516   -7.150
   -6.798   -6.457   -6.128   -5.811   -5.508   -5.215   -4.950
CT1835:060            2.775    2.043    1.041   -0.073   -1.332   -2.702
   -4.106   -5.485   -6.775   -7.887   -8.779   -9.425   -9.819   -9.950
   -9.870   -9.636   -9.287   -8.869   -8.425   -7.977   -7.544   -7.137
   -6.757   -6.405   -6.078   -5.778   -5.498   -5.231   -4.985
CT1835:055            2.418    1.661    0.643   -0.484   -1.754   -3.132
   -4.541   -5.920   -7.201   -8.289   -9.143   -9.734  -10.059  -10.111
   -9.947   -9.633   -9.211   -8.734   -8.244   -7.765   -7.313   -6.901
   -6.527   -6.190   -5.887   -5.616   -5.364   -5.119   -4.878
CT1835:050            2.168    1.382    0.362   -0.756   -2.002   -3.345
   -4.712   -6.043   -7.271   -8.301   -9.093   -9.618   -9.876   -9.861
   -9.636   -9.270   -8.809   -8.310   -7.813   -7.343   -6.914   -6.538
   -6.211   -5.928   -5.684   -5.475   -5.281   -5.089   -4.883
CT1835:045            1.945    1.154    0.165   -0.907   -2.086   -3.344
   -4.615   -5.847   -6.975   -7.912   -8.619   -9.069   -9.263   -9.197
   -8.934   -8.542   -8.071   -7.577   -7.101   -6.665   -6.283   -5.965
   -5.701   -5.483   -5.303   -5.149   -4.996   -4.832   -4.617
CT1835:040            1.755    0.965    0.026   -0.975   -2.054   -3.185
   -4.318   -5.406   -6.397   -7.212   -7.818   -8.192   -8.332   -8.237
   -7.965   -7.580   -7.133   -6.678   -6.255   -5.887   -5.586   -5.359
   -5.192   -5.076   -4.996   -4.935   -4.863   -4.769   -4.597
CT1835:035            1.711    0.914    0.028   -0.892   -1.853   -2.831
   -3.796   -4.712   -5.538   -6.213   -6.709   -7.007   -7.105   -7.000
   -6.741   -6.388   -5.987   -5.592   -5.241   -4.955   -4.746   -4.621
   -4.559   -4.546   -4.563   -4.585   -4.575   -4.528   -4.361
CT1835:030            1.573    0.796   -0.010   -0.822   -1.637   -2.435
   -3.203   -3.920   -4.561   -5.080   -5.460   -5.684   -5.747   -5.646
   -5.419   -5.116   -4.779   -4.462   -4.198   -4.012   -3.912   -3.906
   -3.969   -4.080   -4.217   -4.344   -4.421   -4.448   -4.322
CT1835:025            1.539    0.770    0.037   -0.673   -1.345   -1.961
   -2.531   -3.048   -3.502   -3.867   -4.134   -4.289   -4.325   -4.234
   -4.046   -3.799   -3.532   -3.295   -3.121   -3.034   -3.045   -3.158
   -3.343   -3.574   -3.821   -4.040   -4.187   -4.266   -4.154
CT1835:020            1.439    0.692    0.038   -0.566   -1.093   -1.532
   -1.911   -2.234   -2.509   -2.728   -2.888   -2.977   -2.988   -2.909
   -2.757   -2.562   -2.360   -2.199   -2.112   -2.124   -2.246   -2.480
   -2.790   -3.144   -3.506   -3.822   -4.046   -4.187   -4.107
CT1835:015            1.257    0.543   -0.031   -0.533   -0.928   -1.207
   -1.414   -1.566   -1.683   -1.772   -1.835   -1.863   -1.846   -1.769
   -1.641   -1.485   -1.335   -1.238   -1.228   -1.331   -1.557   -1.907
   -2.337   -2.810   -3.283   -3.693   -3.993   -4.198   -4.157
CT1835:010            1.172    0.466   -0.056   -0.488   -0.787   -0.947
   -1.024   -1.046   -1.041   -1.026   -1.010   -0.984   -0.936   -0.849
   -0.727   -0.589   -0.469   -0.417   -0.466   -0.643   -0.957   -1.405
   -1.936   -2.506   -3.066   -3.545   -3.895   -4.139   -4.111
CT1835:005            0.894    0.219   -0.250   -0.618   -0.839   -0.908
   -0.890   -0.816   -0.720   -0.627   -0.545   -0.467   -0.380   -0.268
   -0.134    0.005    0.112    0.135    0.039   -0.201   -0.594   -1.132
   -1.759   -2.424   -3.073   -3.632   -4.053   -4.364   -4.401
CT1836:360            0.976    0.274   -0.205   -0.577   -0.789   -0.841
   -0.798   -0.695   -0.566   -0.437   -0.319   -0.205   -0.084    0.058
    0.216    0.368    0.475    0.482    0.354    0.067   -0.384   -0.989
   -1.684   -2.412   -3.118   -3.717   -4.167   -4.499   -4.542
