CT1834:360           -3.883   -5.862   -7.647   -9.299  -10.714  -11.753
  -12.442  -12.753  -12.688  -12.243  -11.522  -10.606   -9.583   -8.543
   -7.578   -6.744   -6.095   -5.667   -5.433   -5.374   -5.451   -5.615
   -5.790   -5.915   -5.939   -5.776   -5.421   -4.933   -4.165
CT1834:355           -3.939   -5.868   -7.619   -9.244  -10.642  -11.680
  -12.383  -12.726  -12.708  -12.323  -11.665  -10.805   -9.822   -8.793
   -7.808   -6.924   -6.200   -5.678   -5.346   -5.195   -5.196   -5.311
   -5.466   -5.603   -5.671   -5.589   -5.342   -4.980   -4.373
CT1834:350           -3.718   -5.620   -7.359   -8.980  -10.388  -11.456
  -12.208  -12.619  -12.685  -12.396  -11.834  -11.060  -10.142   -9.146
   -8.157   -7.234   -6.436   -5.813   -5.365   -5.092   -4.977   -4.993
   -5.071   -5.157   -5.201   -5.127   -4.910   -4.592   -4.047
CT1834:345           -3.658   -5.490   -7.187   -8.781  -10.184  -11.276
  -12.075  -12.557  -12.713  -12.529  -12.073  -11.400  -10.565   -9.624
   -8.654   -7.717   -6.867   -6.161   -5.609   -5.220   -4.988   -4.898
   -4.890   -4.919   -4.938   -4.881   -4.718   -4.476   -4.053
CT1834:340           -3.339   -5.122   -6.794   -8.374   -9.784  -10.910
  -11.765  -12.322  -12.573  -12.497  -12.154  -11.590  -10.853   -9.986
   -9.061   -8.135   -7.261   -6.491   -5.847   -5.345   -4.988   -4.773
   -4.653   -4.591   -4.544   -4.460   -4.299   -4.079   -3.713
CT1834:335           -2.899   -4.635   -6.280   -7.846   -9.258  -10.409
  -11.309  -11.931  -12.264  -12.285  -12.050  -11.595  -10.963  -10.187
   -9.330   -8.443   -7.573   -6.768   -6.056   -5.456   -4.982   -4.642
   -4.401   -4.232   -4.101   -3.963   -3.777   -3.548   -3.205
CT1834:330           -2.492   -4.153   -5.746   -7.272   -8.663   -9.815
  -10.736  -11.397  -11.789  -11.888  -11.745  -11.393  -10.868  -10.195
   -9.426   -8.606   -7.771   -6.964   -6.214   -5.547   -4.982   -4.538
   -4.195   -3.935   -3.733   -3.557   -3.365   -3.150   -2.860
CT1834:325           -1.637   -3.285   -4.866   -6.383   -7.771   -8.932
   -9.872  -10.568  -11.010  -11.178  -11.121  -10.868  -10.451   -9.889
   -9.223   -8.488   -7.711   -6.926   -6.164   -5.452   -4.815   -4.279
   -3.838   -3.484   -3.199   -2.962   -2.728   -2.486   -2.194
CT1834:320           -1.143   -2.687   -4.185   -5.627   -6.954   -8.073
   -8.987   -9.675  -10.130  -10.336  -10.339  -10.167   -9.847   -9.391
   -8.830   -8.191   -7.489   -6.751   -6.007   -5.285   -4.613   -4.025
   -3.526   -3.116   -2.785   -2.526   -2.295   -2.073   -1.840
CT1834:315           -0.307   -1.795   -3.237   -4.625   -5.903   -6.983
   -7.870   -8.545   -9.005   -9.241   -9.296   -9.197   -8.967   -8.613
   -8.158   -7.619   -7.003   -6.330   -5.628   -4.925   -4.252   -3.644
   -3.116   -2.678   -2.324   -2.060   -1.845   -1.655   -1.490
CT1834:310            0.269   -1.089   -2.416   -3.699   -4.883   -5.885
   -6.710   -7.343   -7.783   -8.024   -8.108   -8.060   -7.900   -7.631
   -7.267   -6.820   -6.290   -5.690   -5.047   -4.387   -3.738   -3.140
   -2.612   -2.169   -1.814   -1.559   -1.370   -1.219   -1.120
CT1834:305            0.996   -0.247   -1.468   -2.649   -3.740   -4.664
   -5.426   -6.013   -6.428   -6.667   -6.772   -6.763   -6.659   -6.460
   -6.176   -5.812   -5.368   -4.850   -4.283   -3.688   -3.095   -2.540
   -2.048   -1.636   -1.313   -1.101   -0.971   -0.890   -0.894
CT1834:300            1.639    0.545   -0.541   -1.594   -2.572   -3.401
   -4.086   -4.617   -4.996   -5.223   -5.334   -5.348   -5.281   -5.131
   -4.907   -4.612   -4.242   -3.803   -3.315   -2.796   -2.273   -1.779
   -1.338   -0.973   -0.693   -0.527   -0.452   -0.433   -0.515
CT1834:295            2.403    1.447    0.489   -0.444   -1.314   -2.054
   -2.668   -3.147   -3.493   -3.707   -3.819   -3.848   -3.805   -3.691
   -3.511   -3.269   -2.964   -2.599   -2.191   -1.756   -1.314   -0.897
   -0.527   -0.225   -0.006    0.101    0.114    0.067   -0.090
CT1834:290            3.091    2.297    1.484    0.687   -0.064   -0.709
   -1.248   -1.674   -1.986   -2.184   -2.294   -2.329   -2.299   -2.206
   -2.055   -1.853   -1.599   -1.300   -0.968   -0.617   -0.265    0.064
    0.347    0.565    0.704    0.732    0.665    0.537    0.292
CT1834:285            3.878    3.236    2.558    1.886    1.245    0.685
    0.210   -0.172   -0.460   -0.649   -0.759   -0.800   -0.780   -0.699
   -0.566   -0.391   -0.176    0.070    0.334    0.606    0.870    1.105
    1.294    1.420    1.469    1.410    1.258    1.045    0.716
CT1834:280            4.585    4.110    3.579    3.041    2.515    2.040
    1.627    1.286    1.019    0.835    0.722    0.674    0.687    0.760
    0.883    1.043    1.231    1.436    1.645    1.845    2.024    2.165
    2.254    2.277    2.225    2.067    1.819    1.510    1.088
CT1834:275            5.281    4.973    4.587    4.182    3.765    3.372
    3.014    2.705    2.450    2.263    2.138    2.078    2.079    2.144
    2.260    2.411    2.582    2.756    2.917    3.053    3.151    3.195
    3.177    3.087    2.917    2.639    2.270    1.840    1.292
CT1834:270            5.979    5.834    5.589    5.311    5.000    4.681
    4.373    4.088    3.839    3.641    3.499    3.419    3.405    3.460
    3.570    3.716    3.879    4.034    4.162    4.248    4.280    4.239
    4.125    3.931    3.655    3.271    2.800    2.271    1.634
CT1834:265            6.455    6.505    6.422    6.290    6.097    5.861
    5.609    5.354    5.111    4.901    4.740    4.638    4.605    4.646
    4.748    4.889    5.045    5.185    5.285    5.326    5.293    5.168
    4.953    4.648    4.252    3.744    3.149    2.495    1.733
CT1834:260            7.114    7.315    7.362    7.345    7.247    7.077
    6.865    6.627    6.382    6.153    5.964    5.833    5.773    5.795
    5.885    6.018    6.168    6.296    6.375    6.380    6.294    6.097
    5.798    5.397    4.901    4.293    3.602    2.858    2.017
CT1834:255            7.504    7.891    8.091    8.211    8.224    8.132
    7.974    7.764    7.526    7.286    7.077    6.921    6.836    6.838
    6.913    7.036    7.176    7.290    7.345    7.313    7.175    6.907
    6.522    6.027    5.431    4.723    3.937    3.103    2.181
CT1834:250            8.089    8.609    8.920    9.139    9.234    9.201
    9.080    8.890    8.654    8.403    8.173    7.994    7.885    7.864
    7.921    8.027    8.150    8.242    8.267    8.193    7.999    7.661
    7.195    6.612    5.927    5.133    4.270    3.363    2.382
CT1834:245            8.569    9.221    9.641    9.957   10.130   10.154
   10.074    9.909    9.684    9.432    9.195    9.003    8.879    8.844
    8.884    8.971    9.070    9.131    9.116    8.990    8.733    8.320
    7.775    7.110    6.345    5.480    4.556    3.596    2.580
CT1834:240            9.054    9.812   10.317   10.709   10.944   11.013
   10.966   10.823   10.613   10.369   10.135    9.944    9.817    9.774
    9.800    9.866    9.933    9.950    9.878    9.686    9.351    8.855
    8.224    7.477    6.635    5.706    4.730    3.726    2.679
CT1834:235            9.424   10.285   10.870   11.329   11.618   11.724
   11.707   11.588   11.398   11.173   10.957   10.781   10.667   10.629
   10.648   10.694   10.726   10.689   10.550   10.279    9.859    9.277
    8.564    7.745    6.845    5.879    4.881    3.866    2.828
CT1834:230            9.791   10.728   11.365   11.868   12.186   12.312
   12.309   12.204   12.028   11.823   11.631   11.480   11.388   11.361
   11.377   11.402   11.391   11.291   11.071   10.708   10.192    9.517
    8.721    7.833    6.882    5.885    4.872    3.850    2.815
CT1834:225            9.920   10.953   11.652   12.203   12.551   12.692
   12.700   12.604   12.444   12.262   12.099   11.981   11.919   11.912
   11.931   11.939   11.887   11.724   11.426   10.977   10.375    9.626
    8.775    7.855    6.899    5.928    4.965    4.007    3.062
CT1834:220           10.160   11.235   11.951   12.508   12.848   12.970
   12.958   12.846   12.677   12.498   12.349   12.251   12.208   12.211
   12.224   12.204   12.103   11.869   11.488   10.950   10.264    9.446
    8.546    7.601    6.642    5.692    4.763    3.844    2.938
CT1834:215           10.562   11.627   12.316   12.838   13.132   13.202
   13.138   12.979   12.775   12.575   12.418   12.319   12.278   12.277
   12.274   12.223   12.074   11.779   11.334   10.737   10.006    9.167
    8.277    7.374    6.486    5.643    4.841    4.065    3.325
CT1834:210           10.673   11.750   12.423   12.917   13.168   13.182
   13.057   12.839   12.582   12.340   12.150   12.026   11.961   11.933
   11.893   11.794   11.587   11.230   10.726   10.080    9.319    8.478
    7.612    6.757    5.938    5.179    4.466    3.775    3.108
CT1834:205           11.115   12.118   12.710   13.118   13.276   13.191
   12.966   12.651   12.301   11.976   11.714   11.525   11.401   11.313
   11.212   11.052   10.784   10.374    9.832    9.171    8.422    7.626
    6.835    6.080    5.380    4.754    4.175    3.617    3.071
CT1834:200           11.117   12.107   12.661   13.020   13.112   12.947
   12.631   12.219   11.770   11.346   10.988   10.708   10.496   10.326
   10.147    9.915    9.586    9.135    8.574    7.923    7.216    6.497
    5.809    5.179    4.616    4.129    3.681    3.244    2.794
CT1834:195           10.854   11.859   12.395   12.723   12.765   12.529
   12.129   11.619   11.061   10.522   10.044    9.646    9.321    9.045
    8.771    8.459    8.071    7.587    7.022    6.398    5.752    5.127
    4.555    4.053    3.622    3.257    2.908    2.553    2.135
CT1834:190           10.759   11.733   12.224   12.497   12.473   12.156
   11.661   11.043   10.365    9.692    9.076    8.538    8.078    7.680
    7.305    6.913    6.475    5.976    5.432    4.864    4.309    3.807
    3.381    3.039    2.772    2.565    2.361    2.139    1.823
CT1834:185           10.364   11.345   11.822   12.072   12.011   11.641
   11.076   10.371    9.585    8.787    8.033    7.353    6.755    6.233
    5.755    5.288    4.807    4.302    3.783    3.275    2.807    2.419
    2.123    1.917    1.786    1.702    1.599    1.462    1.189
CT1834:180           10.170   11.112   11.546   11.753   11.648   11.225
   10.597    9.813    8.932    8.019    7.135    6.319    5.588    4.948
    4.376    3.843    3.330    2.829    2.346    1.901    1.521    1.243
    1.071    0.997    1.001    1.048    1.067    1.043    0.862
CT1834:175           10.170   11.021   11.386   11.530   11.372   10.902
   10.225    9.381    8.427    7.420    6.430    5.499    4.653    3.910
    3.256    2.667    2.127    1.630    1.175    0.780    0.468    0.273
    0.195    0.222    0.332    0.484    0.606    0.681    0.590
CT1834:170            9.887   10.693   11.028   11.150   10.980   10.506
    9.825    8.970    7.992    6.942    5.891    4.887    3.963    3.145
    2.430    1.796    1.234    0.735    0.295   -0.073   -0.348   -0.497
   -0.524   -0.438   -0.266   -0.045    0.146    0.292    0.270
CT1834:165            9.948   10.634   10.893   10.958   10.758   10.278
    9.603    8.760    7.788    6.732    5.660    4.621    3.652    2.785
    2.025    1.355    0.768    0.257   -0.187   -0.553   -0.820   -0.957
   -0.967   -0.857   -0.652   -0.385   -0.134    0.078    0.140
CT1834:160            9.589   10.225   10.464   10.527   10.347    9.912
    9.296    8.518    7.610    6.608    5.573    4.552    3.583    2.702
    1.918    1.221    0.606    0.068   -0.402   -0.794   -1.090   -1.256
   -1.294   -1.207   -1.018   -0.752   -0.490   -0.256   -0.153
CT1834:155            9.582   10.094   10.266   10.286   10.102    9.701
    9.145    8.445    7.624    6.706    5.744    4.777    3.842    2.971
    2.179    1.461    0.816    0.242   -0.268   -0.704   -1.047   -1.262
   -1.346   -1.301   -1.142   -0.885   -0.608   -0.342   -0.168
CT1834:150            9.160    9.615    9.770    9.795    9.646    9.317
    8.856    8.271    7.576    6.784    5.935    5.063    4.197    3.365
    2.584    1.856    1.181    0.563   -0.001   -0.499   -0.911   -1.202
   -1.366   -1.398   -1.309   -1.106   -0.863   -0.616   -0.426
CT1834:145            9.008    9.346    9.441    9.433    9.292    9.014
    8.635    8.159    7.590    6.932    6.213    5.454    4.678    3.905
    3.153    2.427    1.731    1.073    0.456   -0.105   -0.589   -0.958
   -1.202   -1.312   -1.293   -1.140   -0.920   -0.676   -0.441
CT1834:140            8.538    8.807    8.876    8.864    8.750    8.537
    8.251    7.892    7.459    6.947    6.371    5.744    5.079    4.388
    3.685    2.978    2.275    1.585    0.919    0.294   -0.266   -0.722
   -1.060   -1.265   -1.338   -1.262   -1.098   -0.894   -0.660
CT1834:135            8.122    8.299    8.321    8.285    8.178    8.010
    7.797    7.537    7.224    6.848    6.412    5.920    5.376    4.781
    4.147    3.481    2.788    2.081    1.376    0.693    0.060   -0.483
   -0.916   -1.219   -1.389   -1.399   -1.306   -1.158   -0.948
CT1834:130            7.613    7.705    7.681    7.616    7.509    7.373
    7.217    7.038    6.829    6.574    6.271    5.913    5.498    5.017
    4.472    3.871    3.213    2.511    1.785    1.061    0.368   -0.249
   -0.764   -1.153   -1.405   -1.488   -1.449   -1.342   -1.137
CT1834:125            7.062    7.064    6.983    6.877    6.753    6.628
    6.505    6.382    6.251    6.097    5.910    5.678    5.391    5.031
    4.592    4.074    3.472    2.793    2.065    1.313    0.572   -0.109
   -0.698   -1.165   -1.497   -1.652   -1.675   -1.621   -1.446
CT1834:120            6.520    6.419    6.264    6.099    5.936    5.796
    5.679    5.582    5.500    5.419    5.326    5.205    5.039    4.802
    4.478    4.059    3.533    2.901    2.194    1.440    0.677   -0.042
   -0.677   -1.194   -1.575   -1.774   -1.830   -1.799   -1.623
CT1834:115            5.898    5.699    5.466    5.234    5.018    4.844
    4.709    4.612    4.550    4.515    4.489    4.456    4.394    4.272
    4.063    3.751    3.316    2.753    2.092    1.363    0.608   -0.118
   -0.769   -1.308   -1.713   -1.935   -2.009   -1.991   -1.810
CT1834:110            5.336    5.015    4.679    4.353    4.057    3.818
    3.632    3.502    3.424    3.397    3.404    3.427    3.442    3.415
    3.310    3.104    2.770    2.296    1.710    1.042    0.332   -0.362
   -0.991   -1.517   -1.914   -2.133   -2.203   -2.179   -1.984
CT1834:105            4.635    4.210    3.777    3.356    2.971    2.653
    2.396    2.206    2.083    2.032    2.037    2.081    2.142    2.184
    2.168    2.063    1.838    1.473    0.994    0.425   -0.195   -0.813
   -1.378   -1.852   -2.210   -2.402   -2.452   -2.411   -2.199
CT1834:100            4.066    3.506    2.943    2.397    1.891    1.457
    1.094    0.806    0.599    0.482    0.444    0.469    0.538    0.620
    0.672    0.660    0.549    0.316   -0.025   -0.454   -0.938   -1.432
   -1.889   -2.270   -2.553   -2.689   -2.695   -2.617   -2.373
CT1834:095            3.451    2.759    2.064    1.383    0.742    0.175
   -0.319   -0.732   -1.054   -1.269   -1.385   -1.410   -1.363   -1.266
   -1.161   -1.086   -1.076   -1.160   -1.333   -1.586   -1.894   -2.223
   -2.531   -2.786   -2.964   -3.022   -2.969   -2.840   -2.559
CT1834:090            2.896    2.060    1.216    0.385   -0.411   -1.135
   -1.787   -2.353   -2.818   -3.160   -3.380   -3.483   -3.478   -3.382
   -3.233   -3.073   -2.936   -2.855   -2.840   -2.889   -2.992   -3.126
   -3.258   -3.361   -3.413   -3.376   -3.249   -3.058   -2.732
CT1834:085            2.391    1.404    0.402   -0.593   -1.559   -2.459
   -3.288   -4.028   -4.658   -5.144   -5.484   -5.674   -5.720   -5.628
   -5.436   -5.187   -4.918   -4.666   -4.452   -4.289   -4.176   -4.105
   -4.051   -3.995   -3.915   -3.780   -3.579   -3.330   -2.969
CT1834:080            1.873    0.746   -0.410   -1.566   -2.703   -3.786
   -4.800   -5.721   -6.521   -7.155   -7.613   -7.885   -7.973   -7.873
   -7.627   -7.281   -6.874   -6.448   -6.039   -5.666   -5.340   -5.065
   -4.827   -4.608   -4.391   -4.149   -3.863   -3.542   -3.131
CT1834:075            1.374    0.115   -1.190   -2.502   -3.810   -5.074
   -6.272   -7.374   -8.340   -9.113   -9.675  -10.012  -10.121   -9.995
   -9.681   -9.231   -8.687   -8.099   -7.512   -6.952   -6.440   -5.990
   -5.591   -5.233   -4.899   -4.568   -4.217   -3.844   -3.407
CT1834:070            0.920   -0.464   -1.909   -3.368   -4.836   -6.271
   -7.643   -8.910  -10.025  -10.914  -11.555  -11.928  -12.032  -11.857
  -11.458  -10.898  -10.223   -9.489   -8.749   -8.034   -7.369   -6.773
   -6.239   -5.758   -5.317   -4.898   -4.472   -4.034   -3.548
CT1834:065            0.431   -1.049   -2.606   -4.187   -5.789   -7.368
   -8.883  -10.285  -11.516  -12.487  -13.171  -13.547  -13.617  -13.373
  -12.880  -12.212  -11.421  -10.570   -9.715   -8.889   -8.117   -7.420
   -6.792   -6.225   -5.706   -5.220   -4.739   -4.251   -3.730
CT1834:060            0.065   -1.511   -3.171   -4.859   -6.574   -8.268
   -9.895  -11.396  -12.702  -13.715  -14.406  -14.754  -14.766  -14.441
  -13.856  -13.093  -12.212  -11.281  -10.354   -9.465   -8.634   -7.882
   -7.198   -6.576   -6.003   -5.465   -4.934   -4.400   -3.839
CT1834:055           -0.398   -2.023   -3.739   -5.487   -7.265   -9.022
  -10.704  -12.246  -13.572  -14.576  -15.230  -15.518  -15.453  -15.043
  -14.376  -13.543  -12.607  -11.640  -10.691   -9.790   -8.953   -8.194
   -7.501   -6.865   -6.272   -5.712   -5.158   -4.602   -4.023
CT1834:050           -0.657   -2.341   -4.105   -5.896   -7.710   -9.490
  -11.181  -12.713  -14.009  -14.959  -15.542  -15.749  -15.600  -15.113
  -14.387  -13.515  -12.566  -11.608  -10.686   -9.820   -9.021   -8.296
   -7.627   -7.004   -6.414   -5.844   -5.272   -4.695   -4.091
CT1834:045           -1.020   -2.711   -4.471   -6.249   -8.040   -9.779
  -11.412  -12.869  -14.074  -14.921  -15.396  -15.501  -15.264  -14.715
  -13.957  -13.083  -12.162  -11.260  -10.409   -9.624   -8.908   -8.258
   -7.653   -7.080   -6.525   -5.974   -5.413   -4.841   -4.237
CT1834:040           -1.171   -2.878   -4.625   -6.376   -8.115   -9.773
  -11.304  -12.639  -13.709  -14.418  -14.766  -14.762  -14.445  -13.854
  -13.093  -12.252  -11.398  -10.588   -9.846   -9.175   -8.573   -8.026
   -7.511   -7.009   -6.507   -5.986   -5.441   -4.875   -4.262
CT1834:035           -1.348   -3.037   -4.732   -6.413   -8.054   -9.582
  -10.959  -12.125  -13.021  -13.564  -13.769  -13.654  -13.267  -12.654
  -11.915  -11.135  -10.375   -9.685   -9.075   -8.545   -8.082   -7.665
   -7.265   -6.861   -6.437   -5.971   -5.462   -4.923   -4.322
CT1834:030           -1.396   -3.066   -4.697   -6.291   -7.812   -9.183
  -10.380  -11.353  -12.056  -12.425  -12.487  -12.271  -11.828  -11.211
  -10.514   -9.810   -9.157   -8.596   -8.130   -7.750   -7.437   -7.164
   -6.893   -6.601   -6.268   -5.867   -5.403   -4.895   -4.303
CT1834:025           -1.428   -3.058   -4.605   -6.091   -7.470   -8.663
   -9.663  -10.432  -10.938  -11.137  -11.068  -10.767  -10.285   -9.677
   -9.030   -8.407   -7.859   -7.425   -7.099   -6.868   -6.709   -6.587
   -6.460   -6.296   -6.075   -5.761   -5.363   -4.911   -4.352
CT1834:020           -1.391   -2.977   -4.432   -5.804   -7.036   -8.049
   -8.856   -9.429   -9.754   -9.804   -9.626   -9.259   -8.753   -8.163
   -7.564   -7.011   -6.553   -6.225   -6.019   -5.921   -5.902   -5.925
   -5.937   -5.903   -5.794   -5.566   -5.232   -4.829   -4.295
CT1834:015           -1.370   -2.895   -4.249   -5.501   -6.585   -7.426
   -8.054   -8.453   -8.623   -8.553   -8.293   -7.882   -7.367   -6.797
   -6.237   -5.738   -5.346   -5.099   -4.988   -5.000   -5.106   -5.264
   -5.414   -5.511   -5.522   -5.394   -5.141   -4.806   -4.319
CT1834:010           -1.275   -2.743   -4.005   -5.150   -6.103   -6.799
   -7.279   -7.541   -7.594   -7.440   -7.128   -6.696   -6.182   -5.630
   -5.098   -4.631   -4.277   -4.079   -4.031   -4.123   -4.327   -4.596
   -4.862   -5.075   -5.192   -5.152   -4.968   -4.691   -4.236
CT1834:005           -1.295   -2.679   -3.838   -4.871   -5.702   -6.272
   -6.632   -6.789   -6.760   -6.552   -6.213   -5.774   -5.267   -4.728
   -4.210   -3.755   -3.416   -3.239   -3.224   -3.366   -3.638   -3.992
   -4.353   -4.661   -4.871   -4.909   -4.789   -4.565   -4.142
CT1835:360           -1.163   -2.491   -3.579   -4.535   -5.283   -5.770
   -6.058   -6.156   -6.086   -5.861   -5.521   -5.091   -4.599   -4.073
   -3.561   -3.108   -2.768   -2.593   -2.589   -2.756   -3.068   -3.477
   -3.905   -4.285   -4.567   -4.672   -4.608   -4.434   -4.048
