CT1822:360           -2.456   -2.947   -3.855   -4.953   -6.317   -7.892
   -9.515  -11.054  -12.362  -13.250  -13.649  -13.523  -12.890  -11.776
  -10.330   -8.707   -7.029   -5.428   -3.973   -2.702   -1.623   -0.731
    0.034    0.715    1.348    1.961    2.572    3.180    3.776
CT1822:355           -1.717   -2.013   -2.763   -3.726   -4.990   -6.513
   -8.119   -9.676  -11.030  -11.982  -12.452  -12.397  -11.831  -10.772
   -9.372   -7.785   -6.138   -4.565   -3.141   -1.908   -0.877   -0.048
    0.638    1.223    1.744    2.225    2.688    3.137    3.553
CT1822:350           -0.866   -0.958   -1.527   -2.324   -3.451   -4.878
   -6.425   -7.961   -9.330  -10.332  -10.875  -10.910  -10.441   -9.482
   -8.175   -6.672   -5.096   -3.581   -2.205   -1.014   -0.024    0.759
    1.393    1.917    2.366    2.764    3.140    3.501    3.830
CT1822:345           -0.114    0.029   -0.319   -0.906   -1.844   -3.120
   -4.555   -6.022   -7.368   -8.396   -9.009   -9.145   -8.803   -7.985
   -6.822   -5.456   -4.002   -2.592   -1.304   -0.189    0.730    1.441
    1.992    2.417    2.750    3.006    3.219    3.401    3.523
CT1822:340            0.756    1.129    1.013    0.653   -0.070   -1.160
   -2.442   -3.800   -5.086   -6.117   -6.785   -7.025   -6.824   -6.174
   -5.189   -3.995   -2.697   -1.415   -0.232    0.799    1.650    2.299
    2.788    3.145    3.401    3.570    3.689    3.777    3.807
CT1822:335            1.381    2.033    2.194    2.107    1.647    0.794
   -0.286   -1.486   -2.670   -3.668   -4.370   -4.704   -4.648   -4.182
   -3.398   -2.406   -1.295   -0.174    0.873    1.794    2.551    3.115
    3.517    3.780    3.930    3.977    3.962    3.908    3.786
CT1822:330            2.206    3.092    3.504    3.671    3.466    2.853
    1.988    0.964   -0.098   -1.044   -1.763   -2.181   -2.266   -1.988
   -1.416   -0.639    0.269    1.213    2.112    2.909    3.564    4.041
    4.358    4.533    4.591    4.538    4.420    4.264    4.048
CT1822:325            2.766    3.923    4.613    5.059    5.131    4.780
    4.153    3.329    2.417    1.549    0.839    0.360    0.152    0.255
    0.623    1.188    1.891    2.652    3.394    4.059    4.603    4.981
    5.204    5.284    5.242    5.084    4.861    4.602    4.295
CT1822:320            3.481    4.850    5.769    6.451    6.765    6.649
    6.241    5.606    4.839    4.054    3.362    2.837    2.524    2.470
    2.651    3.016    3.523    4.106    4.691    5.220    5.647    5.919
    6.041    6.019    5.872    5.605    5.273    4.909    4.512
CT1822:315            4.092    5.657    6.787    7.683    8.214    8.310
    8.100    7.639    7.011    6.312    5.650    5.097    4.705    4.523
    4.546    4.740    5.076    5.500    5.941    6.344    6.656    6.825
    6.845    6.720    6.467    6.091    5.655    5.191    4.711
CT1822:310            4.645    6.378    7.684    8.759    9.469    9.740
    9.692    9.376    8.866    8.244    7.615    7.051    6.604    6.329
    6.231    6.291    6.490    6.782    7.102    7.393    7.602    7.672
    7.593    7.366    7.008    6.525    5.986    5.424    4.866
CT1822:305            5.359    7.180    8.591    9.775   10.599   10.981
   11.041   10.821   10.392    9.826    9.225    8.658    8.179    7.843
    7.665    7.633    7.734    7.930    8.157    8.359    8.482    8.465
    8.299    7.981    7.530    6.957    6.335    5.700    5.093
CT1822:300            5.722    7.653    9.170   10.456   11.377   11.847
   11.988   11.840   11.472   10.952   10.380    9.826    9.342    8.983
    8.768    8.688    8.734    8.868    9.030    9.163    9.213    9.118
    8.867    8.461    7.918    7.253    6.546    5.831    5.167
CT1822:295            6.380    8.316    9.849   11.154   12.095   12.586
   12.747   12.620   12.271   11.771   11.218   10.678   10.206    9.851
    9.633    9.543    9.571    9.678    9.804    9.893    9.891    9.738
    9.424    8.953    8.348    7.630    6.884    6.144    5.491
CT1822:290            6.545    8.531   10.103   11.442   12.408   12.918
   13.095   12.982   12.650   12.169   11.640   11.128   10.685   10.361
   10.170   10.099   10.135   10.236   10.340   10.394   10.343   10.129
    9.748    9.207    8.531    7.747    6.944    6.156    5.474
CT1822:285            6.860    8.823   10.373   11.690   12.635   13.126
   13.287   13.165   12.831   12.358   11.847   11.363   10.956   10.672
   10.521   10.485   10.544   10.652   10.747   10.775   10.684   10.419
    9.983    9.387    8.661    7.836    7.005    6.198    5.524
CT1822:280            6.833    8.793   10.332   11.638   12.570   13.050
   13.206   13.085   12.759   12.304   11.818   11.368   11.002   10.763
   10.656   10.658   10.743   10.860   10.946   10.949   10.819   10.505
   10.018    9.373    8.604    7.747    6.897    6.080    5.413
CT1822:275            6.726    8.658   10.167   11.445   12.355   12.825
   12.979   12.866   12.556   12.125   11.668   11.251   10.920   10.718
   10.645   10.675   10.777   10.894   10.965   10.938   10.766   10.404
    9.868    9.179    8.373    7.492    6.628    5.803    5.137
CT1822:270            6.523    8.408    9.876   11.119   12.007   12.473
   12.639   12.549   12.270   11.874   11.451   11.066   10.764   10.585
   10.529   10.570   10.673   10.779   10.828   10.768   10.558   10.157
    9.587    8.874    8.058    7.186    6.345    5.551    4.932
CT1822:265            6.225    8.045    9.462   10.664   11.531   12.003
   12.193   12.143   11.911   11.561   11.178   10.822   10.538   10.366
   10.308   10.337   10.419   10.496   10.509   10.408   10.155    9.715
    9.116    8.388    7.572    6.720    5.913    5.160    4.587
CT1822:260            5.867    7.605    8.960   10.115   10.961   11.446
   11.672   11.674   11.502   11.208   10.869   10.542   10.269   10.090
   10.009   10.007   10.049   10.080   10.045    9.898    9.604    9.134
    8.522    7.799    7.009    6.209    5.470    4.793    4.302
CT1822:255            5.907    7.454    8.671    9.715   10.492   10.958
   11.198   11.237   11.115   10.870   10.569   10.261    9.987    9.787
    9.668    9.615    9.600    9.572    9.480    9.282    8.951    8.465
    7.860    7.172    6.444    5.738    5.115    4.565    4.215
CT1822:250            5.420    6.853    7.988    8.969    9.717   10.194
   10.473   10.570   10.515   10.332   10.079    9.798    9.528    9.305
    9.143    9.032    8.948    8.849    8.690    8.436    8.065    7.565
    6.973    6.325    5.666    5.057    4.545    4.112    3.876
CT1822:245            5.644    6.802    7.734    8.547    9.181    9.603
    9.864    9.974    9.948    9.799    9.573    9.304    9.026    8.773
    8.562    8.387    8.232    8.061    7.840    7.541    7.151    6.667
    6.128    5.572    5.039    4.597    4.275    4.045    4.027
CT1822:240            5.063    6.082    6.905    7.630    8.207    8.610
    8.879    9.016    9.030    8.922    8.729    8.478    8.200    7.922
    7.664    7.428    7.201    6.959    6.677    6.336    5.931    5.469
    4.986    4.521    4.108    3.809    3.640    3.560    3.674
CT1822:235            4.712    5.525    6.187    6.773    7.248    7.591
    7.827    7.955    7.975    7.881    7.699    7.452    7.163    6.856
    6.552    6.258    5.968    5.668    5.343    4.986    4.597    4.194
    3.810    3.478    3.228    3.118    3.143    3.258    3.554
CT1822:230            4.073    4.725    5.251    5.716    6.095    6.372
    6.564    6.666    6.674    6.577    6.393    6.137    5.831    5.493
    5.145    4.798    4.454    4.111    3.765    3.415    3.070    2.755
    2.495    2.316    2.241    2.317    2.521    2.807    3.237
CT1822:225            3.264    3.771    4.165    4.509    4.785    4.982
    5.113    5.169    5.144    5.025    4.822    4.547    4.215    3.842
    3.452    3.061    2.677    2.312    1.970    1.658    1.391    1.196
    1.088    1.084    1.195    1.456    1.828    2.265    2.798
CT1822:220            2.596    2.927    3.162    3.357    3.502    3.591
    3.631    3.613    3.531    3.367    3.128    2.822    2.458    2.051
    1.625    1.201    0.798    0.437    0.130   -0.107   -0.259   -0.297
   -0.219   -0.020    0.301    0.762    1.314    1.912    2.561
CT1822:215            1.791    1.964    2.048    2.099    2.112    2.086
    2.028    1.929    1.781    1.569    1.293    0.957    0.568    0.137
   -0.310   -0.748   -1.151   -1.485   -1.732   -1.874   -1.892   -1.763
   -1.498   -1.103   -0.593    0.035    0.724    1.434    2.134
CT1822:210            1.122    1.117    1.032    0.921    0.785    0.631
    0.462    0.273    0.056   -0.203   -0.509   -0.861   -1.257   -1.688
   -2.129   -2.552   -2.923   -3.200   -3.363   -3.386   -3.255   -2.948
   -2.492   -1.903   -1.205   -0.413    0.412    1.240    2.014
CT1822:205            0.636    0.421    0.143   -0.151   -0.453   -0.749
   -1.036   -1.318   -1.600   -1.894   -2.210   -2.553   -2.925   -3.321
   -3.718   -4.090   -4.398   -4.596   -4.659   -4.562   -4.291   -3.828
   -3.210   -2.464   -1.622   -0.711    0.207    1.107    1.913
CT1822:200           -0.004   -0.387   -0.825   -1.274   -1.718   -2.133
   -2.516   -2.866   -3.184   -3.480   -3.767   -4.057   -4.356   -4.665
   -4.967   -5.241   -5.447   -5.539   -5.491   -5.278   -4.885   -4.300
   -3.564   -2.710   -1.775   -0.792    0.177    1.115    1.933
CT1822:195           -0.156   -0.782   -1.432   -2.077   -2.693   -3.245
   -3.731   -4.146   -4.490   -4.764   -4.992   -5.188   -5.368   -5.538
   -5.694   -5.821   -5.886   -5.847   -5.679   -5.356   -4.864   -4.192
   -3.381   -2.462   -1.472   -0.446    0.561    1.537    2.398
CT1822:190           -0.725   -1.494   -2.279   -3.049   -3.776   -4.411
   -4.951   -5.383   -5.703   -5.907   -6.022   -6.071   -6.077   -6.054
   -6.012   -5.946   -5.836   -5.649   -5.363   -4.954   -4.408   -3.716
   -2.910   -2.016   -1.067   -0.095    0.853    1.768    2.570
CT1822:185           -1.043   -1.972   -2.895   -3.791   -4.623   -5.329
   -5.904   -6.331   -6.601   -6.703   -6.672   -6.537   -6.328   -6.070
   -5.789   -5.494   -5.179   -4.825   -4.414   -3.928   -3.353   -2.677
   -1.919   -1.096   -0.230    0.659    1.535    2.389    3.165
CT1822:180           -1.499   -2.536   -3.550   -4.526   -5.419   -6.152
   -6.722   -7.103   -7.285   -7.249   -7.039   -6.690   -6.240   -5.722
   -5.180   -4.637   -4.102   -3.578   -3.051   -2.510   -1.941   -1.333
   -0.688   -0.009    0.695    1.415    2.130    2.834    3.488
CT1822:175           -2.073   -3.162   -4.216   -5.222   -6.129   -6.846
   -7.368   -7.666   -7.725   -7.524   -7.113   -6.534   -5.831   -5.048
   -4.240   -3.446   -2.692   -1.999   -1.363   -0.779   -0.238    0.271
    0.764    1.252    1.742    2.239    2.740    3.238    3.718
CT1822:170           -2.398   -3.552   -4.643   -5.673   -6.579   -7.260
   -7.714   -7.910   -7.832   -7.457   -6.844   -6.038   -5.093   -4.058
   -3.001   -1.970   -1.009   -0.155    0.586    1.209    1.719    2.123
    2.455    2.741    3.004    3.268    3.547    3.838    4.154
CT1822:165           -3.039   -4.163   -5.213   -6.191   -7.030   -7.619
   -7.957   -8.011   -7.767   -7.204   -6.387   -5.366   -4.199   -2.939
   -1.662   -0.424    0.719    1.713    2.544    3.196    3.667    3.957
    4.116    4.182    4.192    4.186    4.200    4.233    4.321
CT1822:160           -3.233   -4.378   -5.412   -6.358   -7.137   -7.634
   -7.855   -7.770   -7.369   -6.634   -5.638   -4.435   -3.085   -1.645
   -0.192    1.212    2.505    3.618    4.530    5.214    5.660    5.859
    5.872    5.747    5.537    5.294    5.079    4.895    4.805
CT1822:155           -3.725   -4.802   -5.748   -6.595   -7.257   -7.615
   -7.684   -7.436   -6.867   -5.965   -4.808   -3.453   -1.959   -0.382
    1.199    2.726    4.130    5.336    6.313    7.024    7.451    7.572
    7.457    7.160    6.743    6.271    5.826    5.417    5.128
CT1822:150           -3.804   -4.866   -5.757   -6.529   -7.092   -7.326
   -7.257   -6.864   -6.152   -5.117   -3.840   -2.379   -0.794    0.865
    2.524    4.126    5.603    6.875    7.904    8.643    9.064    9.136
    8.930    8.503    7.927    7.270    6.638    6.045    5.596
CT1822:145           -3.862   -4.890   -5.709   -6.393   -6.845   -6.950
   -6.746   -6.220   -5.385   -4.245   -2.885   -1.363    0.269    1.962
    3.652    5.287    6.802    8.114    9.179    9.943   10.370   10.415
   10.149    9.629    8.930    8.122    7.328    6.571    5.967
CT1822:140           -3.544   -4.559   -5.332   -5.957   -6.332   -6.348
   -6.052   -5.440   -4.533   -3.344   -1.959   -0.431    1.189    2.862
    4.531    6.152    7.663    8.980   10.056   10.829   11.255   11.279
   10.967   10.375    9.575    8.639    7.702    6.797    6.049
CT1822:135           -3.640   -4.583   -5.263   -5.787   -6.053   -5.959
   -5.562   -4.866   -3.896   -2.675   -1.283    0.228    1.817    3.450
    5.082    6.674    8.172    9.493   10.584   11.383   11.836   11.882
   11.579   10.975   10.142    9.142    8.117    7.112    6.245
CT1822:130           -3.577   -4.473   -5.084   -5.534   -5.720   -5.555
   -5.099   -4.363   -3.377   -2.168   -0.811    0.647    2.172    3.740
    5.313    6.860    8.330    9.646   10.752   11.583   12.081   12.178
   11.924   11.360   10.550    9.547    8.497    7.451    6.523
CT1822:125           -4.239   -4.947   -5.397   -5.699   -5.761   -5.504
   -4.987   -4.220   -3.235   -2.059   -0.758    0.629    2.075    3.566
    5.072    6.565    8.001    9.305   10.422   11.284   11.831   11.991
   11.802   11.295   10.526    9.532    8.454    7.358    6.328
CT1822:120           -4.158   -4.823   -5.227   -5.489   -5.523   -5.264
   -4.768   -4.050   -3.139   -2.057   -0.862    0.415    1.754    3.149
    4.574    6.005    7.403    8.697    9.831   10.738   11.358   11.615
   11.537   11.145   10.483    9.573    8.552    7.493    6.461
CT1822:115           -4.866   -5.346   -5.612   -5.759   -5.718   -5.434
   -4.953   -4.287   -3.458   -2.483   -1.407   -0.249    0.977    2.272
    3.617    4.986    6.346    7.630    8.781    9.737   10.435   10.797
   10.840   10.572   10.027    9.204    8.236    7.202    6.133
CT1822:110           -4.808   -5.257   -5.506   -5.649   -5.630   -5.404
   -5.013   -4.467   -3.781   -2.963   -2.045   -1.038    0.051    1.230
    2.480    3.781    5.099    6.375    7.552    8.568    9.363    9.859
   10.057    9.956    9.578    8.904    8.057    7.125    6.109
CT1822:105           -4.546   -5.019   -5.297   -5.479   -5.520   -5.389
   -5.121   -4.724   -4.207   -3.569   -2.830   -1.993   -1.057   -0.009
    1.138    2.360    3.630    4.894    6.096    7.176    8.075    8.713
    9.081    9.164    8.971    8.469    7.769    6.962    6.024
CT1822:100           -4.538   -4.996   -5.279   -5.482   -5.571   -5.526
   -5.375   -5.121   -4.769   -4.309   -3.749   -3.084   -2.307   -1.397
   -0.366    0.768    1.982    3.229    4.452    5.597    6.602    7.387
    7.930    8.204    8.207    7.892    7.354    6.692    5.849
CT1822:095           -3.571   -4.215   -4.653   -5.005   -5.241   -5.354
   -5.375   -5.305   -5.147   -4.886   -4.525   -4.052   -3.455   -2.706
   -1.810   -0.786    0.354    1.569    2.806    4.010    5.121    6.058
    6.783    7.263    7.482    7.380    7.042    6.566    5.873
CT1822:090           -3.605   -4.250   -4.710   -5.094   -5.385   -5.579
   -5.703   -5.757   -5.739   -5.635   -5.439   -5.134   -4.703   -4.111
   -3.356   -2.449   -1.393   -0.219    1.019    2.270    3.473    4.546
    5.438    6.105    6.522    6.616    6.459    6.149    5.579
CT1822:085           -3.160   -3.912   -4.470   -4.953   -5.345   -5.651
   -5.896   -6.080   -6.204   -6.252   -6.217   -6.078   -5.816   -5.389
   -4.786   -4.009   -3.053   -1.934   -0.708    0.577    1.861    3.059
    4.110    4.959    5.573    5.868    5.901    5.771    5.348
CT1822:080           -3.222   -3.991   -4.583   -5.108   -5.556   -5.932
   -6.258   -6.536   -6.766   -6.934   -7.030   -7.035   -6.924   -6.649
   -6.190   -5.542   -4.687   -3.631   -2.427   -1.119    0.230    1.537
    2.728    3.742    4.536    5.016    5.227    5.265    4.977
CT1822:075           -3.197   -4.011   -4.659   -5.246   -5.762   -6.214
   -6.624   -6.993   -7.322   -7.599   -7.814   -7.947   -7.970   -7.832
   -7.505   -6.976   -6.216   -5.221   -4.042   -2.720   -1.317    0.086
    1.404    2.570    3.534    4.196    4.586    4.797    4.658
CT1822:070           -3.278   -4.126   -4.824   -5.467   -6.049   -6.576
   -7.066   -7.523   -7.944   -8.319   -8.638   -8.878   -9.011   -8.984
   -8.762   -8.329   -7.647   -6.706   -5.551   -4.222   -2.778   -1.299
    0.125    1.420    2.530    3.349    3.896    4.259    4.252
CT1822:065           -3.128   -4.058   -4.846   -5.583   -6.261   -6.886
   -7.479   -8.038   -8.562   -9.039   -9.454   -9.785  -10.003  -10.053
   -9.902   -9.530   -8.898   -7.989   -6.847   -5.508   -4.026   -2.478
   -0.958    0.458    1.711    2.693    3.412    3.952    4.124
CT1822:060           -3.210   -4.188   -5.046   -5.860   -6.625   -7.345
   -8.035   -8.695   -9.317   -9.883  -10.377  -10.773  -11.043  -11.131
  -11.008  -10.658  -10.044   -9.147   -8.011   -6.667   -5.166   -3.579
   -1.999   -0.504    0.845    1.939    2.778    3.438    3.725
CT1822:055           -3.070   -4.138   -5.102   -6.026   -6.907   -7.745
   -8.554   -9.327  -10.055  -10.710  -11.272  -11.713  -12.004  -12.093
  -11.956  -11.587  -10.955  -10.045   -8.899   -7.546   -6.032   -4.419
   -2.797   -1.241    0.189    1.390    2.353    3.148    3.585
CT1822:050           -3.134   -4.261   -5.312   -6.332   -7.318   -8.266
   -9.183  -10.060  -10.878  -11.603  -12.208  -12.663  -12.940  -12.990
  -12.801  -12.376  -11.696  -10.752   -9.590   -8.233   -6.724   -5.117
   -3.494   -1.923   -0.461    0.794    1.827    2.701    3.227
CT1822:045           -3.095   -4.299   -5.454   -6.587   -7.692   -8.758
   -9.787  -10.763  -11.663  -12.441  -13.068  -13.512  -13.748  -13.729
  -13.457  -12.949  -12.195  -11.204  -10.018   -8.663   -7.175   -5.599
   -4.005   -2.451   -0.991    0.287    1.364    2.294    2.896
CT1822:040           -3.116   -4.382   -5.632   -6.871   -8.089   -9.267
  -10.396  -11.457  -12.417  -13.223  -13.845  -14.251  -14.417  -14.303
  -13.924  -13.310  -12.468  -11.416  -10.203   -8.854   -7.398   -5.873
   -4.334   -2.827   -1.398   -0.124    0.972    1.937    2.599
CT1822:035           -3.088   -4.416   -5.765   -7.113   -8.449   -9.737
  -10.963  -12.096  -13.103  -13.917  -14.513  -14.859  -14.937  -14.710
  -14.209  -13.478  -12.537  -11.419  -10.177   -8.835   -7.421   -5.960
   -4.492   -3.051   -1.671   -0.417    0.688    1.679    2.404
CT1822:030           -3.039   -4.419   -5.861   -7.314   -8.763  -10.159
  -11.475  -12.676  -13.718  -14.529  -15.086  -15.359  -15.335  -14.987
  -14.357  -13.504  -12.461  -11.277  -10.006   -8.675   -7.307   -5.921
   -4.537   -3.180   -1.872   -0.663    0.425    1.416    2.174
CT1822:025           -2.820   -4.264   -5.809   -7.376   -8.950  -10.462
  -11.878  -13.152  -14.234  -15.043  -15.559  -15.756  -15.630  -15.158
  -14.398  -13.421  -12.274  -11.019   -9.712   -8.382   -7.048   -5.722
   -4.410   -3.120   -1.866   -0.679    0.419    1.444    2.286
CT1822:020           -2.671   -4.142   -5.763   -7.422   -9.104  -10.726
  -12.241  -13.591  -14.719  -15.534  -16.017  -16.148  -15.926  -15.338
  -14.456  -13.363  -12.119  -10.796   -9.455   -8.126   -6.825   -5.560
   -4.322   -3.111   -1.930   -0.797    0.267    1.274    2.127
CT1822:015           -2.212   -3.743   -5.460   -7.230   -9.038  -10.789
  -12.425  -13.877  -15.078  -15.927  -16.404  -16.492  -16.196  -15.510
  -14.521  -13.324  -11.989  -10.601   -9.220   -7.880   -6.595   -5.369
   -4.183   -3.030   -1.903   -0.812    0.230    1.227    2.099
CT1822:010           -1.931   -3.449   -5.207   -7.038   -8.934  -10.793
  -12.539  -14.094  -15.379  -16.279  -16.773  -16.841  -16.495  -15.734
  -14.658  -13.373  -11.960  -10.509   -9.087   -7.726   -6.440   -5.234
   -4.082   -2.970   -1.887   -0.836    0.176    1.150    2.018
CT1822:005           -1.338   -2.868   -4.675   -6.575   -8.564  -10.537
  -12.406  -14.083  -15.477  -16.459  -17.004  -17.091  -16.734  -15.935
  -14.806  -13.462  -11.991  -10.491   -9.030   -7.644   -6.347   -5.144
   -4.008   -2.922   -1.873   -0.860    0.114    1.052    1.889
CT1823:360           -0.903   -2.366   -4.156   -6.062   -8.091  -10.138
  -12.101  -13.882  -15.381  -16.455  -17.071  -17.204  -16.867  -16.067
  -14.919  -13.547  -12.042  -10.508   -9.013   -7.597   -6.275   -5.057
   -3.915   -2.834   -1.799   -0.807    0.144    1.059    1.878
