CT1851:360            9.356    8.190    6.859    5.509    4.196    3.042
    2.072    1.326    0.826    0.605    0.621    0.834    1.194    1.637
    2.068    2.407    2.563    2.448    2.040    1.313    0.263   -1.114
   -2.736   -4.542   -6.463   -8.425  -10.311  -12.107  -13.606
CT1851:355            9.962    8.905    7.700    6.483    5.314    4.309
    3.487    2.878    2.496    2.362    2.431    2.663    3.008    3.401
    3.753    3.988    4.018    3.756    3.188    2.293    1.074   -0.464
   -2.232   -4.163   -6.184   -8.212  -10.139  -11.960  -13.457
CT1851:350           10.423    9.508    8.452    7.387    6.370    5.512
    4.826    4.333    4.043    3.967    4.060    4.286    4.595    4.924
    5.190    5.319    5.225    4.825    4.106    3.055    1.679   -0.007
   -1.907   -3.949   -6.057   -8.141  -10.102  -11.945  -13.447
CT1851:345           11.064   10.266    9.335    8.396    7.506    6.763
    6.176    5.761    5.520    5.459    5.539    5.725    5.972    6.220
    6.391    6.416    6.206    5.682    4.835    3.654    2.153    0.355
   -1.638   -3.748   -5.897   -7.989   -9.931  -11.738  -13.178
CT1851:340           11.522   10.871   10.085    9.287    8.526    7.892
    7.388    7.027    6.808    6.734    6.771    6.890    7.053    7.203
    7.269    7.183    6.860    6.219    5.255    3.959    2.350    0.457
   -1.613   -3.781   -5.968   -8.072  -10.010  -11.806  -13.227
CT1851:335           12.018   11.513   10.865   10.197    9.553    9.007
    8.565    8.234    8.013    7.902    7.875    7.909    7.970    8.009
    7.959    7.755    7.316    6.564    5.496    4.105    2.413    0.456
   -1.658   -3.848   -6.033   -8.109  -10.001  -11.741  -13.093
CT1851:330           12.451   12.091   11.580   11.041   10.509   10.047
    9.660    9.355    9.128    8.978    8.884    8.828    8.783    8.701
    8.521    8.186    7.617    6.743    5.564    4.076    2.305    0.292
   -1.859   -4.063   -6.245   -8.299  -10.158  -11.864  -13.184
CT1851:325           12.990   12.759   12.370   11.946   11.513   11.127
   10.792   10.514   10.287   10.108    9.960    9.826    9.679    9.473
    9.154    8.671    7.953    6.938    5.633    4.040    2.190    0.128
   -2.044   -4.244   -6.398   -8.400  -10.195  -11.827  -13.066
CT1851:320           13.376   13.283   13.025   12.725   12.405   12.110
   11.850   11.626   11.433   11.261   11.094   10.909   10.681   10.359
    9.896    9.249    8.358    7.173    5.713    3.989    2.038   -0.090
   -2.297   -4.506   -6.646   -8.616  -10.371  -11.962  -13.168
CT1851:315           13.910   13.921   13.770   13.576   13.357   13.154
   12.979   12.829   12.697   12.566   12.412   12.209   11.923   11.496
   10.887   10.064    8.977    7.595    5.951    4.069    1.994   -0.217
   -2.469   -4.692   -6.822   -8.759  -10.472  -12.018  -13.180
CT1851:310           14.235   14.371   14.346   14.276   14.178   14.093
   14.032   13.993   13.964   13.917   13.820   13.635   13.320   12.808
   12.060   11.059    9.765    8.167    6.318    4.255    2.033   -0.280
   -2.598   -4.853   -6.989   -8.910  -10.599  -12.119  -13.260
CT1851:305           14.618   14.852   14.934   14.975   14.992   15.026
   15.089   15.176   15.269   15.329   15.313   15.169   14.847   14.266
   13.392   12.219   10.719    8.902    6.840    4.586    2.203   -0.229
   -2.630   -4.937   -7.100   -9.029  -10.719  -12.238  -13.386
CT1851:300           14.870   15.209   15.403   15.559   15.696   15.858
   16.054   16.276   16.503   16.683   16.759   16.671   16.358   15.726
   14.747   13.424   11.742    9.726    7.467    5.032    2.496   -0.055
   -2.543   -4.909   -7.108   -9.052  -10.748  -12.270  -13.419
CT1851:295           15.160   15.577   15.861   16.114   16.355   16.632
   16.948   17.293   17.640   17.927   18.088   18.052   17.752   17.086
   16.027   14.587   12.760   10.585    8.168    5.585    2.920    0.265
   -2.304   -4.728   -6.967   -8.933  -10.638  -12.163  -13.306
CT1851:290           15.325   15.817   16.186   16.529   16.866   17.243
   17.663   18.112   18.556   18.928   19.154   19.158   18.869   18.180
   17.068   15.552   13.630   11.350    8.824    6.136    3.373    0.632
   -2.012   -4.501   -6.794   -8.805  -10.548  -12.108  -13.279
CT1851:285           15.527   16.065   16.491   16.895   17.299   17.747
   18.238   18.754   19.259   19.678   19.939   19.963   19.680   18.982
   17.850   16.306   14.348   12.028    9.460    6.728    3.920    1.134
   -1.554   -4.085   -6.417   -8.458  -10.221  -11.792  -12.954
CT1851:280           15.593   16.169   16.640   17.090   17.542   18.036
   18.567   19.116   19.645   20.078   20.345   20.370   20.087   19.391
   18.267   16.736   14.797   12.495    9.942    7.217    4.404    1.597
   -1.126   -3.703   -6.090   -8.191  -10.016  -11.647  -12.861
CT1851:275           15.709   16.287   16.766   17.227   17.689   18.189
   18.720   19.262   19.775   20.187   20.434   20.445   20.159   19.481
   18.394   16.918   15.049   12.826   10.349    7.688    4.922    2.139
   -0.582   -3.176   -5.593   -7.734   -9.595  -11.259  -12.488
CT1851:270           15.669   16.243   16.718   17.173   17.625   18.107
   18.610   19.115   19.586   19.955   20.164   20.153   19.867   19.219
   18.194   16.807   15.047   12.942   10.581    8.022    5.335    2.598
   -0.108   -2.716   -5.173   -7.374   -9.306  -11.042  -12.340
CT1851:265           15.558   16.111   16.559   16.983   17.400   17.834
   18.282   18.725   19.131   19.441   19.605   19.572   19.292   18.689
   17.745   16.472   14.852   12.900   10.690    8.268    5.693    3.032
    0.368   -2.232   -4.709   -6.958   -8.949  -10.749  -12.106
CT1851:260           15.413   15.920   16.314   16.680   17.031   17.392
   17.760   18.120   18.445   18.686   18.801   18.747   18.481   17.934
   17.088   15.946   14.485   12.706   10.668    8.406    5.967    3.404
    0.799   -1.778   -4.267   -6.562   -8.617  -10.489  -11.922
CT1851:255           15.053   15.521   15.860   16.161   16.438   16.714
   16.992   17.262   17.503   17.675   17.746   17.677   17.434   16.954
   16.217   15.217   13.925   12.332   10.481    8.393    6.103    3.653
    1.122   -1.423   -3.918   -6.259   -8.386  -10.341  -11.872
CT1851:250           14.808   15.190   15.430   15.628   15.795   15.957
   16.121   16.281   16.424   16.521   16.545   16.465   16.250   15.843
   15.221   14.372   13.259   11.862   10.210    8.311    6.190    3.873
    1.438   -1.050   -3.526   -5.889   -8.063  -10.078  -11.681
CT1851:245           14.358   14.664   14.806   14.899   14.951   14.994
   15.040   15.089   15.135   15.159   15.140   15.054   14.871   14.543
   14.042   13.348   12.419   11.223    9.774    8.070    6.123    3.947
    1.616   -0.810   -3.264   -5.652   -7.880   -9.966  -11.662
CT1851:240           14.024   14.212   14.220   14.174   14.082   13.981
   13.890   13.814   13.752   13.697   13.632   13.538   13.388   13.142
   12.765   12.231   11.491   10.502    9.265    7.767    6.007    3.987
    1.777   -0.565   -2.974   -5.359   -7.613   -9.739  -11.494
CT1851:235           13.477   13.565   13.449   13.269   13.036   12.792
   12.565   12.364   12.196   12.063   11.953   11.852   11.737   11.574
   11.324   10.952   10.404    9.625    8.601    7.308    5.735    3.870
    1.779   -0.483   -2.851   -5.243   -7.536   -9.721  -11.564
CT1851:230           13.072   13.021   12.747   12.405   12.005   11.599
   11.217   10.877   10.591   10.371   10.210   10.097   10.015    9.933
    9.811    9.603    9.251    8.687    7.883    6.803    5.426    3.728
    1.771   -0.394   -2.698   -5.066   -7.362   -9.565  -11.445
CT1851:225           12.595   12.407   11.977   11.471   10.902   10.330
    9.791    9.309    8.902    8.592    8.375    8.246    8.191    8.188
    8.190    8.145    7.988    7.637    7.052    6.184    5.000    3.466
    1.641   -0.426   -2.668   -5.012   -7.314   -9.538  -11.465
CT1851:220           12.144   11.807   11.211   10.535    9.791    9.049
    8.349    7.720    7.188    6.782    6.504    6.353    6.318    6.386
    6.505    6.617    6.649    6.510    6.141    5.485    4.498    3.132
    1.445   -0.514   -2.679   -4.980   -7.262   -9.480  -11.420
CT1851:215           11.880   11.360   10.574    9.707    8.773    7.849
    6.978    6.195    5.529    5.020    4.671    4.486    4.459    4.583
    4.805    5.059    5.267    5.327    5.167    4.716    3.923    2.726
    1.181   -0.664   -2.743   -4.989   -7.236   -9.430  -11.363
CT1851:210           11.414   10.752    9.809    8.783    7.686    6.601
    5.578    4.656    3.868    3.261    2.842    2.620    2.592    2.758
    3.064    3.439    3.802    4.043    4.076    3.821    3.213    2.181
    0.779   -0.951   -2.938   -5.121   -7.324   -9.484  -11.401
CT1851:205           11.152   10.317    9.202    8.004    6.738    5.492
    4.317    3.256    2.345    1.638    1.143    0.871    0.824    1.006
    1.366    1.829    2.314    2.704    2.903    2.819    2.380    1.501
    0.232   -1.388   -3.288   -5.410   -7.570   -9.700  -11.609
CT1851:200           10.709    9.750    8.506    7.178    5.782    4.410
    3.116    1.945    0.934    0.144   -0.419   -0.740   -0.816   -0.635
   -0.247    0.273    0.847    1.355    1.692    1.759    1.474    0.744
   -0.389   -1.886   -3.681   -5.716   -7.803   -9.869  -11.731
CT1851:195           10.369    9.285    7.919    6.472    4.961    3.481
    2.085    0.819   -0.276   -1.142   -1.770   -2.146   -2.265   -2.111
   -1.732   -1.197   -0.583   -0.006    0.421    0.596    0.428   -0.182
   -1.200   -2.594   -4.296   -6.256   -8.283  -10.301  -12.141
CT1851:190            9.975    8.795    7.342    5.811    4.223    2.673
    1.213   -0.111   -1.261   -2.179   -2.857   -3.282   -3.449   -3.337
   -2.990   -2.475   -1.860   -1.258   -0.781   -0.535   -0.612   -1.116
   -2.020   -3.297   -4.884   -6.734   -8.659  -10.583  -12.345
CT1851:185            9.780    8.493    6.954    5.348    3.696    2.097
    0.595   -0.766   -1.950   -2.903   -3.621   -4.092   -4.312   -4.259
   -3.974   -3.516   -2.947   -2.372   -1.899   -1.630   -1.657   -2.084
   -2.891   -4.055   -5.520   -7.241   -9.041  -10.842  -12.494
CT1851:180            9.450    8.101    6.522    4.885    3.217    1.613
    0.114   -1.243   -2.425   -3.384   -4.121   -4.625   -4.896   -4.911
   -4.707   -4.338   -3.859   -3.362   -2.948   -2.710   -2.735   -3.121
   -3.857   -4.923   -6.271   -7.866   -9.540  -11.220  -12.768
CT1851:175            9.363    7.932    6.309    4.644    2.969    1.377
   -0.101   -1.432   -2.592   -3.541   -4.283   -4.814   -5.133   -5.225
   -5.121   -4.869   -4.515   -4.140   -3.831   -3.669   -3.730   -4.102
   -4.778   -5.745   -6.964   -8.404   -9.917  -11.433  -12.823
CT1851:170            9.110    7.649    6.029    4.381    2.742    1.203
   -0.216   -1.489   -2.597   -3.510   -4.240   -4.785   -5.149   -5.321
   -5.331   -5.219   -5.024   -4.812   -4.652   -4.612   -4.753   -5.150
   -5.800   -6.695   -7.806   -9.112  -10.486  -11.865  -13.136
CT1851:165            8.859    7.386    5.789    4.180    2.599    1.134
   -0.206   -1.401   -2.440   -3.305   -4.011   -4.564   -4.972   -5.229
   -5.361   -5.404   -5.388   -5.363   -5.382   -5.494   -5.745   -6.192
   -6.836   -7.674   -8.688   -9.866  -11.105  -12.351  -13.507
CT1851:160            8.681    7.202    5.638    4.077    2.565    1.184
   -0.067   -1.176   -2.141   -2.953   -3.634   -4.194   -4.645   -4.988
   -5.247   -5.449   -5.618   -5.790   -5.999   -6.276   -6.651   -7.162
   -7.812   -8.603   -9.525  -10.578  -11.682  -12.791  -13.824
CT1851:155            8.373    6.925    5.423    3.936    2.514    1.232
    0.081   -0.934   -1.819   -2.575   -3.229   -3.795   -4.287   -4.713
   -5.093   -5.448   -5.797   -6.160   -6.555   -6.998   -7.501   -8.085
   -8.754   -9.513  -10.359  -11.300  -12.281  -13.264  -14.180
CT1851:150            8.255    6.815    5.357    3.929    2.582    1.387
    0.323   -0.612   -1.430   -2.142   -2.777   -3.354   -3.888   -4.392
   -4.883   -5.377   -5.886   -6.423   -6.988   -7.584   -8.210   -8.870
   -9.566  -10.304  -11.090  -11.934  -12.804  -13.671  -14.475
CT1851:145            8.100    6.684    5.280    3.915    2.646    1.533
    0.550   -0.312   -1.070   -1.743   -2.362   -2.947   -3.516   -4.084
   -4.664   -5.270   -5.910   -6.589   -7.297   -8.025   -8.761   -9.494
  -10.222  -10.951  -11.689  -12.446  -13.209  -13.959  -14.636
CT1851:140            8.027    6.623    5.258    3.944    2.736    1.690
    0.770   -0.034   -0.746   -1.387   -1.993   -2.584   -3.176   -3.787
   -4.432   -5.118   -5.857   -6.647   -7.472   -8.314   -9.154   -9.967
  -10.746  -11.493  -12.216  -12.925  -13.618  -14.288  -14.876
CT1851:135            8.110    6.693    5.346    4.060    2.891    1.888
    1.012    0.247   -0.431   -1.048   -1.639   -2.225   -2.823   -3.453
   -4.128   -4.858   -5.656   -6.520   -7.430   -8.364   -9.293  -10.182
  -11.017  -11.791  -12.510  -13.176  -13.797  -14.379  -14.850
CT1851:130            8.072    6.662    5.339    4.084    2.952    1.987
    1.147    0.417   -0.230   -0.819   -1.385   -1.948   -2.526   -3.144
   -3.816   -4.555   -5.379   -6.290   -7.265   -8.280   -9.300  -10.280
  -11.194  -12.031  -12.788  -13.459  -14.059  -14.605  -15.015
CT1851:125            8.162    6.736    5.416    4.168    3.050    2.102
    1.281    0.572   -0.051   -0.610   -1.141   -1.666   -2.203   -2.780
   -3.417   -4.134   -4.953   -5.882   -6.899   -7.977   -9.075  -10.140
  -11.135  -12.036  -12.835  -13.510  -14.081  -14.575  -14.890
CT1851:120            8.157    6.726    5.411    4.171    3.062    2.126
    1.319    0.628    0.031   -0.493   -0.978   -1.447   -1.923   -2.438
   -3.020   -3.693   -4.489   -5.422   -6.469   -7.603   -8.779   -9.937
  -11.028  -12.017  -12.888  -13.606  -14.193  -14.686  -14.968
CT1851:115            7.924    6.526    5.237    4.020    2.930    2.010
    1.221    0.554   -0.011   -0.490   -0.918   -1.320   -1.722   -2.162
   -2.676   -3.294   -4.054   -4.978   -6.043   -7.221   -8.464   -9.707
  -10.889  -11.967  -12.915  -13.688  -14.306  -14.813  -15.078
CT1851:110            7.948    6.533    5.228    3.996    2.891    1.960
    1.166    0.503   -0.044   -0.489   -0.868   -1.209   -1.543   -1.912
   -2.361   -2.924   -3.645   -4.552   -5.621   -6.824   -8.113   -9.418
  -10.670  -11.819  -12.833  -13.654  -14.300  -14.822  -15.073
CT1851:105            7.576    6.208    4.930    3.717    2.622    1.696
    0.909    0.260   -0.264   -0.673   -1.004   -1.290   -1.564   -1.875
   -2.269   -2.787   -3.475   -4.363   -5.428   -6.643   -7.959   -9.308
  -10.618  -11.832  -12.915  -13.803  -14.511  -15.090  -15.392
CT1851:100            7.618    6.222    4.910    3.661    2.530    1.571
    0.758    0.093   -0.435   -0.833   -1.143   -1.400   -1.640   -1.915
   -2.276   -2.763   -3.422   -4.285   -5.326   -6.521   -7.824   -9.168
  -10.481  -11.708  -12.808  -13.716  -14.437  -15.025  -15.323
CT1851:095            7.362    5.984    4.669    3.410    2.259    1.277
    0.442   -0.240   -0.778   -1.178   -1.483   -1.730   -1.960   -2.224
   -2.575   -3.050   -3.693   -4.531   -5.541   -6.700   -7.966   -9.281
  -10.577  -11.803  -12.920  -13.863  -14.634  -15.281  -15.654
CT1851:090            7.416    6.002    4.638    3.326    2.119    1.082
    0.196   -0.532   -1.109   -1.540   -1.870   -2.139   -2.386   -2.666
   -3.025   -3.499   -4.127   -4.930   -5.887   -6.976   -8.163   -9.396
  -10.618  -11.783  -12.855  -13.773  -14.530  -15.170  -15.542
CT1851:085            7.346    5.915    4.514    3.158    1.898    0.803
   -0.141   -0.926   -1.557   -2.038   -2.415   -2.727   -3.015   -3.328
   -3.711   -4.194   -4.809   -5.572   -6.464   -7.468   -8.554   -9.684
  -10.812  -11.900  -12.918  -13.812  -14.572  -15.229  -15.646
CT1851:080            7.413    5.941    4.482    3.062    1.731    0.560
   -0.462   -1.324   -2.030   -2.583   -3.029   -3.404   -3.748   -4.106
   -4.518   -5.009   -5.604   -6.315   -7.125   -8.021   -8.982   -9.980
  -10.982  -11.959  -12.888  -13.725  -14.450  -15.087  -15.507
CT1851:075            7.474    5.967    4.452    2.967    1.561    0.307
   -0.801   -1.753   -2.549   -3.190   -3.718   -4.168   -4.576   -4.982
   -5.420   -5.913   -6.480   -7.129   -7.849   -8.630   -9.460  -10.321
  -11.193  -12.058  -12.898  -13.680  -14.378  -15.006  -15.447
CT1851:070            7.561    6.016    4.442    2.890    1.406    0.065
   -1.136   -2.184   -3.077   -3.812   -4.427   -4.953   -5.423   -5.868
   -6.320   -6.801   -7.325   -7.901   -8.520   -9.181   -9.875  -10.598
  -11.339  -12.089  -12.835  -13.555  -14.219  -14.829  -15.281
CT1851:065            7.586    6.025    4.407    2.800    1.246   -0.178
   -1.470   -2.614   -3.604   -4.433   -5.132   -5.728   -6.250   -6.722
   -7.175   -7.630   -8.102   -8.598   -9.120   -9.668  -10.244  -10.850
  -11.484  -12.144  -12.824  -13.510  -14.169  -14.792  -15.290
CT1851:060            7.703    6.114    4.446    2.780    1.155   -0.352
   -1.733   -2.969   -4.051   -4.964   -5.737   -6.389   -6.945   -7.424
   -7.858   -8.269   -8.673   -9.081   -9.502   -9.942  -10.407  -10.908
  -11.448  -12.029  -12.648  -13.300  -13.948  -14.573  -15.097
CT1851:055            7.690    6.110    4.421    2.721    1.047   -0.523
   -1.975   -3.286   -4.443   -5.423   -6.249   -6.938   -7.508   -7.976
   -8.373   -8.727   -9.057   -9.379   -9.709  -10.058  -10.438  -10.866
  -11.346  -11.885  -12.482  -13.137  -13.808  -14.471  -15.057
CT1851:050            7.844    6.252    4.533    2.793    1.069   -0.560
   -2.076   -3.452   -4.669   -5.699   -6.561   -7.265   -7.831   -8.270
   -8.618   -8.905   -9.156   -9.393   -9.638   -9.908  -10.220  -10.594
  -11.036  -11.554  -12.145  -12.813  -13.512  -14.209  -14.840
CT1851:045            7.916    6.342    4.618    2.866    1.117   -0.547
   -2.101   -3.516   -4.767   -5.822   -6.695   -7.394   -7.936   -8.333
   -8.620   -8.838   -9.011   -9.170   -9.344   -9.554   -9.820  -10.170
  -10.607  -11.137  -11.756  -12.469  -13.223  -13.982  -14.679
CT1851:040            8.110    6.547    4.819    3.058    1.293   -0.391
   -1.967   -3.401   -4.666   -5.725   -6.588   -7.265   -7.772   -8.118
   -8.344   -8.492   -8.594   -8.686   -8.802   -8.969   -9.211   -9.560
  -10.017  -10.585  -11.258  -12.037  -12.860  -13.688  -14.450
CT1851:035            8.347    6.802    5.085    3.330    1.568   -0.115
   -1.688   -3.115   -4.369   -5.407   -6.241   -6.880   -7.341   -7.632
   -7.798   -7.884   -7.925   -7.964   -8.039   -8.183   -8.424   -8.798
   -9.302   -9.937  -10.689  -11.557  -12.469  -13.382  -14.217
CT1851:030            8.584    7.074    5.386    3.660    1.925    0.270
   -1.271   -2.663   -3.876   -4.868   -5.654   -6.240   -6.646   -6.882
   -6.993   -7.026   -7.021   -7.024   -7.079   -7.223   -7.488   -7.912
   -8.491   -9.217  -10.074  -11.051  -12.068  -13.080  -13.992
CT1851:025            8.882    7.409    5.761    4.076    2.387    0.783
   -0.702   -2.032   -3.178   -4.103   -4.820   -5.342   -5.688   -5.870
   -5.936   -5.932   -5.899   -5.891   -5.953   -6.126   -6.444   -6.951
   -7.634   -8.483   -9.473  -10.586  -11.732  -12.867  -13.881
CT1851:020            9.159    7.746    6.160    4.541    2.922    1.399
   -0.000   -1.239   -2.292   -3.124   -3.755   -4.199   -4.478   -4.608
   -4.635   -4.606   -4.565   -4.569   -4.663   -4.891   -5.289   -5.900
   -6.706   -7.691   -8.822  -10.072  -11.341  -12.587  -13.682
CT1851:015            9.529    8.170    6.650    5.102    3.566    2.138
    0.842   -0.287   -1.228   -1.953   -2.485   -2.844   -3.054   -3.135
   -3.134   -3.097   -3.071   -3.114   -3.270   -3.585   -4.093   -4.837
   -5.791   -6.932   -8.220   -9.618  -11.020  -12.387  -13.572
CT1851:010            9.838    8.557    7.125    5.673    4.241    2.929
    1.758    0.757   -0.057   -0.661   -1.087   -1.356   -1.496   -1.532
   -1.510   -1.478   -1.484   -1.589   -1.833   -2.259   -2.900   -3.794
   -4.905   -6.204   -7.646   -9.182  -10.703  -12.173  -13.425
CT1851:005           10.353    9.122    7.762    6.390    5.055    3.854
    2.803    1.926    1.233    0.742    0.415    0.227    0.147    0.147
    0.176    0.189    0.134   -0.050   -0.401   -0.955   -1.742   -2.791
   -4.060   -5.511   -7.093   -8.749  -10.365  -11.913  -13.205
CT1852:360           10.686    9.546    8.287    7.023    5.804    4.727
    3.802    3.050    2.475    2.088    1.849    1.730    1.698    1.720
    1.744    1.726    1.608    1.331    0.863    0.170   -0.768   -1.974
   -3.397   -4.992   -6.704   -8.468  -10.172  -11.793  -13.126
