CT1821:360           -0.923   -0.303    0.025    0.199    0.138   -0.181
   -0.655   -1.223   -1.811   -2.330   -2.718   -2.940   -2.988   -2.858
   -2.594   -2.248   -1.860   -1.467   -1.094   -0.749   -0.427   -0.117
    0.202    0.547    0.933    1.384    1.899    2.457    3.106
CT1821:355           -0.468    0.212    0.600    0.834    0.831    0.567
    0.142   -0.386   -0.944   -1.444   -1.823   -2.045   -2.098   -1.977
   -1.727   -1.397   -1.029   -0.665   -0.330   -0.033    0.225    0.455
    0.678    0.913    1.174    1.489    1.857    2.263    2.752
CT1821:350           -0.129    0.629    1.096    1.410    1.488    1.304
    0.953    0.489   -0.018   -0.485   -0.848   -1.068   -1.133   -1.034
   -0.811   -0.512   -0.175    0.158    0.459    0.718    0.932    1.107
    1.267    1.429    1.611    1.842    2.129    2.458    2.883
CT1821:345            0.238    1.057    1.594    1.981    2.140    2.039
    1.770    1.380    0.933    0.505    0.160   -0.064   -0.149   -0.087
    0.092    0.345    0.636    0.925    1.186    1.403    1.571    1.694
    1.791    1.883    1.986    2.132    2.333    2.576    2.923
CT1821:340            0.508    1.394    2.005    2.472    2.718    2.710
    2.533    2.228    1.852    1.473    1.152    0.927    0.819    0.841
    0.969    1.168    1.408    1.651    1.870    2.047    2.175    2.254
    2.300    2.333    2.372    2.447    2.578    2.754    3.044
CT1821:335            0.846    1.771    2.435    2.961    3.279    3.353
    3.262    3.038    2.733    2.404    2.109    1.886    1.757    1.739
    1.817    1.964    2.154    2.354    2.536    2.681    2.779    2.826
    2.837    2.831    2.828    2.863    2.958    3.106    3.390
CT1821:330            1.036    2.009    2.728    3.316    3.704    3.858
    3.850    3.707    3.473    3.197    2.932    2.716    2.572    2.521
    2.555    2.653    2.796    2.954    3.098    3.209    3.274    3.285
    3.255    3.202    3.147    3.125    3.163    3.256    3.492
CT1821:325            1.382    2.356    3.092    3.705    4.131    4.337
    4.388    4.307    4.130    3.899    3.663    3.458    3.308    3.235
    3.238    3.302    3.411    3.539    3.658    3.748    3.794    3.786
    3.737    3.664    3.589    3.551    3.584    3.679    3.945
CT1821:320            1.487    2.486    3.251    3.897    4.362    4.617
    4.721    4.696    4.573    4.387    4.184    3.998    3.853    3.771
    3.757    3.797    3.881    3.984    4.080    4.146    4.168    4.133
    4.052    3.944    3.830    3.750    3.742    3.797    4.028
CT1821:315            1.747    2.726    3.481    4.122    4.593    4.866
    4.997    5.005    4.918    4.766    4.593    4.430    4.299    4.223
    4.207    4.241    4.316    4.408    4.493    4.550    4.562    4.518
    4.428    4.312    4.192    4.114    4.116    4.192    4.465
CT1821:310            1.769    2.752    3.509    4.155    4.635    4.923
    5.076    5.112    5.057    4.939    4.798    4.664    4.556    4.497
    4.490    4.528    4.600    4.686    4.760    4.804    4.800    4.737
    4.627    4.488    4.345    4.242    4.222    4.275    4.530
CT1821:305            1.775    2.747    3.495    4.133    4.608    4.899
    5.063    5.115    5.083    4.993    4.883    4.780    4.702    4.668
    4.680    4.731    4.809    4.894    4.964    4.998    4.983    4.908
    4.785    4.634    4.479    4.368    4.342    4.392    4.646
CT1821:300            1.722    2.680    3.412    4.036    4.501    4.789
    4.957    5.021    5.008    4.944    4.865    4.793    4.747    4.742
    4.777    4.845    4.932    5.019    5.084    5.110    5.083    4.995
    4.861    4.700    4.538    4.423    4.396    4.444    4.694
CT1821:295            1.528    2.481    3.205    3.820    4.279    4.569
    4.743    4.821    4.829    4.792    4.743    4.704    4.689    4.712
    4.769    4.851    4.945    5.029    5.084    5.094    5.048    4.939
    4.784    4.602    4.420    4.284    4.229    4.244    4.442
CT1821:290            1.406    2.332    3.032    3.627    4.071    4.355
    4.532    4.620    4.646    4.634    4.614    4.605    4.620    4.669
    4.746    4.842    4.941    5.023    5.071    5.071    5.014    4.897
    4.738    4.560    4.388    4.268    4.231    4.264    4.474
CT1821:285            1.262    2.147    2.816    3.384    3.810    4.088
    4.268    4.368    4.413    4.425    4.431    4.447    4.485    4.550
    4.638    4.737    4.833    4.903    4.934    4.914    4.836    4.699
    4.526    4.338    4.160    4.033    3.984    3.996    4.160
CT1821:280            1.078    1.927    2.568    3.115    3.530    3.808
    3.998    4.115    4.182    4.220    4.251    4.291    4.347    4.424
    4.518    4.617    4.707    4.767    4.785    4.753    4.667    4.531
    4.367    4.198    4.047    3.956    3.944    3.990    4.178
CT1821:275            1.032    1.804    2.391    2.894    3.280    3.548
    3.738    3.866    3.949    4.006    4.055    4.107    4.171    4.249
    4.337    4.425    4.500    4.544    4.546    4.501    4.407    4.272
    4.119    3.970    3.847    3.787    3.803    3.872    4.063
CT1821:270            0.793    1.521    2.080    2.562    2.939    3.210
    3.412    3.559    3.665    3.743    3.809    3.872    3.939    4.013
    4.090    4.164    4.223    4.253    4.246    4.198    4.110    3.992
    3.868    3.757    3.681    3.674    3.740    3.856    4.076
CT1821:265            0.847    1.470    1.954    2.377    2.714    2.966
    3.162    3.311    3.425    3.511    3.581    3.644    3.704    3.764
    3.825    3.881    3.926    3.947    3.941    3.906    3.843    3.767
    3.697    3.654    3.656    3.737    3.895    4.105    4.418
CT1821:260            0.565    1.137    1.588    1.985    2.310    2.561
    2.765    2.927    3.055    3.153    3.229    3.290    3.340    3.384
    3.423    3.460    3.489    3.505    3.504    3.486    3.454    3.420
    3.402    3.418    3.483    3.627    3.843    4.104    4.445
CT1821:255            0.526    1.004    1.388    1.730    2.018    2.250
    2.444    2.605    2.734    2.833    2.907    2.959    2.996    3.022
    3.044    3.067    3.091    3.116    3.141    3.165    3.193    3.236
    3.307    3.423    3.597    3.859    4.199    4.586    5.058
CT1821:250            0.215    0.634    0.977    1.287    1.553    1.776
    1.970    2.134    2.269    2.372    2.445    2.491    2.516    2.524
    2.529    2.539    2.560    2.596    2.647    2.713    2.795    2.903
    3.046    3.235    3.481    3.809    4.204    4.637    5.128
CT1821:245           -0.241    0.153    0.476    0.769    1.026    1.248
    1.446    1.618    1.763    1.873    1.950    1.995    2.015    2.016
    2.014    2.023    2.054    2.115    2.207    2.330    2.484    2.675
    2.906    3.184    3.518    3.927    4.396    4.896    5.435
CT1821:240           -0.569   -0.241    0.032    0.283    0.509    0.713
    0.902    1.073    1.221    1.336    1.418    1.465    1.483    1.481
    1.480    1.494    1.542    1.635    1.774    1.958    2.183    2.453
    2.764    3.120    3.524    3.992    4.504    5.034    5.574
CT1821:235           -1.150   -0.844   -0.590   -0.356   -0.142    0.058
    0.249    0.428    0.588    0.719    0.816    0.876    0.906    0.916
    0.928    0.961    1.035    1.168    1.358    1.603    1.899    2.241
    2.620    3.035    3.485    3.975    4.483    4.992    5.463
CT1821:230           -1.489   -1.255   -1.059   -0.876   -0.702   -0.528
   -0.352   -0.176   -0.009    0.136    0.252    0.334    0.387    0.422
    0.463    0.530    0.649    0.837    1.092    1.413    1.790    2.215
    2.674    3.160    3.668    4.198    4.726    5.240    5.686
CT1821:225           -1.963   -1.781   -1.631   -1.489   -1.348   -1.195
   -1.029   -0.852   -0.673   -0.505   -0.360   -0.243   -0.150   -0.072
    0.015    0.133    0.309    0.561    0.887    1.281    1.734    2.229
    2.748    3.279    3.812    4.336    4.830    5.289    5.634
CT1821:220           -2.302   -2.198   -2.113   -2.030   -1.937   -1.818
   -1.672   -1.500   -1.311   -1.117   -0.933   -0.766   -0.616   -0.473
   -0.315   -0.121    0.135    0.472    0.886    1.369    1.908    2.482
    3.069    3.650    4.216    4.746    5.223    5.652    5.939
CT1821:215           -2.841   -2.774   -2.728   -2.681   -2.621   -2.524
   -2.389   -2.213   -2.004   -1.772   -1.533   -1.297   -1.065   -0.830
   -0.574   -0.278    0.082    0.521    1.035    1.612    2.236    2.881
    3.520    4.134    4.710    5.221    5.658    6.033    6.245
CT1821:210           -3.172   -3.185   -3.208   -3.225   -3.220   -3.163
   -3.052   -2.882   -2.658   -2.384   -2.081   -1.760   -1.426   -1.073
   -0.692   -0.266    0.221    0.783    1.408    2.085    2.791    3.497
    4.173    4.799    5.363    5.832    6.206    6.506    6.626
CT1821:205           -3.739   -3.782   -3.840   -3.890   -3.917   -3.882
   -3.780   -3.602   -3.348   -3.016   -2.628   -2.197   -1.731   -1.229
   -0.687   -0.101    0.542    1.245    1.994    2.773    3.557    4.309
    5.003    5.620    6.146    6.552    6.845    7.058    7.084
CT1821:200           -4.053   -4.174   -4.299   -4.413   -4.493   -4.497
   -4.416   -4.237   -3.954   -3.560   -3.078   -2.521   -1.903   -1.226
   -0.499    0.272    1.092    1.950    2.829    3.707    4.555    5.332
    6.015    6.589    7.044    7.350    7.530    7.622    7.525
CT1821:195           -4.562   -4.718   -4.877   -5.024   -5.132   -5.153
   -5.074   -4.875   -4.546   -4.070   -3.472   -2.766   -1.971   -1.093
   -0.156    0.826    1.841    2.868    3.882    4.855    5.755    6.534
    7.182    7.683    8.039    8.220    8.267    8.223    7.997
CT1821:190           -4.852   -5.078   -5.296   -5.494   -5.643   -5.686
   -5.611   -5.391   -5.011   -4.446   -3.722   -2.857   -1.872   -0.781
    0.380    1.582    2.802    4.000    5.146    6.204    7.139    7.899
    8.482    8.884    9.111    9.142    9.033    8.834    8.465
CT1821:185           -5.260   -5.524   -5.772   -5.994   -6.159   -6.201
   -6.105   -5.841   -5.390   -4.718   -3.854   -2.816   -1.633   -0.321
    1.069    2.497    3.921    5.289    6.562    7.697    8.655    9.380
    9.884   10.169   10.255   10.129    9.864    9.513    9.016
CT1821:180           -5.523   -5.845   -6.133   -6.385   -6.564   -6.598
   -6.473   -6.155   -5.622   -4.835   -3.827   -2.619   -1.241    0.282
    1.888    3.526    5.141    6.664    8.048    9.243   10.206   10.878
   11.283   11.434   11.360   11.061   10.623   10.106    9.464
CT1821:175           -5.952   -6.290   -6.579   -6.825   -6.984   -6.978
   -6.793   -6.394   -5.756   -4.839   -3.680   -2.302   -0.739    0.979
    2.783    4.609    6.394    8.052    9.531   10.774   11.733   12.348
   12.654   12.675   12.452   11.993   11.402   10.739    9.980
CT1821:170           -6.183   -6.565   -6.871   -7.120   -7.262   -7.212
   -6.961   -6.473   -5.727   -4.683   -3.380   -1.849   -0.126    1.756
    3.720    5.697    7.615    9.376   10.923   12.193   13.135   13.686
   13.891   13.784   13.414   12.799   12.055   11.245   10.360
CT1821:165           -6.836   -7.172   -7.423   -7.611   -7.679   -7.537
   -7.180   -6.572   -5.694   -4.509   -3.064   -1.389    0.473    2.489
    4.578    6.669    8.682   10.513   12.101   13.380   14.295   14.782
   14.897   14.676   14.177   13.424   12.543   11.598   10.591
CT1821:160           -7.040   -7.407   -7.656   -7.824   -7.849   -7.637
   -7.190   -6.478   -5.486   -4.182   -2.620   -0.835    1.130    3.238
    5.406    7.563    9.627   11.490   13.091   14.360   15.245   15.680
   15.725   15.421   14.829   13.976   12.995   11.952   10.859
CT1821:155           -7.849   -8.127   -8.282   -8.351   -8.269   -7.938
   -7.366   -6.524   -5.402   -3.977   -2.306   -0.426    1.617    3.784
    5.995    8.180   10.257   12.117   13.702   14.945   15.792   16.178
   16.167   15.799   15.135   14.199   13.127   11.988   10.792
CT1821:150           -8.044   -8.342   -8.484   -8.525   -8.392   -7.990
   -7.334   -6.403   -5.193   -3.687   -1.947   -0.015    2.065    4.250
    6.462    8.635   10.689   12.518   14.069   15.278   16.095   16.458
   16.428   16.043   15.363   14.406   13.307   12.138   10.907
CT1821:145           -8.571   -8.829   -8.913   -8.888   -8.678   -8.190
   -7.446   -6.431   -5.145   -3.580   -1.797    0.161    2.248    4.421
    6.605    8.738   10.742   12.520   14.023   15.193   15.984   16.338
   16.311   15.938   15.270   14.319   13.214   12.031   10.768
CT1821:140           -8.776   -9.052   -9.126   -9.081   -8.834   -8.300
   -7.510   -6.453   -5.136   -3.554   -1.772    0.169    2.225    4.351
    6.479    8.548   10.486   12.203   13.658   14.797   15.582   15.956
   15.968   15.649   15.042   14.149   13.092   11.949   10.708
CT1821:135           -8.560   -8.942   -9.075   -9.070   -8.843   -8.316
   -7.531   -6.486   -5.190   -3.644   -1.911   -0.031    1.953    4.000
    6.045    8.032    9.895   11.552   12.967   14.092   14.893   15.316
   15.404   15.178   14.674   13.884   12.922   11.868   10.699
CT1821:130           -8.783   -9.187   -9.325   -9.319   -9.088   -8.561
   -7.787   -6.766   -5.513   -4.030   -2.375   -0.587    1.299    3.245
    5.192    7.091    8.880   10.486   11.876   13.008   13.848   14.343
   14.528   14.417   14.036   13.367   12.515   11.561   10.468
CT1821:125           -8.164   -8.760   -9.034   -9.145   -9.011   -8.572
   -7.889   -6.967   -5.825   -4.467   -2.947   -1.299    0.446    2.259
    4.087    5.887    7.605    9.175   10.564   11.731   12.641   13.245
   13.564   13.607   13.392   12.894   12.209   11.418   10.474
CT1821:120           -8.395   -9.019   -9.317   -9.455   -9.354   -8.965
   -8.350   -7.517   -6.486   -5.262   -3.890   -2.397   -0.807    0.861
    2.565    4.268    5.923    7.472    8.878   10.101   11.103   11.828
   12.291   12.491   12.439   12.103   11.570   10.921   10.094
CT1821:115           -7.868   -8.672   -9.114   -9.383   -9.405   -9.142
   -8.663   -7.980   -7.113   -6.068   -4.885   -3.584   -2.180   -0.679
    0.886    2.484    4.080    5.620    7.063    8.364    9.480   10.353
   10.984   11.367   11.507   11.368   11.029   10.572    9.923
CT1821:110           -8.091   -8.927   -9.410   -9.727   -9.811   -9.633
   -9.261   -8.708   -7.993   -7.121   -6.124   -5.013   -3.795   -2.464
   -1.040    0.455    1.995    3.533    5.019    6.406    7.643    8.666
    9.464   10.023   10.346   10.389   10.226    9.937    9.433
CT1821:105           -7.849   -8.809   -9.402   -9.830  -10.028   -9.977
   -9.747   -9.352   -8.811   -8.129   -7.330   -6.420   -5.399   -4.246
   -2.969   -1.584   -0.105    1.427    2.958    4.433    5.796    6.974
    7.947    8.694    9.213    9.458    9.496    9.406    9.088
CT1821:100           -8.039   -9.032   -9.673  -10.159  -10.430  -10.475
  -10.360  -10.100   -9.713   -9.200   -8.583   -7.860   -7.023   -6.042
   -4.911   -3.639   -2.229   -0.713    0.848    2.397    3.871    5.192
    6.326    7.248    7.949    8.380    8.602    8.690    8.532
CT1821:095           -8.168   -9.198   -9.892  -10.438  -10.784  -10.924
  -10.920  -10.787  -10.541  -10.186   -9.735   -9.184   -8.520   -7.702
   -6.716   -5.562   -4.231   -2.747   -1.174    0.431    2.001    3.452
    4.742    5.836    6.722    7.349    7.769    8.055    8.086
CT1821:090           -8.306   -9.365  -10.104  -10.703  -11.116  -11.339
  -11.433  -11.410  -11.288  -11.069  -10.763  -10.365   -9.855   -9.190
   -8.346   -7.315   -6.078   -4.649   -3.090   -1.458    0.179    1.735
    3.157    4.404    5.457    6.260    6.857    7.317    7.509
CT1821:085           -8.449   -9.524  -10.298  -10.941  -11.410  -11.703
  -11.878  -11.947  -11.927  -11.820  -11.636  -11.367  -10.992  -10.463
   -9.752   -8.843   -7.709   -6.351   -4.829   -3.195   -1.514    0.128
    1.669    3.060    4.278    5.262    6.046    6.696    7.076
CT1821:080           -8.525   -9.621  -10.431  -11.117  -11.638  -11.993
  -12.237  -12.384  -12.449  -12.435  -12.352  -12.190  -11.929  -11.521
  -10.933  -10.143   -9.117   -7.846   -6.383   -4.772   -3.078   -1.380
    0.250    1.758    3.112    4.248    5.187    5.993    6.519
CT1821:075           -8.436   -9.573  -10.434  -11.174  -11.753  -12.171
  -12.482  -12.701  -12.840  -12.906  -12.906  -12.832  -12.665  -12.357
  -11.874  -11.192  -10.268   -9.087   -7.691   -6.120   -4.429   -2.694
   -0.992    0.619    2.100    3.384    4.482    5.451    6.146
CT1821:070           -8.442   -9.591  -10.481  -11.256  -11.878  -12.345
  -12.710  -12.986  -13.187  -13.315  -13.379  -13.372  -13.275  -13.043
  -12.643  -12.047  -11.213  -10.116   -8.792   -7.272   -5.607   -3.862
   -2.120   -0.441    1.131    2.524    3.740    4.830    5.646
CT1821:065           -8.089   -9.308  -10.270  -11.119  -11.815  -12.356
  -12.794  -13.141  -13.410  -13.602  -13.725  -13.771  -13.725  -13.545
  -13.200  -12.665  -11.897  -10.867   -9.608   -8.140   -6.508   -4.770
   -3.007   -1.281    0.361    1.848    3.172    4.378    5.322
CT1821:060           -8.020   -9.241  -10.230  -11.115  -11.858  -12.455
  -12.952  -13.360  -13.685  -13.926  -14.089  -14.165  -14.141  -13.978
  -13.651  -13.142  -12.409  -11.424  -10.215   -8.798   -7.210   -5.500
   -3.746   -2.007   -0.334    1.207    2.597    3.878    4.907
CT1821:055           -7.466   -8.767   -9.845  -10.821  -11.659  -12.352
  -12.943  -13.439  -13.841  -14.141  -14.343  -14.438  -14.415  -14.241
  -13.900  -13.380  -12.648  -11.680  -10.501   -9.123   -7.576   -5.902
   -4.170   -2.437   -0.749    0.833    2.287    3.644    4.777
CT1821:050           -7.304   -8.597   -9.704  -10.725  -11.626  -12.396
  -13.068  -13.641  -14.110  -14.454  -14.675  -14.764  -14.711  -14.489
  -14.093  -13.524  -12.758  -11.779  -10.612   -9.268   -7.770   -6.152
   -4.474   -2.784   -1.125    0.449    1.914    3.294    4.472
CT1821:045           -6.727   -8.067   -9.250  -10.358  -11.361  -12.243
  -13.028  -13.704  -14.257  -14.655  -14.892  -14.961  -14.857  -14.556
  -14.072  -13.417  -12.580  -11.559  -10.376   -9.043   -7.579   -6.007
   -4.377   -2.725   -1.085    0.502    2.011    3.461    4.762
CT1821:040           -6.451   -7.769   -8.981  -10.141  -11.224  -12.207
  -13.096  -13.870  -14.501  -14.940  -15.181  -15.212  -15.033  -14.630
  -14.030  -13.263  -12.334  -11.253  -10.048   -8.730   -7.313   -5.815
   -4.270   -2.705   -1.144    0.383    1.853    3.278    4.586
CT1821:035           -5.968   -7.276   -8.532   -9.758  -10.937  -12.037
  -13.047  -13.932  -14.651  -15.137  -15.377  -15.362  -15.095  -14.570
  -13.833  -12.933  -11.890  -10.731   -9.487   -8.170   -6.792   -5.363
   -3.904   -2.427   -0.948    0.518    1.954    3.364    4.700
CT1821:030           -5.559   -6.822   -8.098   -9.372  -10.636  -11.849
  -12.979  -13.974  -14.779  -15.309  -15.546  -15.478  -15.116  -14.460
  -13.577  -12.532  -11.365  -10.119   -8.830   -7.513   -6.178   -4.829
   -3.469   -2.103   -0.731    0.642    2.006    3.357    4.665
CT1821:025           -5.271   -6.446   -7.709   -9.004  -10.334  -11.647
  -12.888  -13.990  -14.880  -15.454  -15.689  -15.571  -15.116  -14.332
  -13.305  -12.119  -10.831   -9.503   -8.178   -6.873   -5.598   -4.353
   -3.128   -1.914   -0.707    0.499    1.695    2.877    4.012
CT1821:020           -4.723   -5.821   -7.077   -8.396   -9.794  -11.212
  -12.571  -13.787  -14.770  -15.397  -15.639  -15.481  -14.941  -14.035
  -12.867  -11.540  -10.128   -8.711   -7.336   -6.026   -4.787   -3.618
   -2.491   -1.388   -0.293    0.809    1.915    3.020    4.103
CT1821:015           -4.441   -5.389   -6.576   -7.864   -9.284  -10.771
  -12.220  -13.532  -14.600  -15.281  -15.537  -15.351  -14.743  -13.736
  -12.449  -11.002   -9.486   -7.999   -6.593   -5.296   -4.114   -3.043
   -2.042   -1.087   -0.154    0.774    1.699    2.616    3.498
CT1821:010           -3.765   -4.595   -5.729   -6.994   -8.437   -9.993
  -11.531  -12.943  -14.104  -14.852  -15.142  -14.952  -14.303  -13.220
  -11.839  -10.293   -8.689   -7.137   -5.697   -4.399   -3.249   -2.241
   -1.323   -0.463    0.369    1.198    2.031    2.862    3.677
CT1821:005           -3.237   -3.891   -4.914   -6.103   -7.517   -9.095
  -10.687  -12.170  -13.410  -14.226  -14.562  -14.390  -13.730  -12.610
  -11.174   -9.568   -7.909   -6.321   -4.867   -3.582   -2.473   -1.532
   -0.704    0.051    0.766    1.467    2.166    2.862    3.536
CT1822:360           -2.456   -2.947   -3.855   -4.953   -6.317   -7.892
   -9.515  -11.054  -12.362  -13.250  -13.649  -13.523  -12.890  -11.776
  -10.330   -8.707   -7.029   -5.428   -3.973   -2.702   -1.623   -0.731
    0.034    0.715    1.348    1.961    2.572    3.180    3.776
