CT1846:360            8.357    7.610    6.636    5.565    4.365    3.030
    1.599    0.094   -1.439   -2.924   -4.268   -5.376   -6.166   -6.523
   -6.436   -5.954   -5.125   -4.068   -2.951   -1.910   -1.072   -0.568
   -0.413   -0.603   -1.105   -1.919   -2.917   -4.015   -5.250
CT1846:355            8.656    8.031    7.184    6.241    5.171    3.962
    2.645    1.236   -0.232   -1.697   -3.070   -4.260   -5.182   -5.716
   -5.832   -5.560   -4.929   -4.034   -3.035   -2.062   -1.241   -0.706
   -0.488   -0.598   -1.012   -1.748   -2.688   -3.747   -4.995
CT1846:350            9.037    8.520    7.797    6.986    6.061    5.009
    3.854    2.601    1.272   -0.090   -1.410   -2.607   -3.599   -4.274
   -4.586   -4.544   -4.155   -3.490   -2.688   -1.866   -1.141   -0.645
   -0.423   -0.497   -0.857   -1.534   -2.426   -3.451   -4.704
CT1846:345            9.432    9.018    8.419    7.745    6.977    6.105
    5.144    4.093    2.959    1.764    0.565   -0.573   -1.580   -2.354
   -2.841   -3.029   -2.906   -2.515   -1.968   -1.362   -0.804   -0.413
   -0.246   -0.336   -0.687   -1.343   -2.222   -3.244   -4.531
CT1846:340            9.779    9.470    8.999    8.465    7.859    7.177
    6.427    5.600    4.691    3.701    2.668    1.638    0.668   -0.160
   -0.784   -1.177   -1.311   -1.201   -0.930   -0.574   -0.221    0.023
    0.095   -0.046   -0.416   -1.070   -1.944   -2.965   -4.274
CT1846:335           10.217    9.986    9.618    9.203    8.737    8.226
    7.669    7.051    6.360    5.578    4.725    3.829    2.931    2.094
    1.381    0.830    0.477    0.331    0.338    0.442    0.574    0.646
    0.593    0.368   -0.050   -0.727   -1.617   -2.653   -3.988
CT1846:330           10.509   10.370   10.108    9.808    9.473    9.113
    8.725    8.292    7.792    7.200    6.521    5.767    4.968    4.168
    3.423    2.776    2.268    1.920    1.702    1.578    1.497    1.388
    1.190    0.857    0.360   -0.369   -1.302   -2.377   -3.757
CT1846:325           10.964   10.874   10.677   10.449   10.199    9.941
    9.668    9.362    9.003    8.558    8.024    7.406    6.720    5.996
    5.280    4.612    4.028    3.555    3.179    2.881    2.626    2.359
    2.030    1.596    1.029    0.264   -0.682   -1.757   -3.111
CT1846:320           11.190   11.172   11.044   10.886   10.707   10.522
   10.327   10.107    9.842    9.504    9.088    8.593    8.031    7.415
    6.780    6.155    5.567    5.037    4.562    4.132    3.725    3.302
    2.824    2.256    1.572    0.709   -0.322   -1.475   -2.897
CT1846:315           11.573   11.581   11.480   11.348   11.193   11.032
   10.863   10.676   10.456   10.184    9.857    9.474    9.040    8.560
    8.050    7.527    7.000    6.482    5.972    5.466    4.952    4.405
    3.800    3.113    2.324    1.378    0.284   -0.916   -2.350
CT1846:310           11.730   11.787   11.722   11.618   11.481   11.328
   11.165   10.989   10.793   10.570   10.321   10.048    9.750    9.424
    9.069    8.683    8.258    7.791    7.282    6.729    6.127    5.460
    4.720    3.892    2.964    1.888    0.677   -0.631   -2.154
CT1846:305           12.026   12.088   12.020   11.909   11.757   11.584
   11.403   11.217   11.030   10.847   10.674   10.511   10.356   10.194
   10.006    9.773    9.469    9.073    8.587    8.006    7.330    6.552
    5.678    4.704    3.626    2.406    1.060   -0.375   -2.000
CT1846:300           12.120   12.213   12.159   12.055   11.899   11.715
   11.526   11.343   11.181   11.057   10.977   10.942   10.941   10.952
   10.936   10.857   10.674   10.352    9.892    9.288    8.546    7.661
    6.656    5.536    4.306    2.937    1.453   -0.109   -1.834
CT1846:295           12.340   12.426   12.358   12.238   12.063   11.862
   11.668   11.498   11.377   11.329   11.360   11.465   11.625   11.805
   11.949   12.010   11.931   11.666   11.217   10.579    9.761    8.762
    7.618    6.343    4.949    3.415    1.777    0.069   -1.776
CT1846:290           12.381   12.485   12.427   12.312   12.139   11.948
   11.776   11.652   11.603   11.664   11.832   12.095   12.424   12.771
   13.064   13.245   13.249   13.021   12.565   11.880   10.978    9.862
    8.578    7.150    5.596    3.905    2.122    0.281   -1.663
CT1846:285           12.564   12.652   12.580   12.455   12.280   12.102
   11.964   11.901   11.944   12.131   12.450   12.878   13.375   13.877
   14.301   14.580   14.643   14.429   13.949   13.204   12.211   10.976
    9.557    7.984    6.283    4.455    2.552    0.608   -1.394
CT1846:280           12.558   12.655   12.594   12.484   12.330   12.193
   12.117   12.142   12.301   12.632   13.111   13.707   14.366   15.009
   15.543   15.899   15.996   15.775   15.251   14.429   13.330   11.965
   10.401    8.673    6.815    4.836    2.797    0.729   -1.359
CT1846:275           12.677   12.753   12.685   12.575   12.438   12.342
   12.331   12.449   12.727   13.200   13.834   14.585   15.388   16.153
   16.778   17.191   17.309   17.070   16.497   15.598   14.397   12.910
   11.213    9.348    7.356    5.256    3.116    0.966   -1.157
CT1846:270           12.625   12.702   12.644   12.554   12.450   12.410
   12.478   12.697   13.096   13.705   14.480   15.367   16.293   17.157
   17.852   18.306   18.432   18.168   17.541   16.564   15.261   13.653
   11.823    9.820    7.691    5.462    3.211    0.964   -1.220
CT1846:265           12.579   12.644   12.588   12.508   12.432   12.444
   12.584   12.894   13.399   14.124   15.014   16.008   17.028   17.964
   18.709   19.190   19.318   19.030   18.357   17.309   15.915   14.197
   12.245   10.115    7.858    5.510    3.154    0.813   -1.434
CT1846:260           12.482   12.534   12.478   12.406   12.353   12.409
   12.611   12.996   13.587   14.401   15.376   16.447   17.531   18.516
   19.295   19.794   19.926   19.623   18.918   17.820   16.357   14.554
   12.505   10.274    7.918    5.483    3.055    0.657   -1.613
CT1846:255           12.363   12.396   12.328   12.252   12.207   12.289
   12.530   12.965   13.611   14.480   15.506   16.620   17.737   18.746
   19.542   20.052   20.187   19.877   19.152   18.018   16.503   14.629
   12.498   10.178    7.735    5.219    2.723    0.266   -2.039
CT1846:250           12.218   12.220   12.128   12.032   11.977   12.063
   12.317   12.773   13.444   14.336   15.381   16.509   17.636   18.653
   19.457   19.978   20.124   19.822   19.097   17.952   16.412   14.499
   12.321    9.952    7.461    4.911    2.396   -0.067   -2.350
CT1846:245           12.249   12.180   12.024   11.869   11.763   11.809
   12.033   12.465   13.116   13.991   15.018   16.128   17.240   18.249
   19.052   19.580   19.739   19.452   18.739   17.598   16.051   14.121
   11.921    9.529    7.022    4.468    1.966   -0.473   -2.701
CT1846:240           12.061   11.942   11.729   11.516   11.352   11.344
   11.516   11.900   12.506   13.338   14.326   15.402   16.487   17.480
   18.281   18.817   18.995   18.731   18.041   16.918   15.384   13.460
   11.265    8.881    6.387    3.861    1.400   -0.988   -3.144
CT1846:235           12.175   11.942   11.615   11.290   11.015   10.899
   10.967   11.253   11.768   12.518   13.434   14.450   15.490   16.455
   17.244   17.785   17.979   17.742   17.082   15.991   14.490   12.601
   10.446    8.110    5.677    3.229    0.863   -1.418   -3.439
CT1846:230           11.962   11.662   11.249   10.829   10.449   10.220
   10.173   10.345   10.749   11.399   12.226   13.167   14.149   15.076
   15.846   16.384   16.590   16.375   15.747   14.694   13.237   11.400
    9.306    7.042    4.690    2.336    0.074   -2.097   -3.996
CT1846:225           11.984   11.570   11.030   10.477    9.954    9.575
    9.375    9.395    9.654   10.170   10.880   11.722   12.624   13.494
   14.229   14.750   14.958   14.766   14.177   13.180   11.795   10.052
    8.068    5.930    3.722    1.531   -0.552   -2.534   -4.219
CT1846:220           11.771   11.279   10.635    9.966    9.309    8.780
    8.422    8.280    8.379    8.743    9.313   10.032   10.829   11.615
   12.288   12.768   12.960   12.777   12.220   11.280    9.977    8.339
    6.480    4.483    2.425    0.394   -1.527   -3.345   -4.865
CT1846:215           11.527   10.966   10.223    9.440    8.650    7.967
    7.443    7.129    7.053    7.246    7.654    8.222    8.884    9.555
   10.136   10.548   10.703   10.518    9.994    9.122    7.920    6.417
    4.714    2.890    1.015   -0.828   -2.561   -4.191   -5.526
CT1846:210           11.334   10.696    9.849    8.950    8.024    7.185
    6.493    6.000    5.740    5.746    5.969    6.360    6.854    7.374
    7.828    8.143    8.237    8.037    7.542    6.745    5.660    4.312
    2.791    1.165   -0.503   -2.136   -3.662   -5.087   -6.225
CT1846:205           10.777   10.129    9.233    8.265    7.245    6.285
    5.451    4.799    4.364    4.183    4.211    4.405    4.705    5.044
    5.338    5.522    5.524    5.284    4.797    4.057    3.073    1.863
    0.501   -0.960   -2.465   -3.954   -5.361   -6.687   -7.778
CT1846:200           10.611    9.895    8.912    7.848    6.716    5.624
    4.642    3.825    3.211    2.834    2.656    2.637    2.725    2.862
    2.976    3.012    2.913    2.629    2.156    1.486    0.625   -0.414
   -1.577   -2.818   -4.094   -5.351   -6.529   -7.630   -8.504
CT1846:195           10.086    9.370    8.357    7.249    6.052    4.870
    3.777    2.826    2.054    1.496    1.117    0.885    0.755    0.678
    0.597    0.466    0.241   -0.113   -0.604   -1.239   -2.016   -2.932
   -3.946   -5.029   -6.148   -7.263   -8.322   -9.324  -10.151
CT1846:190            9.941    9.172    8.098    6.923    5.649    4.373
    3.169    2.087    1.163    0.428   -0.145   -0.586   -0.930   -1.216
   -1.490   -1.786   -2.134   -2.560   -3.068   -3.667   -4.357   -5.137
   -5.982   -6.871   -7.780   -8.674   -9.510  -10.286  -10.890
CT1846:185            9.614    8.830    7.730    6.522    5.204    3.865
    2.578    1.391    0.336   -0.555   -1.305   -1.939   -2.486   -2.973
   -3.434   -3.896   -4.376   -4.890   -5.444   -6.044   -6.691   -7.385
   -8.115   -8.868   -9.628  -10.367  -11.054  -11.691  -12.181
CT1846:180            9.482    8.658    7.521    6.274    4.911    3.513
    2.151    0.868   -0.305   -1.340   -2.253   -3.064   -3.794   -4.462
   -5.094   -5.708   -6.314   -6.917   -7.522   -8.131   -8.746   -9.364
   -9.981  -10.590  -11.181  -11.729  -12.211  -12.636  -12.911
CT1846:175            9.275    8.433    7.277    6.009    4.620    3.181
    1.760    0.398   -0.877   -2.039   -3.097   -4.066   -4.962   -5.796
   -6.586   -7.343   -8.071   -8.768   -9.438  -10.079  -10.689  -11.262
  -11.799  -12.296  -12.748  -13.133  -13.441  -13.687  -13.783
CT1846:170            9.144    8.273    7.095    5.805    4.390    2.914
    1.440    0.004   -1.366   -2.644   -3.836   -4.949   -5.994   -6.978
   -7.911   -8.801   -9.646  -10.438  -11.177  -11.858  -12.473  -13.010
  -13.476  -13.867  -14.184  -14.404  -14.530  -14.586  -14.481
CT1846:165            9.033    8.137    6.942    5.635    4.199    2.690
    1.167   -0.336   -1.792   -3.177   -4.490   -5.734   -6.916   -8.037
   -9.101  -10.114  -11.067  -11.946  -12.748  -13.461  -14.075  -14.569
  -14.952  -15.223  -15.385  -15.412  -15.320  -15.141  -14.772
CT1846:160            8.896    7.976    6.764    5.440    3.985    2.444
    0.875   -0.692   -2.230   -3.717   -5.146   -6.515   -7.828   -9.081
  -10.274  -11.409  -12.472  -13.441  -14.309  -15.061  -15.681  -16.143
  -16.460  -16.635  -16.675  -16.554  -16.299  -15.952  -15.406
CT1846:155            8.774    7.832    6.604    5.263    3.788    2.216
    0.602   -1.026   -2.642   -4.223   -5.760   -7.247   -8.683  -10.062
  -11.378  -12.627  -13.790  -14.837  -15.757  -16.530  -17.136  -17.545
  -17.775  -17.831  -17.726  -17.432  -16.986  -16.435  -15.664
CT1846:150            8.629    7.664    6.417    5.059    3.562    1.957
    0.300   -1.386   -3.075   -4.746   -6.385   -7.984   -9.539  -11.040
  -12.475  -13.836  -15.097  -16.218  -17.187  -17.978  -18.569  -18.928
  -19.080  -19.036  -18.813  -18.387  -17.803  -17.110  -16.195
CT1846:145            8.477    7.489    6.224    4.846    3.327    1.692
   -0.006   -1.743   -3.497   -5.247   -6.978   -8.678  -10.341  -11.954
  -13.499  -14.962  -16.308  -17.492  -18.497  -19.295  -19.862  -20.165
  -20.237  -20.095  -19.761  -19.215  -18.506  -17.688  -16.647
CT1846:140            8.324    7.312    6.026    4.629    3.090    1.429
   -0.303   -2.082   -3.888   -5.702   -7.507   -9.292  -11.046  -12.755
  -14.393  -15.942  -17.361  -18.596  -19.627  -20.424  -20.964  -21.214
  -21.215  -20.988  -20.561  -19.915  -19.107  -18.188  -17.046
CT1846:135            8.229    7.179    5.865    4.442    2.879    1.195
   -0.562   -2.370   -4.211   -6.069   -7.926   -9.771  -11.593  -13.372
  -15.081  -16.696  -18.169  -19.440  -20.490  -21.285  -21.804  -22.013
  -21.960  -21.670  -21.173  -20.454  -19.571  -18.577  -17.357
CT1846:130            8.070    6.995    5.664    4.228    2.655    0.965
   -0.797   -2.610   -4.458   -6.327   -8.203  -10.074  -11.928  -13.746
  -15.496  -17.149  -18.655  -19.951  -21.015  -21.814  -22.325  -22.517
  -22.439  -22.118  -21.587  -20.830  -19.907  -18.871  -17.603
CT1846:125            8.029    6.907    5.547    4.089    2.504    0.813
   -0.941   -2.739   -4.568   -6.418   -8.277  -10.136  -11.985  -13.805
  -15.561  -17.225  -18.746  -20.057  -21.137  -21.953  -22.482  -22.691
  -22.629  -22.322  -21.802  -21.052  -20.131  -19.093  -17.814
CT1846:120            7.869    6.724    5.355    3.895    2.321    0.657
   -1.057   -2.805   -4.574   -6.360   -8.155   -9.955  -11.750  -13.526
  -15.249  -16.891  -18.401  -19.717  -20.814  -21.660  -22.229  -22.488
  -22.481  -22.229  -21.761  -21.056  -20.171  -19.162  -17.893
CT1846:115            7.861    6.668    5.275    3.804    2.237    0.605
   -1.058   -2.736   -4.420   -6.109   -7.803   -9.502  -11.203  -12.895
  -14.551  -16.143  -17.627  -18.942  -20.067  -20.965  -21.611  -21.967
  -22.069  -21.932  -21.580  -20.984  -20.200  -19.284  -18.091
CT1846:110            7.706    6.491    5.098    3.640    2.108    0.536
   -1.043   -2.615   -4.176   -5.725   -7.272   -8.822  -10.380  -11.942
  -13.488  -14.995  -16.425  -17.726  -18.872  -19.828  -20.566  -21.044
  -21.283  -21.291  -21.081  -20.617  -19.946  -19.130  -18.006
CT1846:105            7.686    6.426    5.020    3.566    2.063    0.554
   -0.934   -2.389   -3.807   -5.194   -6.565   -7.936   -9.316  -10.715
  -12.119  -13.514  -14.872  -16.150  -17.320  -18.348  -19.202  -19.835
  -20.254  -20.454  -20.440  -20.162  -19.661  -19.002  -18.003
CT1846:100            7.543    6.261    4.861    3.429    1.974    0.548
   -0.829   -2.146   -3.399   -4.596   -5.764   -6.922   -8.092   -9.291
  -10.519  -11.770  -13.029  -14.264  -15.447  -16.544  -17.519  -18.320
  -18.936  -19.350  -19.551  -19.474  -19.152  -18.654  -17.772
CT1846:095            7.469    6.155    4.755    3.340    1.930    0.586
   -0.679   -1.853   -2.935   -3.933   -4.882   -5.810   -6.746   -7.719
   -8.744   -9.825  -10.962  -12.136  -13.319  -14.480  -15.580  -16.560
  -17.390  -18.035  -18.472  -18.617  -18.491  -18.168  -17.410
CT1846:090            7.341    6.004    4.608    3.214    1.852    0.591
   -0.559   -1.588   -2.494   -3.287   -4.007   -4.691   -5.375   -6.102
   -6.901   -7.789   -8.782   -9.879  -11.053  -12.274  -13.500  -14.669
  -15.728  -16.624  -17.318  -17.708  -17.801  -17.676  -17.065
CT1846:085            7.222    5.864    4.473    3.097    1.779    0.598
   -0.444   -1.332   -2.066   -2.652   -3.140   -3.571   -3.990   -4.453
   -5.005   -5.678   -6.507   -7.509   -8.657   -9.927  -11.272  -12.623
  -13.904  -15.044  -15.986  -16.605  -16.895  -16.942  -16.441
CT1846:080            7.111    5.726    4.329    2.962    1.677    0.562
   -0.383   -1.142   -1.714   -2.101   -2.359   -2.536   -2.686   -2.877
   -3.173   -3.620   -4.276   -5.176   -6.296   -7.615   -9.082  -10.623
  -12.136  -13.532  -14.736  -15.604  -16.117  -16.368  -16.023
CT1846:075            6.878    5.488    4.097    2.746    1.494    0.441
   -0.416   -1.055   -1.475   -1.671   -1.705   -1.630   -1.510   -1.425
   -1.459   -1.676   -2.152   -2.945   -4.033   -5.395   -6.978   -8.700
  -10.433  -12.072  -13.523  -14.625  -15.349  -15.794  -15.602
CT1846:070            6.788    5.366    3.954    2.592    1.346    0.326
   -0.471   -1.019   -1.312   -1.341   -1.172   -0.863   -0.487   -0.136
    0.084    0.092   -0.209   -0.896   -1.948   -3.346   -5.032   -6.916
   -8.845  -10.697  -12.365  -13.672  -14.584  -15.202  -15.154
CT1846:065            6.226    4.859    3.484    2.154    0.942   -0.032
   -0.766   -1.229   -1.408   -1.287   -0.933   -0.409    0.203    0.800
    1.256    1.473    1.335    0.747   -0.270   -1.698   -3.472   -5.495
   -7.594   -9.634  -11.497  -12.999  -14.100  -14.907  -15.046
CT1846:060            6.160    4.758    3.347    1.983    0.743   -0.245
   -0.974   -1.407   -1.528   -1.311   -0.826   -0.140    0.661    1.459
    2.113    2.510    2.516    2.024    1.054   -0.374   -2.192   -4.292
   -6.490   -8.639  -10.614  -12.229  -13.442  -14.360  -14.611
CT1846:055            5.646    4.301    2.913    1.560    0.319   -0.674
   -1.403   -1.825   -1.916   -1.641   -1.071   -0.272    0.663    1.612
    2.419    2.958    3.086    2.685    1.776    0.381   -1.428   -3.541
   -5.765   -7.951   -9.972  -11.644  -12.927  -13.924  -14.274
CT1846:050            5.605    4.230    2.793    1.386    0.083   -0.974
   -1.765   -2.241   -2.371   -2.114   -1.536   -0.706    0.284    1.307
    2.200    2.830    3.048    2.733    1.905    0.586   -1.150   -3.195
   -5.357   -7.490   -9.474  -11.135  -12.432  -13.461  -13.882
CT1846:045            5.834    4.385    2.865    1.368   -0.033   -1.196
   -2.097   -2.681   -2.915   -2.747   -2.242   -1.463   -0.503    0.514
    1.424    2.093    2.373    2.145    1.428    0.242   -1.343   -3.225
   -5.225   -7.207   -9.062  -10.628  -11.866  -12.860  -13.290
CT1846:040            5.831    4.364    2.795    1.236   -0.248   -1.520
   -2.546   -3.270   -3.651   -3.631   -3.267   -2.617   -1.766   -0.829
    0.033    0.692    1.010    0.872    0.294   -0.709   -2.076   -3.720
   -5.484   -7.249   -8.919  -10.356  -11.520  -12.474  -12.939
CT1846:035            6.516    4.912    3.209    1.511   -0.125   -1.567
   -2.782   -3.711   -4.310   -4.516   -4.376   -3.938   -3.280   -2.499
   -1.744   -1.136   -0.799   -0.836   -1.242   -2.008   -3.089   -4.417
   -5.864   -7.335   -8.748   -9.993  -11.020  -11.875  -12.310
CT1846:030            6.581    4.978    3.242    1.492   -0.227   -1.797
   -3.175   -4.303   -5.131   -5.589   -5.712   -5.534   -5.116   -4.537
   -3.925   -3.391   -3.040   -2.964   -3.172   -3.666   -4.420   -5.395
   -6.494   -7.649   -8.795   -9.848  -10.753  -11.531  -11.979
CT1846:025            7.130    5.460    3.645    1.805   -0.029   -1.753
   -3.321   -4.676   -5.766   -6.516   -6.943   -7.066   -6.930   -6.586
   -6.141   -5.691   -5.324   -5.122   -5.110   -5.305   -5.703   -6.296
   -7.021   -7.831   -8.681   -9.508  -10.247  -10.898  -11.289
CT1846:020            7.282    5.643    3.831    1.974    0.088   -1.739
   -3.458   -5.010   -6.341   -7.371   -8.098   -8.525   -8.674   -8.569
   -8.294   -7.930   -7.546   -7.217   -6.988   -6.894   -6.955   -7.193
   -7.578   -8.087   -8.686   -9.338   -9.964  -10.543  -10.946
CT1846:015            7.692    6.064    4.250    2.376    0.450   -1.463
   -3.310   -5.036   -6.585   -7.874   -8.882   -9.594  -10.014  -10.135
  -10.019   -9.734   -9.333   -8.885   -8.457   -8.100   -7.858   -7.781
   -7.868   -8.111   -8.488   -8.976   -9.487   -9.984  -10.365
CT1846:010            7.946    6.385    4.622    2.788    0.876   -1.063
   -2.978   -4.816   -6.521   -8.008   -9.241  -10.188  -10.835  -11.151
  -11.175  -10.965  -10.559  -10.023   -9.441   -8.882   -8.410   -8.101
   -7.971   -8.028   -8.256   -8.645   -9.098   -9.565   -9.974
CT1846:005            8.336    6.842    5.148    3.376    1.514   -0.404
   -2.328   -4.212   -6.000   -7.611   -8.996  -10.112  -10.929  -11.399
  -11.543  -11.407  -11.018  -10.440   -9.770   -9.088   -8.475   -8.023
   -7.764   -7.714   -7.860   -8.200   -8.631   -9.096   -9.547
CT1847:360            8.690    7.296    5.708    4.043    2.282    0.449
   -1.410   -3.256   -5.037   -6.676   -8.121   -9.323  -10.243  -10.822
  -11.065  -11.008  -10.671  -10.109   -9.428   -8.714   -8.057   -7.560
   -7.262   -7.184   -7.313   -7.652   -8.097   -8.587   -9.092
