CT1863:360           10.692    9.822    8.832    7.819    6.811    5.872
    5.020    4.277    3.661    3.196    2.867    2.666    2.572    2.569
    2.612    2.658    2.664    2.574    2.357    1.976    1.398    0.575
   -0.479   -1.762   -3.255   -4.967   -6.790   -8.653  -10.488
CT1863:355           10.771    9.935    8.992    8.034    7.089    6.223
    5.452    4.796    4.269    3.889    3.639    3.503    3.458    3.478
    3.515    3.527    3.466    3.281    2.947    2.435    1.721    0.770
   -0.398   -1.772   -3.329   -5.071   -6.896   -8.741  -10.525
CT1863:350           10.875   10.068    9.173    8.269    7.393    6.609
    5.928    5.367    4.935    4.643    4.466    4.384    4.367    4.382
    4.383    4.330    4.175    3.873    3.407    2.757    1.906    0.829
   -0.445   -1.903   -3.519   -5.287   -7.114   -8.946  -10.691
CT1863:345           10.852   10.096    9.265    8.433    7.640    6.953
    6.376    5.922    5.592    5.389    5.279    5.234    5.223    5.205
    5.138    4.987    4.711    4.271    3.661    2.866    1.880    0.684
   -0.690   -2.226   -3.900   -5.703   -7.548   -9.391  -11.137
CT1863:340           10.958   10.230    9.446    8.672    7.951    7.353
    6.873    6.519    6.284    6.158    6.099    6.072    6.041    5.963
    5.800    5.528    5.112    4.526    3.773    2.848    1.748    0.464
   -0.975   -2.551   -4.242   -6.035   -7.853   -9.658  -11.346
CT1863:335           10.854   10.181    9.464    8.763    8.125    7.620
    7.240    6.985    6.839    6.778    6.754    6.724    6.650    6.485
    6.202    5.787    5.216    4.473    3.572    2.516    1.305   -0.065
   -1.569   -3.192   -4.917   -6.735   -8.578  -10.410  -12.139
CT1863:330           10.944   10.292    9.611    8.954    8.373    7.937
    7.630    7.447    7.362    7.342    7.327    7.273    7.138    6.874
    6.464    5.904    5.183    4.298    3.273    2.116    0.833   -0.578
   -2.096   -3.712   -5.409   -7.182   -8.969  -10.738  -12.394
CT1863:325           11.026   10.383    9.726    9.100    8.559    8.170
    7.912    7.773    7.723    7.715    7.686    7.588    7.378    7.008
    6.471    5.773    4.913    3.900    2.767    1.526    0.188   -1.249
   -2.768   -4.365   -6.030   -7.759   -9.497  -11.216  -12.821
CT1863:320           11.085   10.449    9.807    9.198    8.679    8.315
    8.079    7.955    7.909    7.886    7.822    7.666    7.377    6.909
    6.258    5.443    4.469    3.356    2.141    0.843   -0.526   -1.964
   -3.463   -5.020   -6.631   -8.293   -9.957  -11.598  -13.120
CT1863:315           11.297   10.629    9.965    9.339    8.805    8.427
    8.173    8.026    7.946    7.878    7.757    7.532    7.164    6.609
    5.868    4.964    3.906    2.724    1.457    0.127   -1.251   -2.672
   -4.133   -5.634   -7.174   -8.750  -10.317  -11.855  -13.259
CT1863:310           11.322   10.645    9.968    9.326    8.772    8.364
    8.073    7.878    7.743    7.611    7.422    7.127    6.690    6.067
    5.263    4.300    3.193    1.970    0.675   -0.670   -2.047   -3.450
   -4.877   -6.331   -7.811   -9.317  -10.808  -12.265  -13.581
CT1863:305           11.406   10.699    9.984    9.301    8.699    8.233
    7.873    7.601    7.384    7.169    6.901    6.535    6.038    5.367
    4.527    3.537    2.411    1.178   -0.122   -1.463   -2.829   -4.208
   -5.601   -7.010   -8.436   -9.876  -11.294  -12.673  -13.903
CT1863:300           11.403   10.672    9.919    9.189    8.528    7.987
    7.542    7.178    6.864    6.558    6.208    5.777    5.231    4.533
    3.683    2.695    1.579    0.361   -0.921   -2.244   -3.588   -4.941
   -6.302   -7.671   -9.048  -10.429  -11.779  -13.084  -14.229
CT1863:295           11.436   10.666    9.858    9.064    8.326    7.693
    7.145    6.672    6.250    5.844    5.411    4.918    4.334    3.623
    2.780    1.814    0.728   -0.457   -1.707   -3.000   -4.318   -5.647
   -6.981   -8.319   -9.660  -10.995  -12.291  -13.537  -14.612
CT1863:290           11.415   10.611    9.748    8.889    8.070    7.339
    6.685    6.101    5.570    5.068    4.559    4.012    3.400    2.688
    1.867    0.936   -0.105   -1.242   -2.448   -3.702   -4.987   -6.287
   -7.594   -8.903  -10.210  -11.501  -12.743  -13.928  -14.927
CT1863:285           11.396   10.552    9.630    8.701    7.796    6.965
    6.203    5.509    4.874    4.281    3.701    3.107    2.473    1.766
    0.970    0.079   -0.913   -2.001   -3.160   -4.375   -5.628   -6.905
   -8.194   -9.486  -10.773  -12.039  -13.247  -14.394  -15.343
CT1863:280           11.371   10.491    9.511    8.514    7.528    6.603
    5.740    4.946    4.217    3.544    2.904    2.271    1.622    0.923
    0.154   -0.696   -1.640   -2.678   -3.790   -4.963   -6.183   -7.435
   -8.703   -9.976  -11.243  -12.480  -13.649  -14.749  -15.633
CT1863:275           11.295   10.387    9.358    8.304    7.247    6.240
    5.293    4.414    3.607    2.869    2.179    1.515    0.853    0.161
   -0.586   -1.403   -2.307   -3.302   -4.376   -5.518   -6.715   -7.954
   -9.217  -10.489  -11.755  -12.988  -14.149  -15.235  -16.095
CT1863:270           11.277   10.337    9.260    8.151    7.031    5.954
    4.936    3.989    3.119    2.330    1.601    0.913    0.241   -0.446
   -1.175   -1.964   -2.835   -3.797   -4.838   -5.953   -7.131   -8.358
   -9.613  -10.880  -12.140  -13.360  -14.496  -15.549  -16.356
CT1863:265           11.254   10.286    9.170    8.017    6.848    5.718
    4.647    3.651    2.736    1.910    1.153    0.446   -0.235   -0.920
   -1.638   -2.411   -3.261   -4.202   -5.227   -6.332   -7.506   -8.739
  -10.007  -11.290  -12.567  -13.800  -14.943  -15.999  -16.797
CT1863:260           11.250   10.261    9.115    7.930    6.725    5.561
    4.457    3.430    2.488    1.641    0.867    0.148   -0.539   -1.223
   -1.934   -2.696   -3.533   -4.461   -5.478   -6.580   -7.758   -9.002
  -10.284  -11.581  -12.869  -14.103  -15.236  -16.271  -17.027
CT1863:255           11.250   10.244    9.078    7.872    6.647    5.464
    4.344    3.304    2.351    1.494    0.712   -0.013   -0.705   -1.390
   -2.100   -2.859   -3.694   -4.625   -5.650   -6.767   -7.969   -9.244
  -10.561  -11.894  -13.217  -14.480  -15.633  -16.684  -17.442
CT1863:250           11.264   10.248    9.073    7.859    6.627    5.441
    4.321    3.282    2.331    1.476    0.696   -0.029   -0.720   -1.405
   -2.114   -2.874   -3.712   -4.652   -5.692   -6.833   -8.066   -9.376
  -10.729  -12.096  -13.445  -14.723  -15.877  -16.918  -17.643
CT1863:245           11.238   10.226    9.056    7.848    6.625    5.452
    4.345    3.320    2.384    1.540    0.769    0.051   -0.635   -1.318
   -2.029   -2.794   -3.645   -4.605   -5.675   -6.853   -8.131   -9.491
  -10.894  -12.308  -13.699  -15.007  -16.180  -17.232  -17.950
CT1863:240           11.267   10.257    9.094    7.896    6.687    5.531
    4.444    3.440    2.523    1.697    0.941    0.234   -0.444   -1.124
   -1.838   -2.613   -3.481   -4.469   -5.576   -6.799   -8.127   -9.539
  -10.992  -12.450  -13.876  -15.205  -16.384  -17.433  -18.125
CT1863:235           11.227   10.238    9.098    7.924    6.743    5.617
    4.559    3.584    2.694    1.892    1.156    0.466   -0.201   -0.877
   -1.595   -2.384   -3.278   -4.302   -5.453   -6.728   -8.111   -9.579
  -11.084  -12.588  -14.050  -15.402  -16.591  -17.640  -18.312
CT1863:230           11.266   10.286    9.163    8.009    6.851    5.752
    4.722    3.775    2.912    2.134    1.419    0.746    0.089   -0.585
   -1.313   -2.122   -3.047   -4.114   -5.316   -6.646   -8.086   -9.608
  -11.162  -12.707  -14.201  -15.571  -16.766  -17.812  -18.463
CT1863:225           11.265   10.306    9.208    8.081    6.953    5.884
    4.886    3.969    3.134    2.383    1.690    1.034    0.387   -0.289
   -1.030   -1.863   -2.826   -3.939   -5.194   -6.579   -8.074   -9.646
  -11.244  -12.824  -14.345  -15.729  -16.929  -17.971  -18.602
CT1863:220           11.306   10.360    9.280    8.175    7.071    6.028
    5.057    4.166    3.357    2.629    1.956    1.313    0.672   -0.009
   -0.767   -1.630   -2.632   -3.795   -5.102   -6.540   -8.085   -9.701
  -11.336  -12.945  -14.486  -15.881  -17.081  -18.118  -18.728
CT1863:215           11.356   10.423    9.360    8.274    7.190    6.170
    5.221    4.353    3.566    2.857    2.200    1.568    0.929    0.239
   -0.538   -1.431   -2.472   -3.680   -5.035   -6.521   -8.109   -9.760
  -11.423  -13.051  -14.604  -16.001  -17.195  -18.219  -18.804
CT1863:210           11.393   10.472    9.424    8.353    7.286    6.282
    5.349    4.498    3.726    3.032    2.385    1.759    1.120    0.421
   -0.375   -1.295   -2.372   -3.621   -5.018   -6.545   -8.169   -9.851
  -11.536  -13.179  -14.740  -16.136  -17.324  -18.338  -18.905
CT1863:205           11.481   10.563    9.521    8.455    7.394    6.395
    5.468    4.621    3.855    3.164    2.521    1.895    1.253    0.547
   -0.263   -1.202   -2.303   -3.579   -5.006   -6.559   -8.207   -9.903
  -11.594  -13.235  -14.783  -16.156  -17.310  -18.284  -18.795
CT1863:200           11.511   10.602    9.566    8.505    7.445    6.444
    5.512    4.660    3.886    3.189    2.539    1.907    1.260    0.547
   -0.271   -1.220   -2.336   -3.630   -5.076   -6.650   -8.315  -10.024
  -11.723  -13.364  -14.908  -16.270  -17.411  -18.370  -18.863
CT1863:195           11.652   10.733    9.685    8.610    7.534    6.513
    5.558    4.680    3.881    3.160    2.490    1.843    1.185    0.469
   -0.348   -1.294   -2.405   -3.696   -5.140   -6.710   -8.369  -10.067
  -11.745  -13.357  -14.862  -16.173  -17.254  -18.145  -18.553
CT1863:190           11.679   10.763    9.710    8.626    7.533    6.486
    5.499    4.584    3.745    2.985    2.280    1.606    0.932    0.210
   -0.602   -1.538   -2.636   -3.912   -5.341   -6.899   -8.545  -10.227
  -11.888  -13.480  -14.964  -16.253  -17.313  -18.184  -18.578
CT1863:185           11.712   10.797    9.736    8.637    7.519    6.435
    5.403    4.435    3.540    2.724    1.969    1.256    0.557   -0.174
   -0.981   -1.899   -2.968   -4.211   -5.605   -7.124   -8.732  -10.374
  -11.993  -13.542  -14.980  -16.225  -17.239  -18.066  -18.414
CT1863:180           11.741   10.826    9.751    8.633    7.485    6.357
    5.269    4.237    3.271    2.384    1.565    0.799    0.062   -0.687
   -1.492   -2.392   -3.429   -4.629   -5.972   -7.438   -8.990  -10.577
  -12.144  -13.644  -15.040  -16.249  -17.236  -18.042  -18.381
CT1863:175           11.613   10.723    9.655    8.532    7.365    6.199
    5.059    3.963    2.926    1.964    1.074    0.247   -0.538   -1.315
   -2.126   -3.013   -4.018   -5.169   -6.453   -7.853   -9.337  -10.861
  -12.369  -13.821  -15.180  -16.369  -17.354  -18.167  -18.540
CT1863:170           11.645   10.754    9.672    8.529    7.331    6.119
    4.923    3.760    2.648    1.608    0.643   -0.252   -1.092   -1.904
   -2.730   -3.610   -4.585   -5.683   -6.899   -8.219   -9.617  -11.054
  -12.484  -13.866  -15.167  -16.316  -17.274  -18.070  -18.442
CT1863:165           11.584   10.706    9.624    8.474    7.258    6.014
    4.775    3.560    2.389    1.285    0.254   -0.704   -1.598   -2.452
   -3.303   -4.187   -5.144   -6.201   -7.356   -8.604   -9.923  -11.284
  -12.645  -13.975  -15.241  -16.379  -17.347  -18.169  -18.599
CT1863:160           11.618   10.739    9.651    8.491    7.259    5.993
    4.726    3.477    2.265    1.117    0.039   -0.966   -1.906   -2.798
   -3.673   -4.567   -5.514   -6.537   -7.641   -8.820  -10.062  -11.344
  -12.633  -13.900  -15.118  -16.227  -17.180  -17.996  -18.439
CT1863:155           11.667   10.785    9.693    8.529    7.291    6.020
    4.745    3.488    2.265    1.101    0.003   -1.027   -1.995   -2.915
   -3.815   -4.725   -5.674   -6.682   -7.755   -8.890  -10.078  -11.304
  -12.543  -13.770  -14.960  -16.059  -17.017  -17.848  -18.327
CT1863:150           11.699   10.821    9.734    8.578    7.351    6.095
    4.840    3.604    2.405    1.260    0.176   -0.849   -1.820   -2.752
   -3.669   -4.595   -5.554   -6.563   -7.625   -8.740   -9.901  -11.096
  -12.306  -13.511  -14.688  -15.786  -16.753  -17.600  -18.108
CT1863:145           11.799   10.915    9.832    8.685    7.478    6.253
    5.039    3.851    2.704    1.612    0.573   -0.416   -1.364   -2.288
   -3.208   -4.145   -5.119   -6.141   -7.211   -8.328   -9.484  -10.671
  -11.871  -13.067  -14.237  -15.331  -16.294  -17.138  -17.642
CT1863:140           11.830   10.953    9.888    8.767    7.596    6.423
    5.273    4.160    3.095    2.084    1.120    0.194   -0.708   -1.605
   -2.517   -3.461   -4.453   -5.501   -6.599   -7.745   -8.930  -10.145
  -11.374  -12.600  -13.801  -14.928  -15.929  -16.812  -17.365
CT1863:135           11.922   11.043    9.995    8.899    7.769    6.657
    5.584    4.562    3.596    2.686    1.818    0.976    0.140   -0.713
   -1.603   -2.543   -3.548   -4.620   -5.752   -6.935   -8.160   -9.415
  -10.682  -11.942  -13.174  -14.325  -15.345  -16.243  -16.802
CT1863:130           11.953   11.083   10.060    8.999    7.920    6.880
    5.895    4.974    4.118    3.322    2.561    1.813    1.055    0.256
   -0.602   -1.531   -2.543   -3.642   -4.811   -6.044   -7.325   -8.642
   -9.972  -11.296  -12.591  -13.802  -14.882  -15.841  -16.465
CT1863:125           11.916   11.065   10.076    9.059    8.038    7.075
    6.183    5.368    4.626    3.946    3.296    2.647    1.971    1.234
    0.416   -0.492   -1.504   -2.620   -3.823   -5.101   -6.440   -7.824
   -9.226  -10.625  -11.994  -13.281  -14.437  -15.475  -16.187
CT1863:120           11.942   11.098   10.135    9.152    8.181    7.288
    6.479    5.761    5.123    4.550    4.003    3.448    2.853    2.180
    1.409    0.531   -0.467   -1.587   -2.808   -4.120   -5.504   -6.944
   -8.410   -9.876  -11.315  -12.672  -13.899  -15.010  -15.799
CT1863:115           11.824   11.010   10.085    9.148    8.233    7.410
    6.683    6.054    5.513    5.036    4.582    4.113    3.594    2.985
    2.264    1.424    0.450   -0.662   -1.889   -3.222   -4.643   -6.135
   -7.665   -9.204  -10.725  -12.174  -13.503  -14.722  -15.641
CT1863:110           11.838   11.026   10.118    9.205    8.327    7.554
    6.887    6.326    5.858    5.457    5.078    4.680    4.229    3.680
    3.014    2.221    1.286    0.202   -1.009   -2.337   -3.768   -5.284
   -6.850   -8.436  -10.012  -11.524  -12.923  -14.218  -15.222
CT1863:105           11.734   10.941   10.059    9.175    8.333    7.605
    6.987    6.480    6.069    5.728    5.407    5.069    4.676    4.185
    3.575    2.837    1.951    0.911   -0.266   -1.572   -2.994   -4.518
   -6.106   -7.729   -9.355  -10.934  -12.412  -13.795  -14.909
CT1863:100           11.730   10.932   10.054    9.178    8.351    7.644
    7.052    6.575    6.197    5.891    5.610    5.314    4.969    4.531
    3.977    3.299    2.475    1.494    0.371   -0.890   -2.278   -3.783
   -5.368   -7.004   -8.658  -10.283  -11.822  -13.276  -14.478
CT1863:095           11.658   10.863    9.990    9.121    8.303    7.608
    7.028    6.564    6.200    5.912    5.654    5.388    5.080    4.690
    4.195    3.582    2.829    1.922    0.870   -0.325   -1.657   -3.121
   -4.682   -6.310   -7.974   -9.633  -11.223  -12.738  -14.024
CT1863:090           11.634   10.826    9.943    9.064    8.238    7.534
    6.946    6.474    6.104    5.814    5.560    5.309    5.028    4.679
    4.239    3.694    3.019    2.195    1.229    0.117   -1.139   -2.542
   -4.058   -5.662   -7.324   -9.008  -10.645  -12.223  -13.597
CT1863:085           11.597   10.775    9.876    8.981    8.137    7.412
    6.802    6.306    5.913    5.605    5.342    5.093    4.829    4.516
    4.130    3.654    3.064    2.336    1.471    0.462   -0.697   -2.015
   -3.462   -5.018   -6.655   -8.344  -10.009  -11.628  -13.066
CT1863:080           11.556   10.714    9.792    8.872    7.999    7.241
    6.594    6.060    5.629    5.288    5.002    4.744    4.487    4.202
    3.866    3.459    2.955    2.329    1.575    0.680   -0.369   -1.588
   -2.955   -4.456   -6.064   -7.759   -9.459  -11.131  -12.655
CT1863:075           11.512   10.650    9.701    8.751    7.842    7.042
    6.348    5.764    5.284    4.901    4.581    4.304    4.047    3.786
    3.496    3.158    2.746    2.230    1.600    0.833   -0.087   -1.189
   -2.457   -3.883   -5.443   -7.126   -8.841  -10.544  -12.124
CT1863:070           11.462   10.577    9.596    8.611    7.660    6.810
    6.062    5.420    4.883    4.447    4.086    3.783    3.518    3.274
    3.027    2.757    2.436    2.034    1.531    0.899    0.112   -0.869
   -2.036   -3.388   -4.905   -6.584   -8.327  -10.078  -11.739
CT1863:065           11.347   10.451    9.447    8.432    7.443    6.546
    5.743    5.044    4.448    3.958    3.554    3.221    2.947    2.718
    2.513    2.311    2.084    1.800    1.428    0.937    0.289   -0.565
   -1.627   -2.899   -4.368   -6.038   -7.800   -9.587  -11.314
CT1863:060           11.297   10.378    9.341    8.288    7.253    6.303
    5.442    4.682    4.026    3.480    3.031    2.667    2.381    2.166
    2.002    1.866    1.732    1.562    1.321    0.966    0.453   -0.281
   -1.243   -2.445   -3.872   -5.540   -7.330   -9.162  -10.965
CT1863:055           11.156   10.233    9.178    8.100    7.032    6.039
    5.130    4.319    3.611    3.019    2.532    2.145    1.851    1.653
    1.531    1.461    1.417    1.359    1.241    1.014    0.626    0.002
   -0.872   -2.011   -3.406   -5.076   -6.895   -8.772  -10.645
CT1863:050           11.114   10.171    9.088    7.978    6.871    5.834
    4.878    4.020    3.267    2.637    2.120    1.716    1.422    1.243
    1.163    1.155    1.195    1.238    1.231    1.118    0.838    0.307
   -0.494   -1.584   -2.955   -4.632   -6.481   -8.402  -10.343
CT1863:045           11.083   10.123    9.015    7.876    6.737    5.663
    4.671    3.777    2.993    2.338    1.806    1.397    1.111    0.958
    0.920    0.972    1.086    1.215    1.300    1.280    1.088    0.630
   -0.115   -1.170   -2.526   -4.216   -6.094   -8.056  -10.055
CT1863:040           11.055   10.083    8.956    7.795    6.630    5.528
    4.510    3.593    2.791    2.128    1.595    1.196    0.930    0.808
    0.812    0.915    1.090    1.287    1.443    1.491    1.362    0.956
    0.247   -0.787   -2.140   -3.846   -5.756   -7.758   -9.813
CT1863:035           11.111   10.118    8.968    7.783    6.592    5.466
    4.426    3.493    2.684    2.023    1.503    1.124    0.886    0.798
    0.841    0.987    1.207    1.451    1.654    1.747    1.657    1.282
    0.594   -0.431   -1.788   -3.511   -5.448   -7.483   -9.580
CT1863:030           11.105   10.109    8.951    7.758    6.555    5.417
    4.368    3.433    2.629    1.982    1.486    1.137    0.934    0.883
    0.961    1.140    1.391    1.663    1.889    2.004    1.932    1.570
    0.889   -0.137   -1.502   -3.243   -5.206   -7.272   -9.407
CT1863:025           11.161   10.160    8.996    7.795    6.583    5.436
    4.382    3.446    2.649    2.021    1.551    1.235    1.066    1.049
    1.157    1.358    1.625    1.905    2.137    2.255    2.184    1.821
    1.137    0.106   -1.268   -3.023   -5.004   -7.090   -9.247
CT1863:020           11.179   10.185    9.028    7.833    6.624    5.478
    4.426    3.497    2.712    2.104    1.661    1.376    1.240    1.251
    1.381    1.595    1.865    2.139    2.360    2.465    2.380    2.006
    1.311    0.270   -1.114   -2.881   -4.876   -6.976   -9.151
CT1863:015           11.233   10.249    9.104    7.919    6.719    5.581
    4.536    3.615    2.842    2.252    1.831    1.572    1.461    1.493
    1.635    1.852    2.113    2.370    2.568    2.647    2.539    2.144
    1.435    0.384   -1.006   -2.775   -4.768   -6.865   -9.033
CT1863:010           11.276   10.310    9.185    8.022    6.843    5.722
    4.692    3.785    3.028    2.455    2.053    1.813    1.719    1.762
    1.906    2.114    2.354    2.580    2.740    2.779    2.633    2.206
    1.471    0.402   -0.998   -2.770   -4.762   -6.855   -9.018
CT1863:005           11.256   10.324    9.238    8.113    6.971    5.884
    4.884    4.004    3.270    2.717    2.333    2.108    2.024    2.069
    2.203    2.390    2.596    2.775    2.882    2.864    2.662    2.186
    1.413    0.315   -1.102   -2.880   -4.872   -6.964   -9.123
CT1864:360           11.316   10.410    9.359    8.274    7.174    6.128
    5.167    4.323    3.620    3.092    2.726    2.512    2.430    2.465
    2.578    2.729    2.886    3.004    3.041    2.950    2.677    2.141
    1.320    0.192   -1.240   -3.014   -4.990   -7.059   -9.189
