CT1825:360           -5.822   -8.421  -11.049  -13.651  -16.175  -18.494
  -20.566  -22.317  -23.676  -24.533  -24.902  -24.793  -24.238  -23.256
  -21.955  -20.436  -18.759  -16.987  -15.169  -13.321  -11.458   -9.592
   -7.743   -5.934   -4.192   -2.571   -1.082    0.314    1.504
CT1825:355           -5.201   -7.756  -10.369  -12.970  -15.513  -17.877
  -20.018  -21.860  -23.334  -24.332  -24.864  -24.932  -24.565  -23.771
  -22.644  -21.274  -19.710  -18.006  -16.209  -14.341  -12.417  -10.459
   -8.498   -6.569   -4.705   -2.970   -1.383    0.097    1.339
CT1825:350           -4.658   -7.102   -9.635  -12.172  -14.675  -17.030
  -19.188  -21.077  -22.631  -23.744  -24.422  -24.664  -24.489  -23.896
  -22.962  -21.766  -20.341  -18.728  -16.977  -15.109  -13.147  -11.118
   -9.069   -7.041   -5.077   -3.248   -1.580   -0.028    1.258
CT1825:345           -3.831   -6.166   -8.609  -11.065  -13.506  -15.824
  -17.973  -19.884  -21.494  -22.706  -23.521  -23.933  -23.956  -23.576
  -22.855  -21.855  -20.595  -19.102  -17.427  -15.593  -13.628  -11.567
   -9.470   -7.389   -5.372   -3.499   -1.798   -0.226    1.052
CT1825:340           -3.095   -5.255   -7.543   -9.858  -12.177  -14.405
  -16.493  -18.380  -20.006  -21.283  -22.208  -22.771  -22.979  -22.807
  -22.299  -21.501  -20.416  -19.057  -17.476  -15.697  -13.754  -11.688
   -9.572   -7.464   -5.418   -3.517   -1.794   -0.204    1.077
CT1825:335           -2.203   -4.173   -6.285   -8.434  -10.604  -12.712
  -14.712  -16.546  -18.162  -19.482  -20.497  -21.195  -21.574  -21.602
  -21.303  -20.708  -19.805  -18.597  -17.134  -15.442  -13.561  -11.536
   -9.451   -7.368   -5.347   -3.472   -1.779   -0.223    1.010
CT1825:330           -1.304   -3.044   -4.940   -6.883   -8.865  -10.818
  -12.694  -14.445  -16.021  -17.355  -18.434  -19.242  -19.768  -19.973
  -19.864  -19.457  -18.731  -17.678  -16.346  -14.763  -12.972  -11.024
   -9.006   -6.985   -5.020   -3.197   -1.552   -0.043    1.147
CT1825:325           -0.333   -1.823   -3.481   -5.196   -6.968   -8.742
  -10.474  -12.119  -13.635  -14.963  -16.083  -16.976  -17.624  -17.979
  -18.037  -17.802  -17.244  -16.348  -15.164  -13.719  -12.057  -10.233
   -8.335   -6.431   -4.579   -2.865   -1.326    0.080    1.168
CT1825:320            0.685   -0.534   -1.932   -3.397   -4.938   -6.516
   -8.085   -9.607  -11.045  -12.346  -13.485  -14.435  -15.175  -15.649
  -15.842  -15.752  -15.343  -14.598  -13.566  -12.275  -10.769   -9.099
   -7.354   -5.599   -3.890   -2.306   -0.884    0.412    1.410
CT1825:315            1.800    0.853   -0.281   -1.491   -2.794   -4.168
   -5.565   -6.956   -8.305   -9.565  -10.704  -11.690  -12.493  -13.057
  -13.357  -13.387  -13.111  -12.514  -11.643  -10.525   -9.203   -7.726
   -6.177   -4.617   -3.096   -1.691   -0.435    0.704    1.563
CT1825:310            2.890    2.238    1.386    0.448   -0.605   -1.763
   -2.979   -4.227   -5.474   -6.676   -7.795   -8.791   -9.631  -10.254
  -10.631  -10.756  -10.594  -10.134   -9.421   -8.483   -7.359   -6.095
   -4.763   -3.418   -2.107   -0.895    0.185    1.162    1.892
CT1825:305            3.988    3.637    3.071    2.408    1.609    0.669
   -0.363   -1.463   -2.600   -3.734   -4.816   -5.804   -6.658   -7.316
   -7.748   -7.947   -7.884   -7.552   -6.995   -6.240   -5.324   -4.285
   -3.188   -2.078   -0.995    0.005    0.894    1.696    2.292
CT1825:300            5.095    5.045    4.766    4.377    3.829    3.105
    2.257    1.304    0.280   -0.776   -1.811   -2.776   -3.628   -4.304
   -4.776   -5.035   -5.060   -4.847   -4.442   -3.870   -3.165   -2.360
   -1.509   -0.650    0.186    0.953    1.629    2.234    2.673
CT1825:295            6.105    6.367    6.381    6.271    5.977    5.469
    4.804    4.002    3.095    2.122    1.145    0.214   -0.623   -1.306
   -1.804   -2.112   -2.214   -2.113   -1.851   -1.456   -0.957   -0.385
    0.218    0.823    1.405    1.930    2.384    2.785    3.064
CT1825:290            7.169    7.724    8.012    8.164    8.108    7.802
    7.309    6.647    5.850    4.958    4.038    3.145    2.328    1.645
    1.127    0.777    0.605    0.605    0.732    0.961    1.263    1.610
    1.970    2.321    2.648    2.927    3.154    3.345    3.458
CT1825:285            8.174    9.013    9.568    9.972   10.145   10.033
    9.703    9.173    8.480    7.665    6.801    5.946    5.151    4.472
    3.939    3.553    3.320    3.227    3.231    3.306    3.424    3.557
    3.682    3.786    3.862    3.897    3.899    3.882    3.829
CT1825:280            9.144   10.250   11.056   11.698   12.086   12.154
   11.974   11.565   10.966   10.219    9.404    8.582    7.807    7.133
    6.588    6.171    5.884    5.709    5.603    5.538    5.484    5.417
    5.321    5.191    5.027    4.829    4.617    4.399    4.190
CT1825:275           10.205   11.533   12.553   13.402   13.977   14.202
   14.153   13.848   13.327   12.634   11.857   11.060   10.299    9.626
    9.070    8.629    8.297    8.052    7.853    7.667    7.466    7.227
    6.942    6.615    6.253    5.872    5.501    5.149    4.862
CT1825:270           11.037   12.595   13.832   14.886   15.648   16.028
   16.106   15.900   15.451   14.805   14.057   13.276   12.519   11.841
   11.268   10.798   10.420   10.107    9.816    9.513    9.171    8.764
    8.295    7.770    7.209    6.634    6.085    5.568    5.152
CT1825:265           12.040   13.759   15.156   16.367   17.275   17.780
   17.961   17.834   17.441   16.826   16.092   15.311   14.545   13.850
   13.252   12.747   12.323   11.949   11.579   11.179   10.722   10.183
    9.573    8.905    8.203    7.505    6.857    6.261    5.820
CT1825:260           12.701   14.600   16.169   17.544   18.603   19.235
   19.521   19.474   19.135   18.549   17.822   17.032   16.244   15.516
   14.878   14.324   13.842   13.398   12.946   12.450   11.883   11.221
   10.479    9.676    8.839    8.011    7.246    6.542    6.015
CT1825:255           13.439   15.457   17.146   18.639   19.809   20.538
   20.905   20.920   20.620   20.049   19.315   18.501   17.674   16.895
   16.197   15.580   15.029   14.512   13.982   13.405   12.753   12.004
   11.174   10.285    9.368    8.472    7.651    6.902    6.354
CT1825:250           13.902   16.042   17.844   19.446   20.717   21.535
   21.975   22.043   21.777   21.213   20.465   19.615   18.735   17.889
   17.116   16.418   15.786   15.189   14.584   13.934   13.214   12.403
   11.514   10.572    9.606    8.666    7.806    7.021    6.441
CT1825:245           14.287   16.512   18.390   20.065   21.404   22.279
   22.766   22.867   22.615   22.044   21.268   20.370   19.425   18.498
   17.636   16.848   16.129   15.454   14.782   14.081   13.323   12.490
   11.592   10.651    9.694    8.771    7.932    7.170    6.614
CT1825:240           14.538   16.817   18.739   20.453   21.825   22.726
   23.230   23.337   23.078   22.481   21.662   20.703   19.682   18.666
   17.708   16.823   16.015   15.265   14.537   13.801   13.030   12.207
   11.336   10.432    9.521    8.646    7.852    7.128    6.595
CT1825:235           14.587   16.904   18.846   20.571   21.947   22.842
   23.333   23.418   23.128   22.486   21.610   20.582   19.481   18.375
   17.324   16.349   15.461   14.651   13.886   13.141   12.389   11.614
   10.813    9.995    9.178    8.399    7.693    7.050    6.576
CT1825:230           14.620   16.921   18.829   20.515   21.843   22.685
   23.119   23.145   22.790   22.080   21.131   20.025   18.841   17.651
   16.515   15.462   14.507   13.654   12.872   12.140   11.435   10.739
   10.042    9.344    8.656    8.004    7.413    6.874    6.469
CT1825:225           14.454   16.725   18.576   20.195   21.446   22.204
   22.551   22.488   22.048   21.255   20.226   19.043   17.785   16.523
   15.320   14.208   13.209   12.333   11.556   10.861   10.227    9.637
    9.071    8.522    7.991    7.492    7.038    6.622    6.298
CT1825:220           14.272   16.461   18.207   19.713   20.842   21.475
   21.699   21.521   20.973   20.086   18.974   17.721   16.401   15.085
   13.836   12.686   11.664   10.787   10.034    9.394    8.850    8.386
    7.972    7.594    7.242    6.919    6.625    6.353    6.129
CT1825:215           13.973   16.059   17.674   19.040   20.021   20.505
   20.588   20.279   19.617   18.638   17.454   16.145   14.784   13.438
   12.167   11.003    9.978    9.116    8.401    7.827    7.380    7.047
    6.790    6.585    6.415    6.269    6.134    6.004    5.874
CT1825:210           13.598   15.547   17.001   18.200   19.009   19.328
   19.258   18.817   18.048   16.990   15.754   14.415   13.040   11.693
   10.427    9.274    8.267    7.436    6.770    6.269    5.923    5.722
    5.621    5.591    5.606    5.644    5.679    5.702    5.682
CT1825:205           13.140   14.933   16.208   17.222   17.844   17.990
   17.767   17.199   16.336   15.222   13.960   12.620   11.262    9.941
    8.705    7.582    6.607    5.814    5.196    4.758    4.495    4.401
    4.426    4.536    4.697    4.876    5.030    5.155    5.181
CT1825:200           12.605   14.222   15.304   16.123   16.555   16.530
   16.165   15.490   14.558   13.419   12.166   10.862    9.558    8.300
    7.129    6.067    5.148    4.408    3.848    3.477    3.295    3.302
    3.447    3.693    4.001    4.331    4.628    4.884    5.006
CT1825:195           12.096   13.504   14.370   14.977   15.207   15.012
   14.511   13.742   12.762   11.623   10.408    9.172    7.953    6.790
    5.711    4.732    3.885    3.207    2.701    2.382    2.256    2.327
    2.548    2.879    3.280    3.702    4.078    4.400    4.546
CT1825:190           11.441   12.653   13.315   13.722   13.766   13.421
   12.809   11.973   10.973    9.865    8.722    7.588    6.490    5.458
    4.507    3.646    2.901    2.306    1.869    1.607    1.533    1.659
    1.941    2.344    2.826    3.337    3.802    4.208    4.418
CT1825:185           10.933   11.905   12.337   12.525   12.375   11.879
   11.160   10.267    9.261    8.201    7.148    6.136    5.183    4.307
    3.512    2.797    2.179    1.685    1.326    1.123    1.090    1.248
    1.563    2.003    2.529    3.092    3.610    4.067    4.317
CT1825:180           10.204   10.974   11.209   11.209   10.893   10.274
    9.474    8.549    7.560    6.569    5.626    4.757    3.971    3.277
    2.664    2.122    1.658    1.288    1.024    0.886    0.893    1.072
    1.397    1.846    2.385    2.967    3.507    3.989    4.260
CT1825:175            9.572   10.124   10.155    9.964    9.483    8.746
    7.873    6.922    5.958    5.043    4.217    3.499    2.891    2.391
    1.978    1.630    1.341    1.118    0.968    0.909    0.963    1.158
    1.483    1.923    2.451    3.027    3.568    4.055    4.341
CT1825:170            8.816    9.175    9.027    8.670    8.049    7.214
    6.284    5.323    4.394    3.564    2.862    2.300    1.875    1.578
    1.374    1.232    1.135    1.076    1.056    1.089    1.197    1.407
    1.720    2.131    2.618    3.151    3.654    4.105    4.366
CT1825:165            8.241    8.390    8.056    7.529    6.766    5.833
    4.848    3.875    2.980    2.232    1.650    1.242    0.997    0.902
    0.912    0.985    1.094    1.218    1.351    1.502    1.687    1.933
    2.251    2.644    3.101    3.603    4.086    4.530    4.818
CT1825:160            7.500    7.477    6.992    6.329    5.454    4.447
    3.422    2.449    1.593    0.927    0.463    0.204    0.133    0.235
    0.456    0.742    1.058    1.369    1.661    1.934    2.199    2.476
    2.784    3.133    3.522    3.939    4.337    4.699    4.924
CT1825:155            7.105    6.873    6.218    5.403    4.406    3.316
    2.243    1.259    0.429   -0.170   -0.532   -0.656   -0.563   -0.272
    0.154    0.654    1.182    1.692    2.161    2.580    2.952    3.291
    3.621    3.958    4.313    4.684    5.046    5.386    5.638
CT1825:150            6.421    6.046    5.277    4.364    3.288    2.148
    1.050    0.068   -0.730   -1.263   -1.528   -1.527   -1.282   -0.815
   -0.196    0.506    1.237    1.938    2.577    3.134    3.606    3.993
    4.325    4.623    4.902    5.170    5.422    5.654    5.817
CT1825:145            5.688    5.208    4.363    3.385    2.261    1.094
   -0.015   -0.989   -1.758   -2.234   -2.415   -2.304   -1.924   -1.295
   -0.497    0.395    1.318    2.202    3.005    3.699    4.270    4.707
    5.042    5.296    5.491    5.639    5.757    5.850    5.885
CT1825:140            5.093    4.504    3.588    2.554    1.394    0.208
   -0.908   -1.875   -2.621   -3.055   -3.170   -2.969   -2.475   -1.707
   -0.750    0.313    1.413    2.469    3.431    4.260    4.934    5.430
    5.781    6.009    6.141    6.192    6.200    6.182    6.121
CT1825:135            3.898    3.336    2.460    1.470    0.357   -0.783
   -1.855   -2.780   -3.484   -3.868   -3.923   -3.645   -3.057   -2.174
   -1.085    0.120    1.368    2.568    3.661    4.600    5.352    5.883
    6.221    6.387    6.410    6.297    6.108    5.873    5.565
CT1825:130            3.396    2.758    1.853    0.854   -0.247   -1.364
   -2.411   -3.312   -3.992   -4.351   -4.374   -4.053   -3.406   -2.445
   -1.260    0.057    1.426    2.752    3.969    5.021    5.869    6.467
    6.839    7.004    6.992    6.811    6.535    6.210    5.817
CT1825:125            2.491    1.871    1.019    0.084   -0.941   -1.980
   -2.955   -3.797   -4.432   -4.758   -4.754   -4.408   -3.730   -2.728
   -1.489   -0.106    1.342    2.755    4.061    5.199    6.121    6.767
    7.158    7.305    7.235    6.950    6.538    6.056    5.479
CT1825:120            2.067    1.395    0.551   -0.354   -1.322   -2.292
   -3.200   -3.984   -4.576   -4.879   -4.867   -4.522   -3.849   -2.847
   -1.599   -0.194    1.293    2.763    4.140    5.358    6.361    7.080
    7.527    7.706    7.643    7.332    6.876    6.340    5.704
CT1825:115            1.633    0.925    0.107   -0.747   -1.637   -2.515
   -3.334   -4.040   -4.575   -4.849   -4.833   -4.505   -3.864   -2.901
   -1.689   -0.308    1.173    2.660    4.075    5.347    6.416    7.201
    7.703    7.920    7.869    7.537    7.033    6.437    5.719
CT1825:110            1.270    0.522   -0.270   -1.073   -1.881   -2.658
   -3.374   -3.990   -4.455   -4.692   -4.672   -4.369   -3.778   -2.880
   -1.736   -0.415    1.024    2.497    3.924    5.234    6.360    7.214
    7.786    8.063    8.057    7.745    7.242    6.636    5.892
CT1825:105            0.695   -0.046   -0.779   -1.501   -2.203   -2.856
   -3.450   -3.955   -4.332   -4.516   -4.481   -4.200   -3.661   -2.841
   -1.784   -0.548    0.822    2.252    3.664    4.987    6.149    7.058
    7.690    8.023    8.063    7.773    7.269    6.648    5.864
CT1825:100            0.376   -0.408   -1.122   -1.800   -2.426   -2.980
   -3.468   -3.872   -4.165   -4.295   -4.240   -3.976   -3.486   -2.743
   -1.777   -0.633    0.656    2.026    3.404    4.721    5.905    6.861
    7.553    7.951    8.054    7.815    7.348    6.753    5.978
CT1825:095           -0.461   -1.192   -1.824   -2.408   -2.922   -3.354
   -3.718   -4.004   -4.194   -4.250   -4.152   -3.878   -3.412   -2.723
   -1.830   -0.768    0.440    1.742    3.069    4.359    5.538    6.511
    7.237    7.677    7.822    7.615    7.162    6.569    5.764
CT1825:090           -0.759   -1.548   -2.189   -2.761   -3.238   -3.609
   -3.900   -4.107   -4.222   -4.214   -4.072   -3.777   -3.314   -2.653
   -1.809   -0.808    0.334    1.572    2.846    4.098    5.261    6.241
    6.995    7.479    7.680    7.532    7.132    6.588    5.818
CT1825:085           -1.348   -2.146   -2.773   -3.321   -3.758   -4.075
   -4.302   -4.439   -4.480   -4.402   -4.198   -3.853   -3.358   -2.687
   -1.854   -0.882    0.214    1.398    2.616    3.816    4.938    5.896
    6.645    7.141    7.365    7.246    6.870    6.342    5.568
CT1825:080           -1.643   -2.521   -3.195   -3.777   -4.230   -4.543
   -4.750   -4.851   -4.843   -4.703   -4.432   -4.021   -3.465   -2.748
   -1.887   -0.907    0.175    1.325    2.498    3.649    4.727    5.656
    6.395    6.902    7.155    7.083    6.760    6.287    5.566
CT1825:075           -2.026   -2.974   -3.702   -4.329   -4.817   -5.148
   -5.358   -5.442   -5.398   -5.200   -4.855   -4.361   -3.719   -2.924
   -2.002   -0.984    0.109    1.241    2.374    3.471    4.490    5.364
    6.062    6.544    6.789    6.724    6.412    5.950    5.231
CT1825:070           -2.321   -3.369   -4.181   -4.884   -5.436   -5.814
   -6.051   -6.140   -6.073   -5.823   -5.401   -4.811   -4.064   -3.164
   -2.151   -1.063    0.071    1.211    2.325    3.383    4.352    5.179
    5.840    6.304    6.552    6.514    6.245    5.834    5.177
CT1825:065           -3.133   -4.191   -5.028   -5.762   -6.348   -6.755
   -7.008   -7.093   -6.998   -6.688   -6.180   -5.483   -4.616   -3.595
   -2.472   -1.296   -0.106    1.054    2.156    3.174    4.083    4.842
    5.437    5.843    6.045    5.975    5.681    5.245    4.554
CT1825:060           -3.420   -4.594   -5.539   -6.376   -7.057   -7.541
   -7.850   -7.965   -7.868   -7.519   -6.940   -6.146   -5.165   -4.021
   -2.782   -1.507   -0.244    0.955    2.066    3.067    3.942    4.657
    5.212    5.590    5.781    5.724    5.462    5.072    4.449
CT1825:055           -4.509   -5.648   -6.596   -7.448   -8.156   -8.666
   -8.993   -9.108   -8.988   -8.587   -7.929   -7.034   -5.937   -4.670
   -3.315   -1.939   -0.600    0.642    1.766    2.753    3.590    4.253
    4.749    5.071    5.210    5.112    4.816    4.394    3.736
CT1825:050           -4.786   -6.047   -7.114   -8.081   -8.895   -9.494
   -9.888  -10.046   -9.940   -9.519   -8.812   -7.844   -6.655   -5.287
   -3.832   -2.363   -0.950    0.344    1.497    2.492    3.321    3.965
    4.441    4.747    4.881    4.797    4.533    4.156    3.571
CT1825:045           -5.504   -6.798   -7.921   -8.950   -9.829  -10.486
  -10.925  -11.110  -11.010  -10.569   -9.820   -8.790   -7.525   -6.073
   -4.532   -2.985   -1.505   -0.163    1.021    2.030    2.860    3.492
    3.951    4.237    4.355    4.260    3.996    3.624    3.058
CT1825:040           -5.762   -7.175   -8.416   -9.559  -10.546  -11.293
  -11.807  -12.045  -11.976  -11.542  -10.778   -9.715   -8.403   -6.894
   -5.292   -3.686   -2.151   -0.762    0.462    1.503    2.356    3.006
    3.480    3.782    3.918    3.852    3.630    3.312    2.827
CT1825:035           -6.106   -7.611   -8.951  -10.193  -11.275  -12.106
  -12.691  -12.985  -12.955  -12.539  -11.778  -10.705   -9.371   -7.831
   -6.194   -4.548   -2.974   -1.545   -0.283    0.795    1.682    2.362
    2.862    3.186    3.342    3.297    3.102    2.818    2.381
CT1825:030           -6.325   -7.937   -9.385  -10.734  -11.918  -12.841
  -13.505  -13.866  -13.888  -13.510  -12.773  -11.712  -10.382   -8.836
   -7.185   -5.520   -3.918   -2.454   -1.151   -0.026    0.913    1.645
    2.197    2.571    2.774    2.781    2.646    2.430    2.084
CT1825:025           -6.493   -8.205   -9.756  -11.207  -12.490  -13.504
  -14.251  -14.685  -14.770  -14.443  -13.748  -12.721  -11.416   -9.888
   -8.247   -6.582   -4.969   -3.481   -2.142   -0.970    0.023    0.815
    1.425    1.854    2.110    2.167    2.088    1.931    1.659
CT1825:020           -6.650   -8.447  -10.089  -11.632  -13.006  -14.107
  -14.936  -15.445  -15.598  -15.331  -14.689  -13.709  -12.447  -10.954
   -9.339   -7.690   -6.080   -4.577   -3.207   -1.990   -0.940   -0.083
    0.595    1.094    1.418    1.547    1.546    1.473    1.304
CT1825:015           -6.766   -8.632  -10.351  -11.972  -13.427  -14.607
  -15.513  -16.096  -16.319  -16.117  -15.536  -14.614  -13.405  -11.960
  -10.386   -8.768   -7.174   -5.671   -4.283   -3.032   -1.933   -1.016
   -0.271    0.298    0.697    0.904    0.989    1.010    0.950
CT1825:010           -6.832   -8.755  -10.539  -12.229  -13.754  -15.006
  -15.983  -16.636  -16.926  -16.790  -16.274  -15.414  -14.266  -12.879
  -11.358   -9.785   -8.224   -6.738   -5.352   -4.085   -2.954   -1.991
   -1.189   -0.554   -0.082    0.209    0.385    0.504    0.556
CT1825:005           -6.918   -8.865  -10.685  -12.417  -13.990  -15.295
  -16.329  -17.040  -17.390  -17.315  -16.861  -16.065  -14.982  -13.660
  -12.202  -10.688   -9.178   -7.729   -6.365   -5.105   -3.965   -2.974
   -2.130   -1.439   -0.899   -0.528   -0.260   -0.046    0.113
CT1826:360           -6.873   -8.841  -10.692  -12.458  -14.071  -15.421
  -16.503  -17.267  -17.674  -17.659  -17.269  -16.540  -15.529  -14.282
  -12.899  -11.458  -10.016   -8.624   -7.305   -6.074   -4.945   -3.942
   -3.066   -2.325   -1.716   -1.258   -0.891   -0.570   -0.295
