CT1826:360           -6.873   -8.841  -10.692  -12.458  -14.071  -15.421
  -16.503  -17.267  -17.674  -17.659  -17.269  -16.540  -15.529  -14.282
  -12.899  -11.458  -10.016   -8.624   -7.305   -6.074   -4.945   -3.942
   -3.066   -2.325   -1.716   -1.258   -0.891   -0.570   -0.295
CT1826:355           -6.671   -8.663  -10.539  -12.332  -13.975  -15.362
  -16.486  -17.298  -17.758  -17.806  -17.486  -16.835  -15.908  -14.751
  -13.461  -12.113  -10.760   -9.450   -8.200   -7.023   -5.930   -4.940
   -4.055   -3.284   -2.629   -2.108   -1.672   -1.280   -0.936
CT1826:350           -6.502   -8.474  -10.339  -12.126  -13.771  -15.170
  -16.316  -17.161  -17.668  -17.777  -17.531  -16.965  -16.133  -15.080
  -13.898  -12.657  -11.407  -10.189   -9.018   -7.902   -6.848   -5.869
   -4.968   -4.156   -3.436   -2.826   -2.288   -1.788   -1.331
CT1826:345           -6.009   -7.996   -9.868  -11.661  -13.313  -14.726
  -15.898  -16.782  -17.344  -17.527  -17.374  -16.916  -16.205  -15.281
  -14.231  -13.121  -11.995  -10.888   -9.813   -8.773   -7.771   -6.819
   -5.920   -5.086   -4.326   -3.660   -3.064   -2.506   -2.001
CT1826:340           -5.704   -7.629   -9.448  -11.192  -12.805  -14.196
  -15.364  -16.266  -16.872  -17.127  -17.071  -16.732  -16.155  -15.376
  -14.473  -13.506  -12.511  -11.518  -10.535   -9.565   -8.606   -7.665
   -6.751   -5.877   -5.055   -4.305   -3.615   -2.959   -2.353
CT1826:335           -5.136   -7.021   -8.795  -10.495  -12.069  -13.437
  -14.600  -15.522  -16.175  -16.513  -16.569  -16.367  -15.945  -15.333
  -14.598  -13.791  -12.942  -12.072  -11.190  -10.294   -9.384   -8.463
   -7.544   -6.644   -5.780   -4.975   -4.226   -3.510   -2.852
CT1826:330           -4.696   -6.481   -8.161   -9.772  -11.268  -12.579
  -13.710  -14.631  -15.319  -15.731  -15.895  -15.830  -15.568  -15.129
  -14.568  -13.928  -13.228  -12.483  -11.701  -10.877  -10.011   -9.106
   -8.179   -7.251   -6.341   -5.474   -4.656   -3.868   -3.134
CT1826:325           -4.075   -5.768   -7.353   -8.874  -10.286  -11.534
  -12.627  -13.539  -14.253  -14.734  -15.003  -15.075  -14.972  -14.709
  -14.326  -13.857  -13.313  -12.702  -12.028  -11.289  -10.482   -9.611
   -8.699   -7.769   -6.845   -5.953   -5.107   -4.290   -3.531
CT1826:320           -3.518   -5.076   -6.533   -7.930   -9.231  -10.390
  -11.419  -12.300  -13.019  -13.547  -13.900  -14.090  -14.130  -14.027
  -13.812  -13.507  -13.116  -12.639  -12.079  -11.432  -10.697   -9.873
   -8.991   -8.074   -7.147   -6.241   -5.370   -4.524   -3.724
CT1826:315           -2.780   -4.216   -5.550   -6.828   -8.017   -9.084
  -10.043  -10.882  -11.592  -12.151  -12.570  -12.857  -13.021  -13.062
  -13.002  -12.854  -12.616  -12.281  -11.851  -11.320  -10.685   -9.948
   -9.139   -8.284   -7.410   -6.548   -5.717   -4.909   -4.147
CT1826:310           -2.128   -3.404   -4.584   -5.715   -6.768   -7.719
   -8.585   -9.358  -10.032  -10.591  -11.045  -11.396  -11.651  -11.807
  -11.875  -11.863  -11.764  -11.564  -11.265  -10.857  -10.338   -9.703
   -8.984   -8.207   -7.398   -6.584   -5.788   -5.003   -4.243
CT1826:305           -1.183   -2.338   -3.395   -4.403   -5.339   -6.188
   -6.967   -7.674   -8.307   -8.856   -9.327   -9.724  -10.048  -10.297
  -10.475  -10.586  -10.620  -10.560  -10.404  -10.142   -9.768   -9.279
   -8.701   -8.060   -7.380   -6.686   -6.002   -5.324   -4.662
CT1826:300           -0.461   -1.439   -2.329   -3.177   -3.966   -4.686
   -5.355   -5.974   -6.541   -7.052   -7.512   -7.923   -8.285   -8.596
   -8.854   -9.061   -9.203   -9.265   -9.240   -9.118   -8.891   -8.549
   -8.118   -7.616   -7.065   -6.481   -5.888   -5.286   -4.665
CT1826:295            0.573   -0.280   -1.044   -1.768   -2.439   -3.054
   -3.631   -4.173   -4.682   -5.157   -5.602   -6.019   -6.408   -6.766
   -7.091   -7.380   -7.622   -7.800   -7.908   -7.933   -7.867   -7.700
   -7.449   -7.129   -6.757   -6.343   -5.906   -5.452   -4.958
CT1826:290            1.342    0.675    0.080   -0.484   -1.010   -1.501
   -1.970   -2.423   -2.861   -3.287   -3.703   -4.110   -4.508   -4.893
   -5.262   -5.610   -5.928   -6.201   -6.422   -6.578   -6.660   -6.655
   -6.575   -6.427   -6.222   -5.959   -5.652   -5.311   -4.886
CT1826:285            1.937    1.492    1.089    0.702    0.333   -0.027
   -0.386   -0.748   -1.115   -1.492   -1.876   -2.269   -2.668   -3.072
   -3.475   -3.872   -4.255   -4.613   -4.937   -5.219   -5.447   -5.611
   -5.714   -5.757   -5.745   -5.667   -5.530   -5.347   -5.052
CT1826:280            2.726    2.467    2.228    1.994    1.757    1.507
    1.239    0.950    0.638    0.299   -0.063   -0.447   -0.850   -1.271
   -1.702   -2.139   -2.576   -3.004   -3.418   -3.809   -4.168   -4.482
   -4.748   -4.962   -5.121   -5.203   -5.208   -5.151   -4.940
CT1826:275            2.917    2.960    2.966    2.951    2.899    2.794
    2.643    2.444    2.199    1.905    1.571    1.200    0.798    0.367
   -0.087   -0.557   -1.040   -1.531   -2.025   -2.515   -2.993   -3.448
   -3.869   -4.247   -4.573   -4.816   -4.966   -5.041   -4.925
CT1826:270            3.684    3.909    4.072    4.199    4.268    4.257
    4.179    4.033    3.822    3.545    3.214    2.836    2.418    1.962
    1.477    0.967    0.434   -0.121   -0.692   -1.275   -1.862   -2.442
   -3.001   -3.524   -3.996   -4.380   -4.658   -4.848   -4.813
CT1826:265            4.222    4.667    5.012    5.303    5.509    5.603
    5.605    5.514    5.337    5.073    4.740    4.349    3.909    3.423
    2.900    2.348    1.763    1.149    0.507   -0.157   -0.837   -1.519
   -2.187   -2.822   -3.406   -3.891   -4.252   -4.510   -4.501
CT1826:260            4.935    5.552    6.044    6.468    6.786    6.965
    7.028    6.977    6.816    6.548    6.195    5.772    5.291    4.757
    4.181    3.570    2.923    2.238    1.521    0.773    0.003   -0.777
   -1.548   -2.289   -2.978   -3.565   -4.020   -4.363   -4.417
CT1826:255            6.067    6.763    7.333    7.832    8.216    8.443
    8.539    8.500    8.334    8.039    7.644    7.168    6.625    6.023
    5.378    4.697    3.978    3.222    2.433    1.614    0.773   -0.075
   -0.910   -1.710   -2.451   -3.077   -3.552   -3.901   -3.922
CT1826:250            6.706    7.559    8.264    8.886    9.374    9.679
    9.829    9.819    9.655    9.336    8.896    8.358    7.741    7.057
    6.327    5.560    4.758    3.922    3.055    2.161    1.248    0.332
   -0.568   -1.429   -2.227   -2.905   -3.429   -3.823   -3.878
CT1826:245            8.051    8.907    9.633   10.280   10.794   11.116
   11.270   11.248   11.053   10.678   10.164    9.535    8.818    8.029
    7.194    6.327    5.432    4.512    3.571    2.614    1.649    0.693
   -0.234   -1.112   -1.916   -2.587   -3.092   -3.457   -3.463
CT1826:240            8.605    9.597   10.440   11.193   11.796   12.182
   12.376   12.368   12.158   11.739   11.155   10.437    9.617    8.716
    7.768    6.792    5.798    4.791    3.775    2.757    1.743    0.753
   -0.198   -1.090   -1.902   -2.575   -3.081   -3.448   -3.458
CT1826:235            9.613   10.632   11.508   12.294   12.925   13.326
   13.518   13.488   13.234   12.744   12.069   11.243   10.303    9.276
    8.205    7.115    6.017    4.924    3.840    2.771    1.726    0.723
   -0.225   -1.099   -1.883   -2.519   -2.984   -3.309   -3.277
CT1826:230           10.075   11.204   12.170   13.034   13.726   14.162
   14.367   14.323   14.029   13.472   12.709   11.777   10.721    9.573
    8.382    7.179    5.982    4.808    3.662    2.550    1.483    0.480
   -0.452   -1.299   -2.045   -2.638   -3.063   -3.351   -3.296
CT1826:225           10.627   11.824   12.843   13.752   14.473   14.916
   15.105   15.024   14.671   14.033   13.171   12.132   10.960    9.695
    8.391    7.083    5.794    4.548    3.351    2.210    1.138    0.153
   -0.742   -1.535   -2.218   -2.740   -3.095   -3.315   -3.208
CT1826:220           10.985   12.260   13.334   14.285   15.029   15.467
   15.630   15.501   15.079   14.356   13.398   12.255   10.978    9.609
    8.206    6.807    5.439    4.132    2.893    1.733    0.663   -0.294
   -1.142   -1.874   -2.486   -2.935   -3.220   -3.377   -3.229
CT1826:215           11.307   12.637   13.743   14.713   15.457   15.870
   15.988   15.794   15.292   14.478   13.426   12.189   10.821    9.366
    7.883    6.412    4.983    3.630    2.363    1.197    0.145   -0.770
   -1.557   -2.213   -2.738   -3.093   -3.288   -3.361   -3.148
CT1826:210           11.552   12.922   14.043   15.016   15.742   16.114
   16.171   15.902   15.315   14.412   13.273   11.956   10.515    8.995
    7.455    5.932    4.461    3.077    1.794    0.630   -0.400   -1.271
   -1.996   -2.577   -3.019   -3.288   -3.403   -3.404   -3.145
CT1826:205           11.557   12.980   14.118   15.093   15.800   16.127
   16.123   15.781   15.115   14.135   12.927   11.550   10.061    8.503
    6.932    5.383    3.891    2.494    1.209    0.057   -0.945   -1.768
   -2.431   -2.938   -3.297   -3.481   -3.516   -3.444   -3.138
CT1826:200           11.679   13.103   14.218   15.157   15.812   16.071
   15.991   15.568   14.823   13.772   12.507   11.088    9.571    7.998
    6.419    4.868    3.377    1.986    0.713   -0.418   -1.387   -2.165
   -2.769   -3.208   -3.494   -3.603   -3.567   -3.432   -3.088
CT1826:195           11.383   12.853   13.973   14.900   15.521   15.729
   15.590   15.105   14.305   13.210   11.917   10.486    8.970    7.410
    5.853    4.326    2.859    1.493    0.246   -0.857   -1.793   -2.531
   -3.091   -3.480   -3.713   -3.770   -3.691   -3.522   -3.175
CT1826:190           11.370   12.804   13.864   14.723   15.267   15.394
   15.177   14.624   13.768   12.639   11.330    9.904    8.410    6.886
    5.372    3.893    2.474    1.154   -0.050   -1.111   -2.007   -2.704
   -3.221   -3.565   -3.751   -3.760   -3.636   -3.428   -3.062
CT1826:185           11.345   12.715   13.691   14.460   14.910   14.947
   14.650   14.033   13.134   11.987   10.683    9.283    7.832    6.368
    4.922    3.513    2.164    0.908   -0.239   -1.252   -2.108   -2.773
   -3.264   -3.586   -3.753   -3.746   -3.616   -3.410   -3.075
CT1826:180           11.195   12.494   13.379   14.051   14.402   14.350
   13.981   13.313   12.388   11.244    9.969    8.620    7.240    5.861
    4.509    3.199    1.946    0.780   -0.288   -1.236   -2.040   -2.669
   -3.134   -3.437   -3.588   -3.569   -3.429   -3.217   -2.893
CT1826:175           11.501   12.617   13.324   13.826   14.018   13.836
   13.364   12.625   11.664   10.523    9.283    7.996    6.699    5.422
    4.183    2.989    1.852    0.791   -0.186   -1.060   -1.812   -2.411
   -2.863   -3.166   -3.328   -3.326   -3.210   -3.030   -2.759
CT1826:170           11.235   12.251   12.840   13.221   13.297   13.017
   12.474   11.697   10.732    9.625    8.451    7.257    6.077    4.933
    3.838    2.792    1.798    0.868    0.004   -0.780   -1.468   -2.031
   -2.468   -2.773   -2.947   -2.966   -2.876   -2.727   -2.500
CT1826:165           11.165   12.024   12.450   12.670   12.597   12.198
   11.568   10.743    9.771    8.702    7.603    6.516    5.466    4.474
    3.541    2.659    1.825    1.039    0.297   -0.392   -1.016   -1.548
   -1.982   -2.306   -2.515   -2.584   -2.555   -2.476   -2.341
CT1826:160           10.814   11.553   11.843   11.927   11.723   11.220
   10.519    9.662    8.700    7.688    6.685    5.725    4.830    4.012
    3.264    2.569    1.914    1.289    0.684    0.102   -0.447   -0.940
   -1.363   -1.700   -1.939   -2.054   -2.082   -2.066   -2.007
CT1826:155           10.365   10.994   11.154   11.107   10.778   10.176
    9.409    8.527    7.585    6.643    5.750    4.934    4.209    3.583
    3.037    2.545    2.085    1.636    1.183    0.724    0.266   -0.170
   -0.562   -0.887   -1.131   -1.261   -1.306   -1.307   -1.258
CT1826:150            9.952   10.455   10.475   10.288    9.828    9.124
    8.290    7.383    6.463    5.592    4.812    4.145    3.596    3.166
    2.825    2.537    2.270    1.994    1.688    1.346    0.972    0.583
    0.208   -0.129   -0.408   -0.600   -0.724   -0.813   -0.868
CT1826:145            9.453    9.849    9.748    9.439    8.864    8.071
    7.182    6.260    5.370    4.580    3.922    3.411    3.044    2.817
    2.687    2.610    2.546    2.454    2.312    2.109    1.847    1.542
    1.226    0.928    0.672    0.491    0.378    0.304    0.288
CT1826:140            9.008    9.284    9.055    8.622    7.933    7.054
    6.112    5.175    4.313    3.597    3.053    2.687    2.491    2.452
    2.518    2.635    2.757    2.833    2.839    2.760    2.596    2.354
    2.071    1.774    1.489    1.243    1.041    0.863    0.724
CT1826:135            8.539    8.708    8.370    7.832    7.047    6.098
    5.114    4.170    3.337    2.693    2.254    2.023    1.984    2.119
    2.366    2.663    2.960    3.199    3.353    3.403    3.344    3.179
    2.942    2.657    2.350    2.044    1.753    1.471    1.205
CT1826:130            8.087    8.153    7.718    7.089    6.225    5.221
    4.207    3.263    2.461    1.882    1.536    1.422    1.518    1.803
    2.206    2.664    3.118    3.511    3.809    3.990    4.045    3.966
    3.784    3.520    3.198    2.833    2.452    2.063    1.665
CT1826:125            7.701    7.659    7.136    6.428    5.500    4.456
    3.423    2.482    1.707    1.180    0.907    0.884    1.085    1.485
    2.011    2.596    3.180    3.702    4.126    4.423    4.577    4.568
    4.420    4.146    3.765    3.278    2.724    2.128    1.459
CT1826:120            7.261    7.141    6.562    5.810    4.855    3.801
    2.774    1.854    1.115    0.640    0.430    0.479    0.761    1.251
    1.876    2.567    3.268    3.914    4.468    4.894    5.170    5.262
    5.186    4.951    4.570    4.035    3.399    2.702    1.904
CT1826:115            6.859    6.659    6.038    5.258    4.296    3.256
    2.252    1.364    0.663    0.229    0.063    0.158    0.487    1.029
    1.712    2.470    3.250    3.987    4.639    5.166    5.533    5.693
    5.651    5.406    4.966    4.304    3.484    2.565    1.471
CT1826:110            6.433    6.181    5.549    4.777    3.846    2.852
    1.903    1.072    0.423    0.036   -0.092    0.034    0.391    0.962
    1.681    2.487    3.330    4.149    4.897    5.529    6.002    6.256
    6.288    6.085    5.654    4.956    4.068    3.062    1.854
CT1826:105            6.069    5.756    5.121    4.368    3.485    2.561
    1.686    0.926    0.339   -0.004   -0.103    0.038    0.399    0.970
    1.693    2.513    3.385    4.253    5.063    5.766    6.312    6.627
    6.698    6.503    6.043    5.265    4.252    3.094    1.680
CT1826:100            5.644    5.297    4.686    3.981    3.177    2.352
    1.579    0.915    0.408    0.120    0.052    0.204    0.561    1.119
    1.832    2.649    3.535    4.434    5.291    6.054    6.665    7.042
    7.163    7.000    6.548    5.745    4.681    3.458    1.955
CT1826:095            5.207    4.829    4.252    3.607    2.896    2.186
    1.532    0.977    0.561    0.335    0.300    0.461    0.808    1.347
    2.037    2.839    3.721    4.629    5.509    6.305    6.955    7.373
    7.527    7.385    6.937    6.114    5.009    3.731    2.153
CT1826:090            4.763    4.354    3.811    3.229    2.615    2.025
    1.494    1.054    0.732    0.571    0.574    0.746    1.087    1.606
    2.275    3.057    3.924    4.828    5.712    6.518    7.184    7.620
    7.791    7.660    7.214    6.375    5.240    3.923    2.290
CT1826:085            4.164    3.749    3.255    2.746    2.235    1.768
    1.362    1.038    0.814    0.723    0.769    0.963    1.309    1.823
    2.481    3.252    4.110    5.007    5.885    6.690    7.359    7.801
    7.983    7.864    7.430    6.600    5.468    4.151    2.515
CT1826:080            3.677    3.218    2.739    2.268    1.827    1.452
    1.143    0.910    0.764    0.731    0.818    1.038    1.399    1.920
    2.582    3.354    4.209    5.099    5.966    6.756    7.409    7.839
    8.011    7.887    7.450    6.617    5.478    4.151    2.497
CT1826:075            3.101    2.602    2.129    1.684    1.292    0.982
    0.742    0.577    0.491    0.508    0.636    0.891    1.285    1.838
    2.529    3.327    4.202    5.100    5.968    6.751    7.394    7.815
    7.985    7.870    7.451    6.649    5.549    4.267    2.668
CT1826:070            2.559    1.989    1.485    1.023    0.636    0.345
    0.130   -0.007   -0.065   -0.017    0.145    0.439    0.878    1.481
    2.224    3.069    3.981    4.902    5.777    6.555    7.183    7.586
    7.742    7.619    7.203    6.413    5.332    4.070    2.492
CT1826:065            1.911    1.276    0.728    0.231   -0.182   -0.490
   -0.717   -0.861   -0.916   -0.854   -0.662   -0.322    0.178    0.855
    1.676    2.596    3.573    4.544    5.452    6.248    6.882    7.288
    7.451    7.347    6.964    6.231    5.224    4.047    2.574
CT1826:060            1.318    0.581   -0.055   -0.634   -1.123   -1.501
   -1.789   -1.983   -2.071   -2.018   -1.809   -1.425   -0.860   -0.099
    0.814    1.827    2.886    3.921    4.874    5.696    6.341    6.749
    6.913    6.816    6.452    5.753    4.791    3.665    2.250
CT1826:055            0.761   -0.098   -0.850   -1.545   -2.148   -2.636
   -3.025   -3.305   -3.456   -3.431   -3.216   -2.794   -2.159   -1.305
   -0.285    0.836    1.998    3.120    4.143    5.019    5.703    6.141
    6.337    6.281    5.974    5.358    4.501    3.496    2.231
CT1826:050            0.134   -0.854   -1.740   -2.571   -3.315   -3.940
   -4.459   -4.849   -5.083   -5.104   -4.897   -4.444   -3.746   -2.801
   -1.674   -0.440    0.830    2.047    3.149    4.085    4.813    5.284
    5.508    5.485    5.219    4.661    3.876    2.950    1.776
CT1826:045           -0.102   -1.300   -2.388   -3.418   -4.359   -5.171
   -5.860   -6.397   -6.746   -6.838   -6.660   -6.195   -5.450   -4.425
   -3.197   -1.853   -0.473    0.847    2.039    3.051    3.843    4.368
    4.647    4.685    4.494    4.033    3.367    2.576    1.567
CT1826:040           -0.726   -2.065   -3.309   -4.501   -5.608   -6.586
   -7.430   -8.102   -8.558   -8.718   -8.571   -8.101   -7.316   -6.222
   -4.905   -3.461   -1.976   -0.559    0.722    1.809    2.665    3.245
    3.576    3.670    3.542    3.159    2.587    1.898    1.006
CT1826:035           -0.958   -2.509   -3.962   -5.359   -6.669   -7.835
   -8.851   -9.672  -10.247  -10.490  -10.389   -9.931   -9.129   -7.987
   -6.602   -5.078   -3.507   -2.003   -0.641    0.520    1.443    2.087
    2.483    2.649    2.605    2.327    1.879    1.328    0.603
CT1826:030           -1.531   -3.219   -4.820   -6.369   -7.832   -9.146
  -10.296  -11.233  -11.901  -12.209  -12.147  -11.703  -10.891   -9.719
   -8.287   -6.707   -5.074   -3.507   -2.085   -0.866    0.111    0.808
    1.261    1.490    1.519    1.331    0.989    0.555   -0.033
CT1826:025           -1.859   -3.712   -5.477   -7.187   -8.804  -10.256
  -11.528  -12.566  -13.315  -13.679  -13.653  -13.227  -12.418  -11.235
   -9.784   -8.176   -6.511   -4.909   -3.449   -2.190   -1.166   -0.416
    0.103    0.410    0.536    0.471    0.278    0.013   -0.365
CT1826:020           -2.340   -4.308   -6.192   -8.019   -9.747  -11.295
  -12.648  -13.749  -14.545  -14.941  -14.935  -14.523  -13.723  -12.548
  -11.105   -9.505   -7.848   -6.252   -4.794   -3.530   -2.494   -1.719
   -1.164   -0.806   -0.615   -0.592   -0.675   -0.818   -1.047
CT1826:015           -2.548   -4.653   -6.664   -8.610  -10.442  -12.071
  -13.484  -14.628  -15.450  -15.859  -15.862  -15.460  -14.675  -13.524
  -12.112  -10.551   -8.935   -7.376   -5.949   -4.703   -3.669   -2.875
   -2.280   -1.858   -1.577   -1.427   -1.347   -1.302   -1.289
CT1826:010           -2.906   -5.093   -7.181   -9.199  -11.090  -12.759
  -14.195  -15.345  -16.162  -16.561  -16.557  -16.158  -15.391  -14.278
  -12.922  -11.430   -9.892   -8.412   -7.055   -5.869   -4.877   -4.104
   -3.509   -3.064   -2.737   -2.508   -2.323   -2.154   -1.985
CT1826:005           -3.069   -5.340   -7.500   -9.581  -11.520  -13.213
  -14.656  -15.799  -16.599  -16.978  -16.962  -16.566  -15.823  -14.758
  -13.474  -12.071  -10.632   -9.252   -7.988   -6.879   -5.945   -5.202
   -4.609   -4.136   -3.749   -3.415   -3.085   -2.746   -2.355
CT1827:360           -3.278   -5.593   -7.788   -9.898  -11.854  -13.548
  -14.979  -16.101  -16.874  -17.231  -17.204  -16.816  -16.105  -15.101
  -13.904  -12.607  -11.286  -10.027   -8.879   -7.872   -7.023   -6.339
   -5.778   -5.307   -4.889   -4.484   -4.049   -3.583   -3.034
