CT1823:360           -0.903   -2.366   -4.156   -6.062   -8.091  -10.138
  -12.101  -13.882  -15.381  -16.455  -17.071  -17.204  -16.867  -16.067
  -14.919  -13.547  -12.042  -10.508   -9.013   -7.597   -6.275   -5.057
   -3.915   -2.834   -1.799   -0.807    0.144    1.059    1.878
CT1823:355           -0.217   -1.615   -3.376   -5.272   -7.319   -9.420
  -11.459  -13.334  -14.936  -16.111  -16.817  -17.026  -16.750  -15.990
  -14.867  -13.507  -12.001  -10.455   -8.941   -7.500   -6.150   -4.905
   -3.742   -2.645   -1.602   -0.608    0.343    1.260    2.092
CT1823:350            0.377   -0.893   -2.561   -4.383   -6.390   -8.490
  -10.558  -12.488  -14.164  -15.428  -16.228  -16.531  -16.343  -15.663
  -14.609  -13.304  -11.838  -10.315   -8.810   -7.365   -6.004   -4.746
   -3.572   -2.472   -1.435   -0.461    0.464    1.351    2.150
CT1823:345            1.233    0.090   -1.471   -3.199   -5.134   -7.198
   -9.259  -11.212  -12.939  -14.278  -15.172  -15.581  -15.507  -14.942
  -13.996  -12.787  -11.401   -9.935   -8.467   -7.042   -5.687   -4.426
   -3.247   -2.145   -1.109   -0.143    0.772    1.649    2.445
CT1823:340            1.973    1.021   -0.367   -1.936   -3.736   -5.702
   -7.700   -9.625  -11.360  -12.746  -13.719  -14.233  -14.283  -13.855
  -13.048  -11.971  -10.701   -9.330   -7.937   -6.567   -5.252   -4.020
   -2.867   -1.793   -0.789    0.137    1.005    1.833    2.578
CT1823:335            2.929    2.161    0.957   -0.434   -2.073   -3.910
   -5.811   -7.677   -9.394  -10.809  -11.850  -12.467  -12.650  -12.376
  -11.731  -10.814   -9.693   -8.452   -7.169   -5.892   -4.656   -3.493
   -2.406   -1.397   -0.465    0.381    1.159    1.891    2.528
CT1823:330            3.786    3.258    2.293    1.133   -0.294   -1.954
   -3.715   -5.484   -7.149   -8.566   -9.656  -10.365  -10.673  -10.552
  -10.073   -9.324   -8.364   -7.270   -6.117   -4.954   -3.818   -2.743
   -1.738   -0.807    0.048    0.816    1.516    2.171    2.736
CT1823:325            4.579    4.323    3.630    2.735    1.555    0.102
   -1.492   -3.140   -4.735   -6.139   -7.267   -8.058   -8.485   -8.514
   -8.201   -7.625   -6.837   -5.906   -4.907   -3.888   -2.887   -1.941
   -1.063   -0.262    0.460    1.088    1.639    2.138    2.535
CT1823:320            5.501    5.516    5.101    4.478    3.553    2.317
    0.899   -0.621   -2.140   -3.527   -4.686   -5.551   -6.088   -6.254
   -6.096   -5.683   -5.057   -4.283   -3.435   -2.559   -1.694   -0.878
   -0.126    0.551    1.153    1.663    2.102    2.495    2.800
CT1823:315            6.101    6.455    6.372    6.070    5.441    4.453
    3.236    1.863    0.435   -0.922   -2.101   -3.029   -3.663   -3.954
   -3.938   -3.674   -3.201   -2.580   -1.882   -1.154   -0.437    0.230
    0.831    1.356    1.804    2.159    2.445    2.687    2.850
CT1823:310            7.021    7.650    7.853    7.834    7.471    6.710
    5.677    4.438    3.090    1.757    0.555   -0.436   -1.162   -1.570
   -1.685   -1.559   -1.227   -0.746   -0.188    0.399    0.973    1.494
    1.946    2.320    2.616    2.825    2.974    3.088    3.147
CT1823:305            7.633    8.587    9.113    9.406    9.334    8.820
    7.988    6.898    5.647    4.352    3.140    2.100    1.294    0.782
    0.550    0.553    0.757    1.109    1.535    1.987    2.420    2.793
    3.090    3.305    3.441    3.493    3.496    3.474    3.422
CT1823:300            8.478    9.687   10.481   11.041   11.224   10.931
   10.284    9.336    8.178    6.922    5.704    4.621    3.741    3.132
    2.790    2.675    2.759    2.988    3.288    3.607    3.900    4.123
    4.263    4.315    4.286    4.180    4.036    3.877    3.720
CT1823:295            9.222   10.678   11.731   12.547   12.976   12.902
   12.442   11.643   10.590    9.388    8.180    7.068    6.128    5.434
    4.991    4.768    4.738    4.850    5.026    5.215    5.368    5.442
    5.424    5.313    5.122    4.860    4.573    4.285    4.032
CT1823:290            9.932   11.599   12.878   13.923   14.576   14.708
   14.430   13.782   12.843   11.710   10.528    9.403    8.417    7.650
    7.117    6.792    6.654    6.650    6.704    6.762    6.776    6.699
    6.524    6.252    5.900    5.485    5.060    4.645    4.298
CT1823:285           10.578   12.427   13.901   15.144   15.996   16.316
   16.212   15.714   14.896   13.843   12.702   11.580   10.564    9.736
    9.122    8.703    8.459    8.339    8.270    8.194    8.064    7.834
    7.500    7.067    6.555    5.987    5.422    4.878    4.429
CT1823:280           11.109   13.108   14.749   16.161   17.187   17.678
   17.737   17.387   16.695   15.735   14.652   13.553   12.526   11.655
   10.974   10.471   10.129    9.899    9.711    9.507    9.242    8.871
    8.393    7.818    7.168    6.474    5.799    5.157    4.639
CT1823:275           11.483   13.607   15.382   16.934   18.104   18.743
   18.948   18.739   18.172   17.311   16.298   15.236   14.214   13.313
   12.575   11.994   11.556   11.215   10.904   10.569   10.164    9.648
    9.023    8.302    7.508    6.676    5.870    5.101    4.466
CT1823:270           11.804   14.007   15.873   17.522   18.798   19.554
   19.883   19.798   19.349   18.591   17.658   16.648   15.647   14.735
   13.956   13.311   12.787   12.346   11.924   11.473   10.950   10.317
    9.580    8.754    7.866    6.955    6.084    5.262    4.597
CT1823:265           11.952   14.206   16.129   17.841   19.191   20.036
   20.465   20.488   20.150   19.494   18.647   17.700   16.733   15.821
   15.010   14.306   13.700   13.159   12.628   12.062   11.424   10.680
    9.838    8.915    7.938    6.947    6.004    5.112    4.379
CT1823:260           12.044   14.303   16.239   17.970   19.352   20.251
   20.751   20.861   20.620   20.062   19.303   18.426   17.504   16.604
   15.772   15.020   14.341   13.711   13.083   12.420   11.691   10.867
    9.959    8.984    7.972    6.963    6.016    5.126    4.407
CT1823:255           11.710   13.997   15.951   17.701   19.108   20.051
   20.612   20.801   20.652   20.192   19.525   18.723   17.854   16.973
   16.128   15.332   14.587   13.872   13.153   12.401   11.588   10.696
    9.735    8.722    7.685    6.664    5.707    4.807    4.065
CT1823:250           11.576   13.799   15.692   17.389   18.759   19.692
   20.270   20.500   20.413   20.028   19.436   18.700   17.877   17.015
   16.158   15.325   14.521   13.735   12.943   12.124   11.261   10.339
    9.371    8.373    7.370    6.403    5.507    4.670    3.987
CT1823:245           10.902   13.112   14.974   16.638   17.980   18.905
   19.496   19.761   19.727   19.409   18.884   18.206   17.424   16.578
   15.711   14.847   13.994   13.151   12.304   11.440   10.549    9.624
    8.677    7.723    6.781    5.887    5.063    4.294    3.656
CT1823:240           10.555   12.641   14.382   15.931   17.176   18.033
   18.583   18.833   18.806   18.512   18.017   17.366   16.601   15.755
   14.872   13.978   13.086   12.205   11.330   10.455    9.576    8.695
    7.819    6.960    6.133    5.366    4.669    4.021    3.482
CT1823:235           10.082   12.031   13.635   15.054   16.183   16.949
   17.431   17.638   17.588   17.286   16.790   16.139   15.369   14.511
   13.609   12.692   11.780   10.890   10.024    9.183    8.371    7.593
    6.852    6.157    5.514    4.947    4.451    4.004    3.655
CT1823:230            9.553   11.331   12.769   14.028   15.011   15.658
   16.043   16.172   16.063   15.716   15.184   14.500   13.699   12.808
   11.875   10.934   10.009    9.126    8.293    7.516    6.801    6.158
    5.579    5.065    4.615    4.240    3.922    3.639    3.415
CT1823:225            9.104   10.673   11.911   12.980   13.790   14.289
   14.545   14.566   14.365   13.942   13.344   12.602   11.749   10.815
    9.850    8.891    7.971    7.126    6.365    5.701    5.139    4.691
    4.339    4.075    3.887    3.778    3.719    3.689    3.700
CT1823:220            8.441    9.808   10.851   11.731   12.367   12.712
   12.832   12.731   12.425   11.909   11.230   10.417    9.503    8.520
    7.521    6.547    5.639    4.841    4.167    3.629    3.235    2.993
    2.870    2.846    2.900    3.016    3.157    3.307    3.448
CT1823:215            7.646    8.823    9.679   10.376   10.841   11.032
   11.014   10.790   10.376    9.769    9.013    8.135    7.169    6.149
    5.130    4.156    3.278    2.548    1.982    1.596    1.396    1.385
    1.518    1.763    2.085    2.459    2.838    3.212    3.546
CT1823:210            6.898    7.859    8.508    9.008    9.290    9.322
    9.161    8.814    8.295    7.605    6.784    5.859    4.860    3.823
    2.802    1.845    1.007    0.351   -0.107   -0.347   -0.367   -0.166
    0.196    0.674    1.223    1.802    2.359    2.890    3.334
CT1823:205            5.822    6.629    7.121    7.466    7.603    7.506
    7.234    6.796    6.207    5.471    4.626    3.695    2.708    1.697
    0.715   -0.191   -0.960   -1.526   -1.868   -1.965   -1.812   -1.413
   -0.839   -0.143    0.621    1.401    2.144    2.850    3.448
CT1823:200            5.035    5.626    5.918    6.074    6.044    5.809
    5.425    4.904    4.262    3.507    2.671    1.775    0.842   -0.101
   -1.006   -1.830   -2.513   -2.983   -3.221   -3.200   -2.917   -2.376
   -1.653   -0.810    0.096    1.002    1.854    2.656    3.322
CT1823:195            3.871    4.323    4.477    4.502    4.354    4.028
    3.579    3.023    2.378    1.657    0.887    0.083   -0.739   -1.555
   -2.330   -3.027   -3.590   -3.952   -4.089   -3.974   -3.601   -2.972
   -2.166   -1.244   -0.266    0.701    1.602    2.445    3.134
CT1823:190            3.085    3.332    3.308    3.170    2.886    2.463
    1.953    1.375    0.751    0.096   -0.570   -1.239   -1.901   -2.544
   -3.144   -3.675   -4.090   -4.329   -4.367   -4.177   -3.750   -3.086
   -2.255   -1.316   -0.325    0.654    1.566    2.422    3.125
CT1823:185            2.448    2.464    2.250    1.943    1.524    1.014
    0.459   -0.118   -0.694   -1.251   -1.778   -2.274   -2.740   -3.171
   -3.560   -3.894   -4.137   -4.245   -4.194   -3.959   -3.528   -2.898
   -2.127   -1.264   -0.361    0.522    1.336    2.088    2.678
CT1823:180            1.690    1.526    1.165    0.732    0.218   -0.342
   -0.906   -1.445   -1.939   -2.361   -2.714   -3.001   -3.232   -3.415
   -3.557   -3.659   -3.703   -3.657   -3.504   -3.220   -2.793   -2.214
   -1.526   -0.763    0.033    0.818    1.549    2.231    2.780
CT1823:175            1.729    1.238    0.632   -0.008   -0.674   -1.321
   -1.918   -2.436   -2.855   -3.147   -3.326   -3.404   -3.400   -3.331
   -3.221   -3.086   -2.924   -2.724   -2.474   -2.154   -1.755   -1.264
   -0.705   -0.097    0.533    1.153    1.734    2.277    2.715
CT1823:170            1.035    0.394   -0.320   -1.045   -1.762   -2.413
   -2.974   -3.414   -3.713   -3.841   -3.821   -3.671   -3.417   -3.086
   -2.715   -2.333   -1.955   -1.588   -1.228   -0.863   -0.484   -0.081
    0.346    0.791    1.245    1.696    2.131    2.545    2.901
CT1823:165            0.788   -0.069   -0.931   -1.772   -2.559   -3.225
   -3.757   -4.126   -4.311   -4.287   -4.083   -3.724   -3.243   -2.671
   -2.060   -1.447   -0.864   -0.337    0.132    0.543    0.903    1.220
    1.509    1.783    2.050    2.317    2.587    2.857    3.115
CT1823:160            0.185   -0.787   -1.715   -2.599   -3.394   -4.024
   -4.487   -4.754   -4.809   -4.626   -4.242   -3.688   -2.999   -2.211
   -1.383   -0.562    0.211    0.892    1.470    1.935    2.287    2.529
    2.693    2.805    2.888    2.971    3.075    3.195    3.351
CT1823:155           -0.443   -1.498   -2.464   -3.363   -4.139   -4.713
   -5.090   -5.247   -5.171   -4.840   -4.298   -3.576   -2.713   -1.746
   -0.737    0.261    1.197    2.016    2.696    3.217    3.570    3.751
    3.806    3.770    3.682    3.586    3.524    3.490    3.530
CT1823:150           -0.952   -2.088   -3.084   -3.989   -4.736   -5.245
   -5.534   -5.583   -5.387   -4.928   -4.253   -3.398   -2.401   -1.295
   -0.146    0.992    2.064    3.002    3.775    4.353    4.721    4.863
    4.836    4.682    4.452    4.204    3.998    3.830    3.771
CT1823:145           -1.500   -2.684   -3.682   -4.567   -5.266   -5.697
   -5.890   -5.834   -5.527   -4.958   -4.179   -3.225   -2.130   -0.928
    0.321    1.564    2.740    3.775    4.631    5.266    5.658    5.782
    5.699    5.458    5.118    4.745    4.417    4.134    3.980
CT1823:140           -1.920   -3.158   -4.159   -5.027   -5.679   -6.037
   -6.146   -5.998   -5.603   -4.953   -4.104   -3.087   -1.935   -0.675
    0.636    1.948    3.199    4.310    5.235    5.925    6.350    6.479
    6.371    6.080    5.669    5.209    4.790    4.416    4.185
CT1823:135           -2.617   -3.835   -4.788   -5.595   -6.170   -6.439
   -6.456   -6.222   -5.749   -5.040   -4.145   -3.096   -1.919   -0.634
    0.708    2.059    3.359    4.528    5.512    6.259    6.729    6.885
    6.785    6.482    6.040    5.530    5.051    4.613    4.316
CT1823:130           -2.959   -4.212   -5.160   -5.946   -6.481   -6.698
   -6.663   -6.382   -5.876   -5.148   -4.251   -3.210   -2.048   -0.776
    0.562    1.921    3.246    4.455    5.492    6.298    6.829    7.041
    6.986    6.714    6.286    5.769    5.267    4.798    4.457
CT1823:125           -3.633   -4.843   -5.735   -6.461   -6.933   -7.093
   -7.010   -6.697   -6.176   -5.456   -4.583   -3.578   -2.457   -1.224
    0.085    1.431    2.764    4.004    5.092    5.965    6.577    6.874
    6.902    6.701    6.330    5.845    5.352    4.877    4.506
CT1823:120           -3.918   -5.155   -6.048   -6.768   -7.228   -7.382
   -7.303   -7.010   -6.525   -5.859   -5.053   -4.122   -3.077   -1.913
   -0.659    0.653    1.977    3.240    4.380    5.334    6.047    6.462
    6.611    6.525    6.254    5.841    5.394    4.948    4.570
CT1823:115           -4.221   -5.472   -6.365   -7.084   -7.546   -7.715
   -7.670   -7.428   -7.013   -6.435   -5.725   -4.895   -3.947   -2.871
   -1.688   -0.425    0.882    2.167    3.365    4.411    5.249    5.811
    6.114    6.180    6.046    5.740    5.369    4.977    4.612
CT1823:110           -4.460   -5.736   -6.647   -7.384   -7.872   -8.086
   -8.105   -7.946   -7.633   -7.169   -6.581   -5.871   -5.038   -4.062
   -2.959   -1.751   -0.465    0.841    2.100    3.249    4.225    4.953
    5.435    5.678    5.707    5.533    5.259    4.941    4.601
CT1823:105           -4.708   -6.002   -6.932   -7.694   -8.220   -8.496
   -8.598   -8.544   -8.352   -8.020   -7.566   -6.986   -6.272   -5.400
   -4.377   -3.225   -1.960   -0.634    0.688    1.943    3.063    3.968
    4.641    5.074    5.281    5.254    5.091    4.859    4.555
CT1823:100           -4.906   -6.230   -7.194   -7.996   -8.577   -8.931
   -9.132   -9.194   -9.133   -8.939   -8.621   -8.169   -7.571   -6.797
   -5.850   -4.749   -3.504   -2.158   -0.775    0.580    1.840    2.916
    3.779    4.403    4.792    4.918    4.874    4.738    4.481
CT1823:095           -5.123   -6.467   -7.465   -8.310   -8.949   -9.385
   -9.684   -9.861   -9.925   -9.860   -9.666   -9.329   -8.834   -8.144
   -7.262   -6.203   -4.974   -3.610   -2.175   -0.730    0.655    1.890
    2.928    3.734    4.299    4.579    4.661    4.630    4.434
CT1823:090           -5.286   -6.665   -7.709   -8.608   -9.314   -9.833
  -10.229  -10.513  -10.688  -10.734  -10.646  -10.405   -9.992   -9.369
   -8.538   -7.514   -6.300   -4.924   -3.450   -1.936   -0.451    0.913
    2.099    3.060    3.778    4.194    4.387    4.451    4.311
CT1823:085           -5.278   -6.720   -7.835   -8.809   -9.599  -10.208
  -10.699  -11.080  -11.351  -11.488  -11.482  -11.312  -10.960  -10.386
   -9.591   -8.593   -7.390   -6.008   -4.508   -2.945   -1.385    0.079
    1.384    2.477    3.328    3.870    4.175    4.339    4.274
CT1823:080           -5.401   -6.881   -8.050   -9.086   -9.945  -10.629
  -11.194  -11.647  -11.986  -12.182  -12.227  -12.100  -11.782  -11.233
  -10.459   -9.475   -8.281   -6.899   -5.387   -3.797   -2.193   -0.663
    0.723    1.909    2.859    3.497    3.887    4.129    4.119
CT1823:075           -5.360   -6.906   -8.153   -9.270  -10.214  -10.979
  -11.620  -12.139  -12.532  -12.769  -12.843  -12.735  -12.430  -11.889
  -11.120  -10.142   -8.952   -7.573   -6.061   -4.461   -2.836   -1.270
    0.167    1.415    2.436    3.147    3.608    3.916    3.960
CT1823:070           -5.432   -7.017   -8.325   -9.511  -10.529  -11.367
  -12.072  -12.642  -13.071  -13.329  -13.410  -13.299  -12.983  -12.428
  -11.647  -10.660   -9.468   -8.091   -6.582   -4.984   -3.356   -1.775
   -0.313    0.972    2.039    2.805    3.323    3.689    3.786
CT1823:065           -5.379   -7.024   -8.412   -9.683  -10.792  -11.716
  -12.495  -13.123  -13.591  -13.864  -13.942  -13.814  -13.471  -12.886
  -12.077  -11.069   -9.866   -8.488   -6.986   -5.401   -3.783   -2.209
   -0.745    0.552    1.641    2.439    2.995    3.400    3.535
CT1823:060           -5.390   -7.071   -8.526   -9.874  -11.070  -12.081
  -12.937  -13.626  -14.134  -14.420  -14.487  -14.329  -13.943  -13.308
  -12.452  -11.406  -10.179   -8.794   -7.298   -5.727   -4.129   -2.571
   -1.116    0.182    1.285    2.112    2.708    3.158    3.345
CT1823:055           -5.236   -6.981   -8.525   -9.972  -11.277  -12.396
  -13.351  -14.122  -14.685  -14.994  -15.055  -14.863  -14.424  -13.726
  -12.809  -11.712  -10.453   -9.058   -7.571   -6.024   -4.458   -2.933
   -1.504   -0.222    0.876    1.713    2.330    2.805    3.022
CT1823:050           -5.174   -6.946   -8.557  -10.084  -11.487  -12.713
  -13.770  -14.628  -15.256  -15.593  -15.647  -15.416  -14.913  -14.137
  -13.143  -11.981  -10.679   -9.270   -7.792   -6.271   -4.741   -3.252
   -1.852   -0.586    0.512    1.371    2.023    2.544    2.815
CT1823:045           -4.928   -6.755   -8.452  -10.079  -11.597  -12.947
  -14.126  -15.092  -15.802  -16.184  -16.243  -15.980  -15.415  -14.559
  -13.483  -12.254  -10.909   -9.490   -8.029   -6.547   -5.068   -3.631
   -2.274   -1.037    0.049    0.915    1.585    2.129    2.427
CT1823:040           -4.320   -6.195   -7.988   -9.731  -11.389  -12.894
  -14.228  -15.338  -16.170  -16.633  -16.730  -16.464  -15.862  -14.946
  -13.807  -12.528  -11.161   -9.755   -8.337   -6.922   -5.523   -4.168
   -2.884   -1.703   -0.656    0.194    0.865    1.419    1.742
CT1823:035           -3.947   -5.858   -7.721   -9.549  -11.311  -12.937
  -14.397  -15.628  -16.563  -17.097  -17.227  -16.955  -16.314  -15.336
  -14.130  -12.795  -11.395   -9.986   -8.593   -7.222   -5.875   -4.566
   -3.311   -2.138   -1.075   -0.184    0.546    1.167    1.566
CT1823:030           -3.706   -5.604   -7.496   -9.372  -11.208  -12.932
  -14.502  -15.846  -16.885  -17.501  -17.682  -17.428  -16.775  -15.760
  -14.511  -13.138  -11.719  -10.316   -8.950   -7.620   -6.320   -5.049
   -3.815   -2.642   -1.556   -0.617    0.173    0.860    1.327
CT1823:025           -3.197   -5.103   -7.037   -8.970  -10.884  -12.708
  -14.392  -15.857  -17.016  -17.737  -18.001  -17.802  -17.176  -16.165
  -14.905  -13.521  -12.097  -10.702   -9.354   -8.048   -6.769   -5.505
   -4.258   -3.047   -1.898   -0.866    0.037    0.847    1.456
CT1823:020           -2.852   -4.714   -6.647   -8.598  -10.555  -12.452
  -14.229  -15.805  -17.083  -17.923  -18.295  -18.187  -17.633  -16.670
  -15.442  -14.079  -12.671  -11.292   -9.960   -8.669   -7.399   -6.133
   -4.867   -3.619   -2.417   -1.318   -0.341    0.544    1.222
CT1823:015           -2.251   -4.085   -6.024   -7.996   -9.999  -11.969
  -13.843  -15.534  -16.946  -17.928  -18.442  -18.467  -18.029  -17.162
  -16.006  -14.695  -13.319  -11.955  -10.624   -9.322   -8.027   -6.719
   -5.396   -4.075   -2.784   -1.578   -0.484    0.525    1.336
CT1823:010           -1.793   -3.551   -5.456   -7.414   -9.430  -11.447
  -13.396  -15.191  -16.731  -17.863  -18.537  -18.724  -18.440  -17.707
  -16.660  -15.430  -14.105  -12.762  -11.428  -10.103   -8.769   -7.408
   -6.023   -4.633   -3.267   -1.983   -0.813    0.268    1.138
CT1823:005           -1.116   -2.809   -4.685   -6.630   -8.659  -10.722
  -12.745  -14.643  -16.315  -17.606  -18.456  -18.826  -18.723  -18.155
  -17.247  -16.122  -14.863  -13.543  -12.201  -10.838   -9.446   -8.013
   -6.549   -5.075   -3.623   -2.251   -0.993    0.175    1.128
CT1824:360           -0.539   -2.122   -3.930   -5.828   -7.839   -9.920
  -11.993  -13.973  -15.759  -17.196  -18.216  -18.770  -18.856  -18.468
  -17.715  -16.712  -15.534  -14.249  -12.904  -11.508  -10.061   -8.560
   -7.025   -5.480   -3.961   -2.527   -1.213    0.007    0.998
