CT1852:360           10.686    9.546    8.287    7.023    5.804    4.727
    3.802    3.050    2.475    2.088    1.849    1.730    1.698    1.720
    1.744    1.726    1.608    1.331    0.863    0.170   -0.768   -1.974
   -3.397   -4.992   -6.704   -8.468  -10.172  -11.793  -13.126
CT1852:355           11.169   10.095    8.920    7.745    6.624    5.652
    4.832    4.179    3.693    3.380    3.197    3.117    3.106    3.127
    3.127    3.061    2.870    2.491    1.901    1.070   -0.014   -1.366
   -2.928   -4.651   -6.477   -8.336  -10.118  -11.808  -13.191
CT1852:350           11.517   10.538    9.463    8.390    7.373    6.501
    5.773    5.200    4.779    4.510    4.354    4.284    4.266    4.262
    4.221    4.094    3.822    3.343    2.640    1.688    0.482   -0.987
   -2.651   -4.462   -6.359   -8.268  -10.084  -11.797  -13.185
CT1852:345           11.888   10.998   10.015    9.034    8.105    7.312
    6.650    6.126    5.735    5.474    5.308    5.211    5.153    5.095
    4.985    4.778    4.413    3.830    3.018    1.958    0.649   -0.909
   -2.648   -4.518   -6.460   -8.401  -10.241  -11.975  -13.383
CT1852:340           12.234   11.438   10.545    9.650    8.801    8.070
    7.454    6.955    6.567    6.285    6.079    5.926    5.799    5.658
    5.455    5.148    4.677    3.988    3.076    1.926    0.545   -1.063
   -2.832   -4.712   -6.648   -8.567  -10.379  -12.081  -13.456
CT1852:335           12.484   11.797   11.002   10.197    9.424    8.749
    8.167    7.680    7.280    6.961    6.698    6.469    6.250    6.002
    5.681    5.249    4.652    3.847    2.834    1.606    0.173   -1.453
   -3.214   -5.064   -6.953   -8.811  -10.557  -12.191  -13.500
CT1852:330           12.816   12.217   11.500   10.767   10.053    9.417
    8.855    8.368    7.946    7.582    7.252    6.935    6.607    6.228
    5.761    5.174    4.425    3.483    2.356    1.048   -0.427   -2.056
   -3.787   -5.582   -7.399   -9.175  -10.838  -12.393  -13.636
CT1852:325           12.951   12.471   11.856   11.213   10.573    9.987
    9.456    8.980    8.551    8.154    7.767    7.367    6.927    6.406
    5.773    5.009    4.084    2.984    1.732    0.340   -1.172   -2.786
   -4.464   -6.175   -7.886   -9.544  -11.086  -12.521  -13.654
CT1852:320           13.255   12.855   12.310   11.731   11.144   10.596
   10.091    9.628    9.195    8.774    8.338    7.857    7.303    6.628
    5.812    4.846    3.717    2.435    1.036   -0.456   -2.015   -3.620
   -5.245   -6.872   -8.478  -10.020  -11.450  -12.778  -13.826
CT1852:315           13.437   13.135   12.673   12.172   11.650   11.154
   10.690   10.258    9.843    9.418    8.951    8.405    7.745    6.919
    5.915    4.740    3.399    1.925    0.371   -1.226   -2.833   -4.424
   -5.989   -7.517   -8.999  -10.398  -11.682  -12.864  -13.776
CT1852:310           13.701   13.469   13.072   12.632   12.166   11.719
   11.299   10.903   10.514   10.095    9.607    9.003    8.244    7.270
    6.080    4.695    3.138    1.466   -0.252   -1.965   -3.635   -5.230
   -6.754   -8.207   -9.590  -10.876  -12.047  -13.122  -13.948
CT1852:305           13.982   13.814   13.477   13.094   12.681   12.284
   11.912   11.557   11.200   10.795   10.293    9.641    8.793    7.687
    6.328    4.752    2.999    1.145   -0.724   -2.547   -4.278   -5.881
   -7.368   -8.749  -10.032  -11.197  -12.240  -13.185  -13.886
CT1852:300           14.198   14.088   13.808   13.482   13.124   12.779
   12.456   12.145   11.822   11.433   10.922   10.230    9.309    8.090
    6.589    4.853    2.934    0.923   -1.080   -3.007   -4.805   -6.433
   -7.911   -9.253  -10.475  -11.561  -12.521  -13.385  -14.017
CT1852:295           14.480   14.411   14.173   13.889   13.573   13.269
   12.983   12.706   12.407   12.025   11.502   10.775    9.794    8.490
    6.883    5.029    2.986    0.858   -1.251   -3.266   -5.128   -6.792
   -8.280   -9.607  -10.794  -11.825  -12.722  -13.519  -14.088
CT1852:290           14.638   14.612   14.418   14.177   13.905   13.640
   13.390   13.140   12.860   12.484   11.953   11.204   10.187    8.833
    7.166    5.246    3.134    0.934   -1.244   -3.323   -5.242   -6.949
   -8.465   -9.803  -10.984  -11.991  -12.855  -13.615  -14.148
CT1852:285           14.861   14.853   14.682   14.465   14.215   13.971
   13.737   13.497   13.221   12.840   12.298   11.535   10.502    9.132
    7.451    5.516    3.386    1.162   -1.050   -3.171   -5.140   -6.899
   -8.464   -9.842  -11.052  -12.072  -12.937  -13.696  -14.224
CT1852:280           14.951   14.967   14.820   14.625   14.397   14.167
   13.941   13.704   13.423   13.036   12.489   11.727   10.704    9.358
    7.710    5.814    3.718    1.518   -0.688   -2.823   -4.827   -6.637
   -8.258   -9.692  -10.950  -12.005  -12.893  -13.667  -14.198
CT1852:275           15.066   15.084   14.940   14.749   14.521   14.287
   14.051   13.800   13.503   13.102   12.551   11.800   10.808    9.516
    7.941    6.126    4.111    1.975   -0.191   -2.317   -4.341   -6.201
   -7.889   -9.398  -10.731  -11.853  -12.798  -13.623  -14.193
CT1852:270           15.084   15.103   14.958   14.764   14.529   14.281
   14.026   13.751   13.431   13.016   12.466   11.738   10.796    9.585
    8.114    6.418    4.521    2.487    0.395   -1.692   -3.715   -5.612
   -7.362   -8.949  -10.366  -11.567  -12.583  -13.468  -14.081
CT1852:265           14.992   15.011   14.859   14.655   14.404   14.132
   13.848   13.542   13.194   12.762   12.215   11.516   10.636    9.521
    8.175    6.620    4.867    2.960    0.966   -1.062   -3.071   -5.001
   -6.820   -8.503  -10.034  -11.361  -12.501  -13.512  -14.245
CT1852:260           14.933   14.930   14.751   14.517   14.231   13.920
   13.593   13.244   12.860   12.407   11.863   11.197   10.384    9.377
    8.171    6.776    5.190    3.439    1.575   -0.361   -2.321   -4.252
   -6.111   -7.864   -9.486  -10.914  -12.153  -13.257  -14.063
CT1852:255           14.662   14.652   14.454   14.194   13.875   13.522
   13.151   12.760   12.338   11.866   11.324   10.693    9.948    9.051
    7.988    6.759    5.349    3.765    2.045    0.215   -1.685   -3.612
   -5.515   -7.354   -9.094  -10.670  -12.070  -13.341  -14.319
CT1852:250           14.521   14.466   14.217   13.903   13.526   13.112
   12.681   12.233   11.766   11.266   10.724   10.124    9.447    8.659
    7.744    6.688    5.466    4.069    2.516    0.824   -0.981   -2.865
   -4.771   -6.655   -8.472  -10.149  -11.657  -13.034  -14.104
CT1852:245           13.997   13.946   13.680   13.339   12.925   12.465
   11.985   11.492   10.987   10.467    9.929    9.363    8.755    8.077
    7.308    6.425    5.394    4.186    2.809    1.262   -0.439   -2.273
   -4.180   -6.112   -8.017   -9.820  -11.471  -12.999  -14.222
CT1852:240           13.771   13.656   13.318   12.905   12.414   11.878
   11.326   10.767   10.210    9.659    9.115    8.576    8.031    7.459
    6.832    6.121    5.282    4.272    3.081    1.697    0.121   -1.638
   -3.517   -5.464   -7.423   -9.314  -11.064  -12.697  -14.016
CT1852:235           13.251   13.110   12.728   12.262   11.711   11.112
   10.497    9.882    9.279    8.702    8.158    7.647    7.166    6.698
    6.212    5.671    5.023    4.208    3.204    1.982    0.534   -1.145
   -2.992   -4.952   -6.965   -8.948  -10.810  -12.563  -14.005
CT1852:230           12.938   12.718   12.250   11.697   11.058   10.373
    9.679    8.994    8.335    7.724    7.172    6.684    6.260    5.890
    5.539    5.162    4.700    4.080    3.263    2.208    0.896   -0.691
   -2.490   -4.444   -6.486   -8.533  -10.477  -12.318  -13.847
CT1852:225           12.857   12.503   11.909   11.233   10.478    9.686
    8.895    8.127    7.401    6.747    6.178    5.705    5.330    5.050
    4.825    4.604    4.320    3.888    3.254    2.366    1.192   -0.297
   -2.036   -3.967   -6.020   -8.110  -10.112  -12.016  -13.608
CT1852:220           12.470   12.027   11.340   10.572    9.723    8.842
    7.970    7.130    6.347    5.657    5.077    4.621    4.294    4.097
    3.991    3.915    3.798    3.543    3.082    2.353    1.312   -0.079
   -1.756   -3.661   -5.720   -7.846   -9.902  -11.868  -13.528
CT1852:215           12.404   11.812   10.987   10.087    9.114    8.122
    7.150    6.225    5.374    4.640    4.039    3.589    3.298    3.172
    3.169    3.223    3.258    3.166    2.869    2.294    1.390    0.106
   -1.491   -3.343   -5.373   -7.496   -9.560  -11.539  -13.207
CT1852:210           11.973   11.292   10.376    9.385    8.322    7.246
    6.197    5.205    4.302    3.533    2.918    2.476    2.216    2.150
    2.232    2.395    2.557    2.606    2.452    2.013    1.232    0.047
   -1.475   -3.279   -5.286   -7.411   -9.496  -11.505  -13.214
CT1852:205           11.816   11.004    9.968    8.861    7.692    6.520
    5.386    4.324    3.365    2.559    1.924    1.482    1.241    1.217
    1.363    1.611    1.878    2.047    2.022    1.715    1.061   -0.007
   -1.426   -3.143   -5.076   -7.143   -9.177  -11.135  -12.786
CT1852:200           11.373   10.478    9.361    8.175    6.930    5.690
    4.496    3.383    2.386    1.555    0.907    0.464    0.234    0.234
    0.418    0.718    1.053    1.306    1.375    1.169    0.617   -0.354
   -1.688   -3.333   -5.212   -7.246   -9.265  -11.218  -12.880
CT1852:195           11.188   10.179    8.962    7.683    6.354    5.043
    3.790    2.630    1.597    0.743    0.082   -0.367   -0.597   -0.590
   -0.390   -0.065    0.310    0.619    0.762    0.645    0.195   -0.665
   -1.886   -3.420   -5.193   -7.129   -9.053  -10.912  -12.474
CT1852:190           10.769    9.690    8.411    7.074    5.695    4.342
    3.056    1.873    0.825   -0.037   -0.702   -1.155   -1.390   -1.393
   -1.204   -0.887   -0.514   -0.192   -0.019   -0.086   -0.470   -1.249
   -2.383   -3.831   -5.524   -7.396   -9.272  -11.092  -12.635
CT1852:185           10.329    9.199    7.877    6.503    5.093    3.720
    2.421    1.231    0.184   -0.673   -1.335   -1.790   -2.035   -2.059
   -1.900   -1.619   -1.278   -0.976   -0.805   -0.852   -1.190   -1.900
   -2.951   -4.308   -5.912   -7.702   -9.509  -11.270  -12.773
CT1852:180            9.957    8.774    7.415    6.010    4.580    3.199
    1.902    0.720   -0.315   -1.159   -1.813   -2.269   -2.529   -2.585
   -2.474   -2.252   -1.973   -1.724   -1.589   -1.646   -1.965   -2.626
   -3.606   -4.879   -6.392   -8.098   -9.830  -11.525  -12.982
CT1852:175            9.616    8.385    6.998    5.574    4.138    2.765
    1.483    0.323   -0.689   -1.513   -2.155   -2.613   -2.893   -2.991
   -2.944   -2.800   -2.609   -2.445   -2.380   -2.483   -2.818   -3.460
   -4.394   -5.605   -7.048   -8.687  -10.366  -12.019  -13.464
CT1852:170            9.300    8.034    6.632    5.205    3.780    2.431
    1.181    0.058   -0.918   -1.713   -2.338   -2.795   -3.094   -3.237
   -3.259   -3.204   -3.113   -3.049   -3.071   -3.237   -3.602   -4.235
   -5.128   -6.270   -7.628   -9.173  -10.763  -12.332  -13.711
CT1852:165            9.156    7.835    6.410    4.972    3.554    2.230
    1.014   -0.072   -1.011   -1.779   -2.389   -2.851   -3.176   -3.372
   -3.474   -3.520   -3.545   -3.601   -3.733   -3.989   -4.414   -5.068
   -5.947   -7.049   -8.348   -9.825  -11.352  -12.865  -14.213
CT1852:160            8.897    7.556    6.136    4.714    3.330    2.053
    0.890   -0.142   -1.031   -1.761   -2.351   -2.811   -3.160   -3.407
   -3.586   -3.730   -3.870   -4.045   -4.291   -4.642   -5.132   -5.812
   -6.681   -7.740   -8.970  -10.359  -11.794  -13.217  -14.485
CT1852:155            8.765    7.388    5.964    4.552    3.195    1.962
    0.849   -0.130   -0.973   -1.668   -2.240   -2.704   -3.079   -3.381
   -3.639   -3.883   -4.140   -4.441   -4.808   -5.268   -5.843   -6.573
   -7.458   -8.501   -9.689  -11.019  -12.392  -13.753  -14.977
CT1852:150            8.554    7.168    5.759    4.375    3.060    1.882
    0.829   -0.090   -0.879   -1.534   -2.085   -2.548   -2.944   -3.292
   -3.620   -3.953   -4.316   -4.732   -5.214   -5.778   -6.438   -7.221
   -8.125   -9.154  -10.299  -11.558  -12.847  -14.121  -15.260
CT1852:145            8.573    7.139    5.718    4.336    3.044    1.903
    0.896    0.024   -0.720   -1.342   -1.873   -2.335   -2.749   -3.137
   -3.526   -3.939   -4.398   -4.922   -5.515   -6.184   -6.936   -7.783
   -8.721   -9.753  -10.870  -12.069  -13.284  -14.476  -15.531
CT1852:140            8.399    6.960    5.557    4.201    2.947    1.856
    0.903    0.085   -0.610   -1.192   -1.695   -2.144   -2.562   -2.974
   -3.406   -3.880   -4.419   -5.037   -5.733   -6.507   -7.355   -8.278
   -9.266  -10.316  -11.421  -12.575  -13.723  -14.841  -15.813
CT1852:135            8.492    7.002    5.579    4.216    2.972    1.905
    0.983    0.201   -0.456   -1.004   -1.480   -1.910   -2.321   -2.742
   -3.201   -3.719   -4.320   -5.021   -5.811   -6.685   -7.630   -8.636
   -9.682  -10.760  -11.861  -12.971  -14.050  -15.084  -15.956
CT1852:130            8.352    6.857    5.443    4.096    2.876    1.842
    0.957    0.216   -0.400   -0.906   -1.343   -1.741   -2.127   -2.537
   -3.000   -3.542   -4.189   -4.959   -5.837   -6.811   -7.859   -8.959
  -10.080  -11.206  -12.323  -13.412  -14.445  -15.419  -16.217
CT1852:125            8.266    6.757    5.341    3.998    2.788    1.772
    0.911    0.199   -0.383   -0.850   -1.247   -1.604   -1.954   -2.337
   -2.789   -3.338   -4.017   -4.844   -5.800   -6.868   -8.017   -9.212
  -10.412  -11.591  -12.733  -13.809  -14.802  -15.723  -16.451
CT1852:120            8.159    6.640    5.221    3.877    2.670    1.661
    0.813    0.120   -0.435   -0.868   -1.225   -1.539   -1.846   -2.194
   -2.624   -3.168   -3.866   -4.737   -5.759   -6.909   -8.150   -9.432
  -10.707  -11.939  -13.107  -14.174  -15.134  -16.009  -16.674
CT1852:115            8.006    6.488    5.067    3.720    2.509    1.498
    0.652   -0.032   -0.572   -0.979   -1.302   -1.577   -1.844   -2.154
   -2.558   -3.091   -3.796   -4.697   -5.767   -6.978   -8.286   -9.634
  -10.962  -12.229  -13.408  -14.454  -15.368  -16.185  -16.772
CT1852:110            7.931    6.399    4.958    3.590    2.357    1.324
    0.460   -0.237   -0.780   -1.181   -1.488   -1.740   -1.980   -2.266
   -2.651   -3.175   -3.884   -4.803   -5.902   -7.151   -8.501   -9.889
  -11.249  -12.535  -13.718  -14.747  -15.630  -16.406  -16.945
CT1852:105            7.851    6.309    4.847    3.453    2.189    1.122
    0.224   -0.502   -1.068   -1.482   -1.793   -2.042   -2.274   -2.550
   -2.927   -3.444   -4.150   -5.068   -6.167   -7.415   -8.762  -10.142
  -11.488  -12.751  -13.899  -14.877  -15.696  -16.399  -16.847
CT1852:100            7.812    6.252    4.758    3.327    2.017    0.898
   -0.052   -0.830   -1.442   -1.894   -2.237   -2.510   -2.762   -3.051
   -3.436   -3.957   -4.658   -5.563   -6.640   -7.859   -9.171  -10.512
  -11.818  -13.042  -14.152  -15.092  -15.874  -16.541  -16.957
CT1852:095            7.751    6.184    4.663    3.195    1.837    0.660
   -0.354   -1.197   -1.873   -2.385   -2.782   -3.103   -3.394   -3.713
   -4.116   -4.641   -5.330   -6.202   -7.227   -8.378   -9.610  -10.866
  -12.086  -13.227  -14.260  -15.129  -15.840  -16.437  -16.779
CT1852:090            7.757    6.174    4.616    3.102    1.685    0.438
   -0.653   -1.577   -2.335   -2.928   -3.399   -3.788   -4.138   -4.502
   -4.932   -5.466   -6.138   -6.966   -7.925   -8.990  -10.123  -11.275
  -12.398  -13.454  -14.416  -15.235  -15.911  -16.481  -16.812
CT1852:085            7.746    6.161    4.577    3.026    1.557    0.244
   -0.923   -1.930   -2.775   -3.454   -4.008   -4.470   -4.881   -5.289
   -5.743   -6.277   -6.922   -7.691   -8.566   -9.525  -10.538  -11.566
  -12.569  -13.518  -14.390  -15.138  -15.754  -16.271  -16.553
CT1852:080            7.806    6.214    4.600    3.010    1.490    0.111
   -1.130   -2.217   -3.147   -3.910   -4.542   -5.074   -5.541   -5.987
   -6.457   -6.984   -7.595   -8.305   -9.098   -9.959  -10.863  -11.783
  -12.689  -13.557  -14.368  -15.082  -15.686  -16.201  -16.498
CT1852:075            7.828    6.248    4.624    3.013    1.460    0.035
   -1.260   -2.408   -3.402   -4.228   -4.917   -5.495   -5.996   -6.457
   -6.924   -7.429   -7.999   -8.649   -9.368  -10.144  -10.959  -11.793
  -12.623  -13.431  -14.200  -14.895  -15.497  -16.018  -16.332
CT1852:070            7.951    6.379    4.745    3.118    1.540    0.084
   -1.247   -2.433   -3.465   -4.323   -5.037   -5.630   -6.133   -6.582
   -7.023   -7.492   -8.018   -8.618   -9.283  -10.005  -10.770  -11.561
  -12.359  -13.149  -13.916  -14.629  -15.262  -15.823  -16.185
CT1852:065            7.961    6.432    4.821    3.209    1.638    0.184
   -1.145   -2.329   -3.355   -4.200   -4.892   -5.453   -5.916   -6.317
   -6.707   -7.126   -7.608   -8.173   -8.814   -9.523  -10.287  -11.089
  -11.911  -12.736  -13.551  -14.328  -15.035  -15.676  -16.127
CT1852:060            8.148    6.647    5.053    3.456    1.899    0.462
   -0.845   -1.997   -2.980   -3.771   -4.396   -4.881   -5.260   -5.578
   -5.892   -6.249   -6.688   -7.235   -7.881   -8.616   -9.424  -10.286
  -11.178  -12.080  -12.979  -13.843  -14.639  -15.368  -15.900
CT1852:055            8.194    6.763    5.223    3.677    2.167    0.783
   -0.463   -1.543   -2.440   -3.128   -3.638   -3.999   -4.254   -4.455
   -4.671   -4.956   -5.357   -5.905   -6.587   -7.389   -8.290   -9.266
  -10.282  -11.315  -12.347  -13.345  -14.271  -15.128  -15.780
CT1852:050            8.439    7.057    5.562    4.061    2.600    1.275
    0.102   -0.888   -1.675   -2.232   -2.595   -2.802   -2.903   -2.964
   -3.067   -3.273   -3.640   -4.203   -4.941   -5.839   -6.864   -7.986
   -9.159  -10.352  -11.540  -12.687  -13.751  -14.737  -15.497
CT1852:045            8.608    7.304    5.881    4.450    3.060    1.815
    0.735   -0.145   -0.802   -1.207   -1.403   -1.435   -1.365   -1.273
   -1.255   -1.380   -1.716   -2.302   -3.112   -4.121   -5.292   -6.585
   -7.940   -9.320  -10.692  -12.013  -13.238  -14.375  -15.261
CT1852:040            8.902    7.668    6.313    4.951    3.633    2.469
    1.482    0.712    0.184   -0.071   -0.102    0.038    0.276    0.517
    0.653    0.606    0.300   -0.311   -1.191   -2.313   -3.631   -5.098
   -6.640   -8.212   -9.774  -11.273  -12.660  -13.947  -14.953
CT1852:035            9.256    8.096    6.814    5.526    4.284    3.201
    2.304    1.636    1.225    1.105    1.219    1.509    1.894    2.265
    2.503    2.524    2.245    1.613    0.670   -0.553   -2.006   -3.636
   -5.359   -7.119   -8.869  -10.547  -12.099  -13.538  -14.666
CT1852:030            9.585    8.512    7.317    6.115    4.959    3.962
    3.156    2.583    2.274    2.263    2.493    2.899    3.394    3.863
    4.180    4.255    3.998    3.354    2.365    1.064   -0.499   -2.267
   -4.145   -6.073   -7.994   -9.839  -11.545  -13.128  -14.372
CT1852:025           10.005    9.014    7.903    6.785    5.712    4.797
    4.069    3.574    3.341    3.404    3.705    4.178    4.734    5.254
    5.610    5.712    5.465    4.810    3.788    2.428    0.782   -1.097
   -3.109   -5.186   -7.267   -9.274  -11.137  -12.870  -14.247
CT1852:020           10.352    9.460    8.451    7.435    6.460    5.636
    4.992    4.569    4.397    4.507    4.840    5.334    5.901    6.425
    6.782    6.883    6.635    5.973    4.937    3.549    1.857   -0.091
   -2.192   -4.374   -6.572   -8.701  -10.682  -12.528  -14.000
CT1852:015           10.796    9.990    9.074    8.153    7.273    6.536
    5.967    5.604    5.471    5.595    5.919    6.384    6.908    7.383
    7.694    7.758    7.484    6.809    5.763    4.363    2.649    0.661
   -1.498   -3.756   -6.045   -8.275  -10.360  -12.310  -13.880
CT1852:010           11.143   10.443    9.637    8.826    8.054    7.414
    6.928    6.624    6.522    6.640    6.925    7.323    7.762    8.144
    8.369    8.364    8.044    7.346    6.294    4.898    3.186    1.191
   -0.989   -3.282   -5.619   -7.911  -10.061  -12.077  -13.709
CT1852:005           11.674   11.044   10.323    9.601    8.921    8.366
    7.948    7.690    7.600    7.687    7.902    8.198    8.513    8.764
    8.868    8.763    8.373    7.639    6.577    5.189    3.496    1.520
   -0.648   -2.940   -5.286   -7.598   -9.774  -11.818  -13.478
CT1853:360           12.000   11.473   10.860   10.245    9.671    9.210
    8.867    8.654    8.571    8.616    8.747    8.921    9.090    9.186
    9.144    8.915    8.436    7.651    6.570    5.189    3.519    1.574
   -0.563   -2.830   -5.162   -7.471   -9.655  -11.713  -13.398
