CT1836:360            0.976    0.274   -0.205   -0.577   -0.789   -0.841
   -0.798   -0.695   -0.566   -0.437   -0.319   -0.205   -0.084    0.058
    0.216    0.368    0.475    0.482    0.354    0.067   -0.384   -0.989
   -1.684   -2.412   -3.118   -3.717   -4.167   -4.499   -4.542
CT1836:355            0.730    0.027   -0.452   -0.823   -1.034   -1.083
   -1.037   -0.925   -0.781   -0.628   -0.477   -0.323   -0.157    0.030
    0.227    0.410    0.534    0.541    0.402    0.091   -0.391   -1.032
   -1.763   -2.524   -3.258   -3.882   -4.354   -4.708   -4.781
CT1836:350            0.625   -0.115   -0.633   -1.045   -1.300   -1.392
   -1.385   -1.304   -1.179   -1.027   -0.860   -0.676   -0.469   -0.238
   -0.001    0.215    0.361    0.381    0.247   -0.061   -0.543   -1.179
   -1.901   -2.648   -3.362   -3.959   -4.401   -4.725   -4.771
CT1836:345            0.177   -0.548   -1.079   -1.513   -1.805   -1.943
   -1.983   -1.942   -1.845   -1.701   -1.524   -1.315   -1.073   -0.805
   -0.533   -0.290   -0.124   -0.091   -0.211   -0.504   -0.964   -1.572
   -2.261   -2.971   -3.649   -4.213   -4.629   -4.932   -4.977
CT1836:340            0.061   -0.716   -1.316   -1.826   -2.202   -2.427
   -2.549   -2.579   -2.534   -2.420   -2.253   -2.037   -1.780   -1.493
   -1.205   -0.950   -0.773   -0.724   -0.822   -1.078   -1.489   -2.034
   -2.651   -3.286   -3.889   -4.381   -4.733   -4.979   -4.985
CT1836:335           -0.559   -1.299   -1.906   -2.441   -2.862   -3.145
   -3.325   -3.408   -3.403   -3.312   -3.154   -2.938   -2.676   -2.386
   -2.097   -1.844   -1.666   -1.607   -1.678   -1.892   -2.241   -2.711
   -3.246   -3.800   -4.328   -4.761   -5.072   -5.292   -5.308
CT1836:330           -0.679   -1.477   -2.160   -2.778   -3.290   -3.664
   -3.928   -4.083   -4.136   -4.086   -3.955   -3.760   -3.517   -3.246
   -2.979   -2.744   -2.575   -2.506   -2.545   -2.701   -2.969   -3.339
   -3.764   -4.207   -4.628   -4.967   -5.199   -5.351   -5.325
CT1836:325           -0.658   -1.537   -2.313   -3.026   -3.634   -4.100
   -4.446   -4.672   -4.783   -4.778   -4.685   -4.524   -4.315   -4.082
   -3.852   -3.650   -3.500   -3.427   -3.437   -3.537   -3.726   -3.998
   -4.319   -4.660   -4.987   -5.252   -5.430   -5.545   -5.521
CT1836:320           -0.771   -1.697   -2.535   -3.315   -3.992   -4.523
   -4.928   -5.203   -5.356   -5.386   -5.326   -5.200   -5.030   -4.838
   -4.648   -4.479   -4.346   -4.267   -4.246   -4.288   -4.396   -4.569
   -4.784   -5.019   -5.246   -5.424   -5.532   -5.588   -5.533
CT1836:315           -0.080   -1.192   -2.189   -3.113   -3.917   -4.552
   -5.043   -5.391   -5.603   -5.684   -5.673   -5.594   -5.473   -5.330
   -5.186   -5.053   -4.941   -4.859   -4.811   -4.804   -4.842   -4.930
   -5.052   -5.193   -5.330   -5.427   -5.466   -5.464   -5.371
CT1836:310           -0.151   -1.289   -2.319   -3.279   -4.116   -4.777
   -5.291   -5.655   -5.883   -5.981   -5.990   -5.937   -5.845   -5.733
   -5.617   -5.506   -5.405   -5.318   -5.251   -5.209   -5.200   -5.230
   -5.290   -5.367   -5.444   -5.490   -5.490   -5.457   -5.356
CT1836:305            0.353   -0.896   -2.016   -3.053   -3.953   -4.660
   -5.207   -5.597   -5.844   -5.960   -5.988   -5.956   -5.886   -5.795
   -5.696   -5.596   -5.497   -5.402   -5.318   -5.250   -5.205   -5.190
   -5.197   -5.214   -5.225   -5.202   -5.130   -5.023   -4.842
CT1836:300            0.358   -0.890   -2.009   -3.045   -3.939   -4.635
   -5.169   -5.544   -5.777   -5.883   -5.905   -5.871   -5.801   -5.710
   -5.611   -5.510   -5.409   -5.314   -5.230   -5.163   -5.119   -5.103
   -5.107   -5.120   -5.127   -5.102   -5.034   -4.936   -4.776
CT1836:295            0.408   -0.819   -1.917   -2.931   -3.801   -4.468
   -4.972   -5.317   -5.521   -5.602   -5.602   -5.548   -5.459   -5.351
   -5.235   -5.118   -5.007   -4.907   -4.824   -4.764   -4.729   -4.722
   -4.730   -4.739   -4.736   -4.693   -4.598   -4.468   -4.258
CT1836:290            0.503   -0.692   -1.756   -2.734   -3.565   -4.192
   -4.655   -4.960   -5.128   -5.175   -5.143   -5.059   -4.942   -4.806
   -4.667   -4.533   -4.413   -4.319   -4.253   -4.222   -4.225   -4.261
   -4.314   -4.369   -4.411   -4.413   -4.366   -4.283   -4.124
CT1836:285            0.485   -0.635   -1.627   -2.536   -3.300   -3.863
   -4.265   -4.515   -4.632   -4.633   -4.557   -4.431   -4.274   -4.102
   -3.931   -3.775   -3.644   -3.555   -3.509   -3.512   -3.560   -3.648
   -3.757   -3.869   -3.968   -4.026   -4.033   -4.004   -3.892
CT1836:280            0.670   -0.392   -1.323   -2.169   -2.870   -3.373
   -3.719   -3.918   -3.987   -3.943   -3.826   -3.658   -3.461   -3.253
   -3.052   -2.873   -2.735   -2.653   -2.631   -2.671   -2.770   -2.919
   -3.096   -3.280   -3.455   -3.592   -3.679   -3.729   -3.692
CT1836:275            0.921   -0.079   -0.942   -1.720   -2.353   -2.793
   -3.082   -3.229   -3.252   -3.166   -3.008   -2.801   -2.567   -2.324
   -2.095   -1.897   -1.751   -1.677   -1.677   -1.754   -1.902   -2.115
   -2.364   -2.629   -2.891   -3.122   -3.305   -3.451   -3.506
CT1836:270            1.184    0.262   -0.521   -1.219   -1.775   -2.147
   -2.376   -2.470   -2.448   -2.323   -2.128   -1.887   -1.620   -1.346
   -1.092   -0.876   -0.722   -0.652   -0.669   -0.776   -0.969   -1.240
   -1.559   -1.906   -2.258   -2.586   -2.869   -3.114   -3.260
CT1836:265            1.644    0.774    0.053   -0.580   -1.073   -1.388
   -1.566   -1.619   -1.562   -1.406   -1.185   -0.919   -0.627   -0.331
   -0.056    0.176    0.338    0.406    0.376    0.243    0.011   -0.315
   -0.704   -1.133   -1.578   -2.009   -2.396   -2.744   -2.984
CT1836:260            1.967    1.187    0.556    0.009   -0.402   -0.648
   -0.768   -0.773   -0.678   -0.493   -0.246    0.043    0.358    0.675
    0.970    1.218    1.391    1.461    1.422    1.268    0.999    0.618
    0.159   -0.354   -0.896   -1.432   -1.927   -2.381   -2.717
CT1836:255            2.409    1.702    1.146    0.674    0.332    0.146
    0.076    0.111    0.238    0.447    0.715    1.024    1.357    1.694
    2.008    2.273    2.459    2.531    2.484    2.307    2.000    1.561
    1.028    0.427   -0.214   -0.857   -1.460   -2.020   -2.453
CT1836:250            2.772    2.157    1.688    1.298    1.031    0.908
    0.890    0.967    1.126    1.362    1.652    1.982    2.338    2.699
    3.036    3.322    3.522    3.598    3.541    3.338    2.986    2.485
    1.874    1.182    0.443   -0.305   -1.010   -1.670   -2.191
CT1836:245            3.104    2.586    2.203    1.893    1.697    1.632
    1.662    1.777    1.968    2.229    2.544    2.900    3.283    3.673
    4.038    4.348    4.564    4.642    4.569    4.333    3.929    3.358
    2.662    1.877    1.039    0.191   -0.613   -1.368   -1.975
CT1836:240            3.488    3.054    2.743    2.497    2.356    2.335
    2.399    2.543    2.757    3.040    3.378    3.760    4.173    4.596
    4.994    5.331    5.564    5.641    5.549    5.274    4.814    4.168
    3.390    2.516    1.588    0.653   -0.232   -1.065   -1.743
CT1836:235            3.889    3.530    3.276    3.080    2.976    2.980
    3.063    3.220    3.446    3.742    4.096    4.502    4.945    5.401
    5.832    6.198    6.445    6.520    6.407    6.091    5.574    4.858
    4.003    3.051    2.048    1.041    0.090   -0.807   -1.544
CT1836:230            4.273    3.985    3.774    3.611    3.526    3.535
    3.616    3.767    3.986    4.280    4.640    5.059    5.523    6.008
    6.469    6.859    7.121    7.193    7.062    6.712    6.147    5.376
    4.463    3.456    2.400    1.349    0.355   -0.583   -1.360
CT1836:225            4.754    4.507    4.311    4.149    4.048    4.028
    4.073    4.186    4.368    4.633    4.973    5.384    5.852    6.350
    6.828    7.235    7.507    7.581    7.440    7.071    6.481    5.682
    4.742    3.712    2.637    1.571    0.562   -0.392   -1.193
CT1836:220            5.128    4.933    4.746    4.577    4.445    4.372
    4.355    4.400    4.516    4.721    5.015    5.392    5.840    6.331
    6.811    7.224    7.504    7.585    7.449    7.086    6.503    5.714
    4.789    3.776    2.722    1.675    0.681   -0.264   -1.071
CT1836:215            5.073    5.000    4.865    4.717    4.566    4.438
    4.347    4.306    4.333    4.455    4.674    4.992    5.395    5.857
    6.321    6.730    7.016    7.111    7.000    6.669    6.127    5.388
    4.517    3.560    2.558    1.551    0.581   -0.352   -1.180
CT1836:210            5.431    5.394    5.239    5.045    4.811    4.568
    4.342    4.158    4.040    4.026    4.125    4.340    4.661    5.063
    5.489    5.879    6.167    6.288    6.224    5.961    5.506    4.869
    4.108    3.261    2.365    1.449    0.553   -0.321   -1.123
CT1836:205            5.111    5.231    5.139    4.966    4.695    4.358
    4.008    3.677    3.404    3.237    3.196    3.290    3.509    3.837
    4.213    4.580    4.874    5.033    5.036    4.868    4.531    4.029
    3.409    2.701    1.932    1.121    0.301   -0.516   -1.308
CT1836:200            5.438    5.588    5.461    5.222    4.840    4.347
    3.812    3.279    2.798    2.431    2.208    2.144    2.234    2.465
    2.780    3.116    3.416    3.621    3.705    3.652    3.459    3.122
    2.676    2.140    1.533    0.860    0.152   -0.572   -1.314
CT1836:195            5.770    5.949    5.789    5.485    4.993    4.340
    3.614    2.868    2.166    1.585    1.166    0.933    0.886    1.017
    1.269    1.578    1.891    2.149    2.323    2.394    2.353    2.192
    1.932    1.581    1.152    0.638    0.068   -0.536   -1.192
CT1836:190            6.066    6.279    6.097    5.742    5.154    4.355
    3.450    2.501    1.584    0.791    0.179   -0.222   -0.404   -0.368
   -0.174    0.114    0.439    0.746    0.999    1.177    1.268    1.259
    1.159    0.971    0.696    0.318   -0.139   -0.647   -1.246
CT1836:185            6.626    6.832    6.608    6.191    5.510    4.577
    3.509    2.375    1.261    0.272   -0.522   -1.078   -1.385   -1.436
   -1.292   -1.025   -0.689   -0.345   -0.030    0.230    0.424    0.535
    0.567    0.518    0.384    0.140   -0.194   -0.588   -1.093
CT1836:180            6.904    7.162    6.956    6.540    5.829    4.830
    3.667    2.413    1.161    0.028   -0.904   -1.584   -1.993   -2.116
   -2.018   -1.774   -1.443   -1.086   -0.748   -0.453   -0.214   -0.044
    0.059    0.087    0.037   -0.123   -0.382   -0.707   -1.164
CT1836:175            7.170    7.491    7.333    6.953    6.262    5.258
    4.068    2.767    1.448    0.233   -0.787   -1.552   -2.039   -2.226
   -2.179   -1.974   -1.673   -1.342   -1.028   -0.754   -0.531   -0.367
   -0.258   -0.210   -0.230   -0.350   -0.567   -0.851   -1.277
CT1836:170            7.432    7.827    7.745    7.441    6.823    5.883
    4.746    3.481    2.180    0.959   -0.086   -0.893   -1.431   -1.679
   -1.694   -1.554   -1.322   -1.064   -0.827   -0.632   -0.486   -0.390
   -0.337   -0.326   -0.364   -0.482   -0.683   -0.945   -1.343
CT1836:165            7.617    8.108    8.139    7.955    7.469    6.668
    5.668    4.531    3.338    2.194    1.191    0.390   -0.177   -0.484
   -0.584   -0.545   -0.429   -0.299   -0.198   -0.143   -0.137   -0.174
   -0.239   -0.327   -0.442   -0.609   -0.841   -1.125   -1.533
CT1836:160            7.846    8.426    8.583    8.544    8.228    7.624
    6.831    5.900    4.896    3.904    3.004    2.252    1.679    1.310
    1.104    1.005    0.960    0.913    0.829    0.695    0.515    0.303
    0.080   -0.143   -0.366   -0.605   -0.880   -1.189   -1.591
CT1836:155            8.015    8.694    8.998    9.130    9.022    8.662
    8.134    7.471    6.723    5.945    5.201    4.536    3.977    3.544
    3.215    2.949    2.705    2.441    2.133    1.775    1.375    0.956
    0.544    0.155   -0.204   -0.539   -0.875   -1.224   -1.625
CT1836:150            8.176    8.943    9.393    9.701    9.812    9.718
    9.482    9.123    8.666    8.139    7.584    7.032    6.503    6.011
    5.549    5.100    4.636    4.132    3.579    2.976    2.339    1.696
    1.078    0.507   -0.007   -0.456   -0.870   -1.273   -1.685
CT1836:145            8.263    9.114    9.708   10.190   10.520   10.693
   10.752   10.701   10.545   10.280    9.928    9.502    9.016    8.476
    7.890    7.262    6.582    5.841    5.045    4.203    3.335    2.475
    1.659    0.913    0.252   -0.301   -0.780   -1.221   -1.617
CT1836:140            8.325    9.238    9.955   10.587   11.111   11.523
   11.847   12.075   12.193   12.171   12.010   11.709   11.273   10.699
   10.010    9.226    8.351    7.395    6.377    5.314    4.231    3.169
    2.165    1.249    0.441   -0.224   -0.783   -1.281   -1.689
CT1836:135            8.396    9.336   10.135   10.877   11.548   12.147
   12.680   13.130   13.468   13.645   13.645   13.454   13.071   12.483
   11.723   10.824    9.800    8.674    7.478    6.237    4.982    3.757
    2.604    1.556    0.637   -0.107   -0.711   -1.231   -1.612
CT1836:130            8.325    9.283   10.140   10.959   11.734   12.463
   13.142   13.745   14.236   14.554   14.672   14.569   14.237   13.656
   12.862   11.896   10.776    9.535    8.215    6.846    5.463    4.116
    2.848    1.696    0.686   -0.127   -0.778   -1.331   -1.712
CT1836:125            8.324    9.241   10.092   10.921   11.727   12.504
   13.242   13.911   14.473   14.860   15.043   14.995   14.704   14.145
   13.354   12.370   11.215    9.922    8.541    7.107    5.657    4.246
    2.919    1.715    0.663   -0.176   -0.838   -1.390   -1.743
CT1836:120            8.106    8.982    9.805   10.612   11.401   12.166
   12.895   13.558   14.117   14.510   14.709   14.685   14.425   13.901
   13.143   12.187   11.051    9.768    8.390    6.952    5.497    4.080
    2.747    1.538    0.484   -0.355   -1.010   -1.550   -1.882
CT1836:115            7.923    8.705    9.440   10.159   10.861   11.538
   12.178   12.756   13.239   13.574   13.736   13.700   13.454   12.967
   12.262   11.368   10.298    9.080    7.764    6.386    4.988    3.626
    2.344    1.184    0.174   -0.626   -1.247   -1.755   -2.057
CT1836:110            7.559    8.240    8.862    9.461   10.034   10.571
   11.068   11.505   11.858   12.086   12.172   12.097   11.848   11.398
   10.759    9.954    8.988    7.884    6.685    5.426    4.146    2.898
    1.725    0.665   -0.254   -0.977   -1.532   -1.982   -2.238
CT1836:105            7.306    7.826    8.272    8.690    9.070    9.406
    9.699    9.939   10.111   10.188   10.161   10.017    9.746    9.325
    8.757    8.057    7.223    6.270    5.234    4.144    3.034    1.952
    0.938    0.026   -0.761   -1.372   -1.834   -2.201   -2.398
CT1836:100            6.821    7.190    7.456    7.678    7.846    7.956
    8.021    8.038    8.005    7.910    7.751    7.525    7.222    6.826
    6.335    5.752    5.070    4.298    3.459    2.576    1.677    0.801
   -0.017   -0.749   -1.374   -1.851   -2.202   -2.476   -2.608
CT1836:095            6.450    6.622    6.662    6.646    6.560    6.407
    6.211    5.978    5.718    5.433    5.130    4.811    4.471    4.099
    3.688    3.231    2.718    2.147    1.531    0.883    0.224   -0.415
   -1.007   -1.528   -1.963   -2.276   -2.489   -2.639   -2.678
CT1836:090            5.894    5.884    5.701    5.449    5.107    4.688
    4.229    3.747    3.260    2.790    2.350    1.944    1.574    1.233
    0.909    0.586    0.249   -0.112   -0.497   -0.902   -1.314   -1.712
   -2.076   -2.387   -2.634   -2.792   -2.878   -2.921   -2.888
CT1836:085            5.447    5.229    4.804    4.295    3.682    2.987
    2.259    1.526    0.819    0.175   -0.390   -0.865   -1.249   -1.542
   -1.766   -1.944   -2.095   -2.239   -2.387   -2.542   -2.701   -2.849
   -2.972   -3.056   -3.091   -3.057   -2.969   -2.847   -2.666
CT1836:080            4.874    4.466    3.813    3.061    2.189    1.232
    0.252   -0.712   -1.616   -2.410   -3.073   -3.592   -3.967   -4.194
   -4.304   -4.332   -4.302   -4.242   -4.175   -4.109   -4.047   -3.983
   -3.906   -3.806   -3.677   -3.507   -3.307   -3.090   -2.845
CT1836:075            4.426    3.819    2.937    1.946    0.822   -0.387
   -1.604   -2.780   -3.858   -4.773   -5.502   -6.032   -6.365   -6.499
   -6.477   -6.343   -6.130   -5.873   -5.602   -5.330   -5.064   -4.801
   -4.531   -4.247   -3.942   -3.608   -3.251   -2.881   -2.484
CT1836:070            3.896    3.115    2.030    0.827   -0.520   -1.947
   -3.370   -4.723   -5.942   -6.942   -7.703   -8.211   -8.473   -8.493
   -8.326   -8.031   -7.648   -7.220   -6.784   -6.353   -5.937   -5.534
   -5.134   -4.732   -4.321   -3.899   -3.470   -3.037   -2.597
CT1836:065            3.318    2.396    1.146   -0.232   -1.761   -3.369
   -4.956   -6.449   -7.769   -8.819   -9.576  -10.031  -10.196  -10.082
   -9.762   -9.305   -8.765   -8.191   -7.621   -7.072   -6.550   -6.054
   -5.573   -5.099   -4.629   -4.162   -3.703   -3.249   -2.806
CT1836:060            2.879    1.820    0.422   -1.105   -2.785   -4.536
   -6.252   -7.847   -9.234  -10.302  -11.029  -11.408  -11.459  -11.202
  -10.724  -10.113   -9.429   -8.732   -8.058   -7.425   -6.833   -6.281
   -5.753   -5.240   -4.738   -4.245   -3.765   -3.292   -2.834
CT1836:055            2.246    1.114   -0.365   -1.976   -3.741   -5.571
   -7.354   -8.997  -10.404  -11.454  -12.126  -12.413  -12.344  -11.946
  -11.325  -10.580   -9.781   -8.999   -8.268   -7.602   -7.002   -6.462
   -5.962   -5.493   -5.049   -4.635   -4.251   -3.889   -3.575
CT1836:050            1.926    0.706   -0.843   -2.516   -4.334   -6.201
   -8.008   -9.657  -11.049  -12.054  -12.653  -12.842  -12.655  -12.128
  -11.381  -10.520   -9.629   -8.782   -8.011   -7.330   -6.733   -6.212
   -5.741   -5.307   -4.900   -4.521   -4.167   -3.829   -3.525
CT1836:045            1.363    0.137   -1.404   -3.060   -4.847   -6.672
   -8.427  -10.014  -11.334  -12.255  -12.760  -12.847  -12.555  -11.926
  -11.087  -10.153   -9.213   -8.345   -7.581   -6.931   -6.389   -5.943
   -5.563   -5.232   -4.938   -4.682   -4.456   -4.252   -4.094
CT1836:040            1.166   -0.094   -1.622   -3.245   -4.973   -6.712
   -8.367   -9.845  -11.053  -11.864  -12.264  -12.256  -11.880  -11.183
  -10.293   -9.326   -8.374   -7.517   -6.784   -6.182   -5.704   -5.338
   -5.045   -4.804   -4.600   -4.425   -4.267   -4.120   -3.992
CT1836:035            0.751   -0.464   -1.905   -3.421   -5.010   -6.586
   -8.065   -9.365  -10.403  -11.065  -11.342  -11.241  -10.803  -10.075
   -9.182   -8.234   -7.318   -6.516   -5.850   -5.331   -4.949   -4.692
   -4.517   -4.400   -4.321   -4.265   -4.216   -4.169   -4.124
CT1836:030            0.657   -0.545   -1.904   -3.307   -4.741   -6.121
   -7.389   -8.474   -9.311   -9.804   -9.956   -9.775   -9.304   -8.588
   -7.739   -6.855   -6.020   -5.306   -4.736   -4.318   -4.045   -3.904
   -3.850   -3.855   -3.893   -3.942   -3.979   -4.005   -4.000
CT1836:025            0.462   -0.678   -1.910   -3.155   -4.386   -5.526
   -6.537   -7.367   -7.970   -8.275   -8.294   -8.043   -7.559   -6.886
   -6.117   -5.334   -4.610   -4.010   -3.554   -3.250   -3.092   -3.071
   -3.137   -3.260   -3.408   -3.549   -3.657   -3.737   -3.745
CT1836:020            0.442   -0.656   -1.769   -2.861   -3.891   -4.786
   -5.535   -6.106   -6.473   -6.595   -6.494   -6.190   -5.718   -5.113
   -4.451   -3.795   -3.204   -2.735   -2.405   -2.225   -2.191   -2.294
   -2.486   -2.732   -2.996   -3.238   -3.428   -3.576   -3.622
CT1836:015            0.454   -0.589   -1.577   -2.512   -3.340   -3.995
   -4.491   -4.815   -4.961   -4.914   -4.708   -4.365   -3.914   -3.387
   -2.835   -2.304   -1.841   -1.495   -1.279   -1.207   -1.277   -1.480
   -1.767   -2.098   -2.435   -2.724   -2.933   -3.079   -3.072
CT1836:010            0.477   -0.515   -1.389   -2.181   -2.828   -3.271
   -3.547   -3.659   -3.620   -3.439   -3.155   -2.793   -2.375   -1.926
   -1.478   -1.063   -0.718   -0.484   -0.376   -0.408   -0.580   -0.884
   -1.269   -1.695   -2.118   -2.480   -2.748   -2.942   -2.962
CT1836:005            0.373   -0.544   -1.298   -1.951   -2.435   -2.699
   -2.795   -2.741   -2.562   -2.285   -1.949   -1.580   -1.194   -0.807
   -0.439   -0.111    0.147    0.296    0.323    0.212   -0.037   -0.416
   -0.873   -1.364   -1.844   -2.250   -2.549   -2.765   -2.787
CT1837:360            0.413   -0.464   -1.139   -1.699   -2.073   -2.221
   -2.205   -2.052   -1.797   -1.473   -1.121   -0.762   -0.407   -0.067
    0.245    0.517    0.718    0.812    0.784    0.620    0.318   -0.112
   -0.616   -1.150   -1.668   -2.103   -2.425   -2.660   -2.691
