CT1847:360            8.690    7.296    5.708    4.043    2.282    0.449
   -1.410   -3.256   -5.037   -6.676   -8.121   -9.323  -10.243  -10.822
  -11.065  -11.008  -10.671  -10.109   -9.428   -8.714   -8.057   -7.560
   -7.262   -7.184   -7.313   -7.652   -8.097   -8.587   -9.092
CT1847:355            8.933    7.683    6.247    4.735    3.130    1.447
   -0.273   -1.994   -3.675   -5.248   -6.662   -7.867   -8.825   -9.471
   -9.799   -9.836   -9.592   -9.116   -8.512   -7.867   -7.272   -6.834
   -6.597   -6.583   -6.780   -7.194   -7.724   -8.310   -8.945
CT1847:350            9.363    8.237    6.950    5.600    4.170    2.674
    1.145   -0.391   -1.899   -3.327   -4.632   -5.771   -6.708   -7.382
   -7.781   -7.920   -7.800   -7.462   -6.999   -6.492   -6.030   -5.715
   -5.591   -5.677   -5.964   -6.455   -7.058   -7.716   -8.430
CT1847:345            9.320    8.419    7.362    6.245    5.058    3.813
    2.540    1.258   -0.010   -1.225   -2.358   -3.374   -4.245   -4.919
   -5.377   -5.626   -5.660   -5.508   -5.249   -4.955   -4.704   -4.592
   -4.658   -4.924   -5.381   -6.036   -6.805   -7.638   -8.558
CT1847:340            9.782    9.014    8.122    7.187    6.205    5.193
    4.166    3.137    2.118    1.130    0.191   -0.679   -1.459   -2.109
   -2.610   -2.958   -3.143   -3.183   -3.138   -3.068   -3.038   -3.132
   -3.384   -3.813   -4.410   -5.182   -6.057   -6.990   -8.010
CT1847:335            9.760    9.213    8.548    7.845    7.108    6.352
    5.591    4.828    4.068    3.316    2.579    1.867    1.194    0.585
    0.062   -0.366   -0.689   -0.914   -1.086   -1.249   -1.459   -1.782
   -2.250   -2.876   -3.654   -4.596   -5.641   -6.748   -7.964
CT1847:330           10.204    9.779    9.264    8.723    8.167    7.612
    7.061    6.514    5.965    5.408    4.844    4.274    3.705    3.152
    2.633    2.159    1.740    1.370    1.021    0.661    0.247   -0.274
   -0.923   -1.712   -2.634   -3.702   -4.864   -6.085   -7.414
CT1847:325           10.480   10.193    9.828    9.444    9.053    8.673
    8.299    7.927    7.549    7.151    6.730    6.285    5.819    5.337
    4.852    4.373    3.903    3.437    2.957    2.438    1.851    1.154
    0.335   -0.611   -1.679   -2.882   -4.177   -5.531   -7.002
CT1847:320           10.865   10.678   10.422   10.152    9.880    9.622
    9.371    9.120    8.857    8.572    8.260    7.919    7.551    7.155
    6.736    6.295    5.826    5.318    4.760    4.131    3.412    2.572
    1.612    0.529   -0.669   -1.995   -3.410   -4.885   -6.478
CT1847:315           11.291   11.176   10.997   10.805   10.613   10.432
   10.255   10.077    9.887    9.679    9.451    9.203    8.936    8.644
    8.321    7.958    7.537    7.038    6.451    5.759    4.950    4.003
    2.929    1.734    0.429   -0.998   -2.509   -4.076   -5.753
CT1847:310           11.596   11.552   11.436   11.303   11.165   11.031
   10.900   10.765   10.625   10.477   10.325   10.171   10.013    9.841
    9.637    9.380    9.038    8.579    7.991    7.262    6.382    5.338
    4.153    2.840    1.413   -0.139   -1.777   -3.472   -5.277
CT1847:305           12.046   12.027   11.931   11.815   11.689   11.567
   11.448   11.334   11.227   11.134   11.062   11.011   10.977   10.942
   10.875   10.743   10.501   10.103    9.540    8.797    7.870    6.752
    5.479    4.069    2.543    0.894   -0.834   -2.614   -4.486
CT1847:300           12.266   12.290   12.221   12.124   12.009   11.895
   11.790   11.702   11.641   11.621   11.648   11.721   11.829   11.945
   12.024   12.022   11.879   11.542   11.000   10.238    9.258    8.056
    6.677    5.148    3.493    1.710   -0.155   -2.071   -4.074
CT1847:295           12.622   12.646   12.566   12.456   12.325   12.200
   12.100   12.039   12.031   12.100   12.246   12.460   12.724   13.000
   13.227   13.350   13.302   13.018   12.491   11.708   10.673    9.385
    7.900    6.252    4.470    2.554    0.558   -1.486   -3.604
CT1847:290           12.767   12.815   12.739   12.629   12.492   12.371
   12.291   12.276   12.346   12.529   12.816   13.191   13.625   14.064
   14.436   14.678   14.713   14.471   13.948   13.133   12.033   10.651
    9.053    7.276    5.355    3.295    1.156   -1.027   -3.271
CT1847:285           12.936   12.986   12.901   12.778   12.630   12.511
   12.455   12.494   12.652   12.959   13.396   13.937   14.539   15.136
   15.643   15.991   16.095   15.881   15.351   14.494   13.322   11.839
   10.118    8.202    6.132    3.915    1.618   -0.722   -3.110
CT1847:280           13.019   13.080   12.993   12.866   12.714   12.608
   12.587   12.689   12.942   13.376   13.962   14.663   15.424   16.168
   16.798   17.240   17.405   17.215   16.676   15.781   14.542   12.965
   11.132    9.088    6.881    4.523    2.088   -0.383   -2.883
CT1847:275           13.097   13.160   13.068   12.936   12.784   12.693
   12.709   12.874   13.217   13.767   14.485   15.325   16.223   17.090
   17.824   18.347   18.564   18.396   17.852   16.925   15.630   13.971
   12.036    9.877    7.543    5.054    2.494   -0.094   -2.683
CT1847:270           13.130   13.197   13.106   12.975   12.830   12.760
   12.815   13.039   13.459   14.105   14.929   15.877   16.879   17.840
   18.652   19.237   19.498   19.353   18.811   17.864   16.526   14.800
   12.778   10.514    8.066    5.456    2.781    0.085   -2.587
CT1847:265           13.208   13.267   13.171   13.040   12.901   12.853
   12.943   13.215   13.697   14.412   15.308   16.327   17.395   18.415
   19.280   19.910   20.208   20.089   19.562   18.616   17.260   15.496
   13.418   11.084    8.557    5.869    3.128    0.379   -2.305
CT1847:260           13.199   13.258   13.168   13.046   12.924   12.903
   13.029   13.344   13.872   14.633   15.569   16.622   17.717   18.758
   19.642   20.292   20.611   20.512   20.001   19.060   17.695   15.901
   13.773   11.374    8.770    6.000    3.183    0.365   -2.360
CT1847:255           13.295   13.330   13.229   13.105   12.993   12.993
   13.147   13.492   14.049   14.830   15.777   16.829   17.916   18.945
   19.819   20.466   20.791   20.707   20.212   19.286   17.926   16.122
   13.971   11.536    8.889    6.077    3.230    0.395   -2.312
CT1847:250           13.244   13.274   13.179   13.067   12.975   13.004
   13.189   13.563   14.141   14.929   15.867   16.897   17.951   18.942
   19.780   20.400   20.710   20.623   20.133   19.213   17.855   16.042
   13.872   11.408    8.727    5.882    3.012    0.162   -2.533
CT1847:245           13.269   13.268   13.161   13.045   12.961   13.007
   13.211   13.601   14.184   14.963   15.876   16.865   17.866   18.799
   19.581   20.152   20.427   20.318   19.816   18.889   17.525   15.705
   13.521   11.043    8.346    5.492    2.623   -0.216   -2.880
CT1847:240           13.172   13.152   13.040   12.924   12.849   12.909
   13.126   13.524   14.104   14.864   15.742   16.680   17.620   18.484
   19.198   19.708   19.930   19.782   19.251   18.304   16.927   15.098
   12.913   10.438    7.755    4.927    2.099   -0.689   -3.279
CT1847:235           13.085   13.029   12.892   12.758   12.672   12.726
   12.935   13.318   13.874   14.597   15.423   16.299   17.167   17.954
   18.591   19.027   19.182   18.976   18.398   17.414   16.012   14.172
   11.988    9.530    6.877    4.099    1.333   -1.386   -3.894
CT1847:230           12.934   12.841   12.673   12.509   12.395   12.420
   12.596   12.940   13.448   14.110   14.867   15.666   16.453   17.156
   17.711   18.067   18.149   17.878   17.246   16.222   14.797   12.959
   10.801    8.394    5.816    3.138    0.488   -2.104   -4.472
CT1847:225           12.727   12.585   12.367   12.152   11.986   11.952
   12.061   12.330   12.754   13.325   13.985   14.685   15.373   15.980
   16.443   16.712   16.712   16.370   15.678   14.612   13.169   11.345
    9.232    6.899    4.423    1.871   -0.642   -3.094   -5.323
CT1847:220           12.522   12.320   12.033   11.744   11.494   11.366
   11.369   11.522   11.822   12.262   12.792   13.365   13.932   14.427
   14.786   14.961   14.877   14.467   13.726   12.636   11.202    9.429
    7.407    5.203    2.887    0.523   -1.789   -4.037   -6.062
CT1847:215           12.248   11.981   11.609   11.226   10.867   10.609
   10.469   10.465   10.599   10.871   11.234   11.648   12.065   12.423
   12.660   12.727   12.553   12.076   11.296   10.202    8.805    7.119
    5.232    3.203    1.094   -1.037   -3.108   -5.114   -6.905
CT1847:210           11.992   11.641   11.162   10.659   10.160    9.740
    9.420    9.221    9.152    9.216    9.377    9.597    9.834   10.029
   10.123   10.066    9.794    9.253    8.447    7.374    6.050    4.497
    2.792    0.989   -0.864   -2.718   -4.512   -6.243   -7.778
CT1847:205           11.715   11.280   10.682   10.044    9.385    8.775
    8.247    7.824    7.522    7.351    7.280    7.279    7.307    7.313
    7.238    7.039    6.660    6.058    5.242    4.217    3.006    1.636
    0.171   -1.347   -2.881   -4.392   -5.839   -7.221   -8.413
CT1847:200           11.414   10.880   10.150    9.362    8.527    7.713
    6.961    6.299    5.747    5.323    5.003    4.758    4.555    4.345
    4.078    3.715    3.212    2.542    1.718    0.753   -0.326   -1.490
   -2.694   -3.909   -5.116   -6.290   -7.408   -8.471   -9.375
CT1847:195           10.945   10.344    9.501    8.578    7.578    6.566
    5.594    4.696    3.897    3.220    2.645    2.150    1.702    1.262
    0.785    0.243   -0.394   -1.135   -1.961   -2.852   -3.781   -4.716
   -5.634   -6.522   -7.377   -8.190   -8.953   -9.670  -10.253
CT1847:190           10.618    9.916    8.936    7.860    6.682    5.466
    4.273    3.140    2.097    1.168    0.338   -0.412   -1.112   -1.794
   -2.492   -3.226   -4.006   -4.823   -5.654   -6.472   -7.248   -7.954
   -8.589   -9.156   -9.669  -10.134  -10.560  -10.951  -11.239
CT1847:185           10.166    9.390    8.298    7.091    5.758    4.363
    2.973    1.629    0.363   -0.799   -1.870   -2.866   -3.813   -4.736
   -5.656   -6.582   -7.508   -8.405   -9.246   -9.999  -10.637  -11.134
  -11.510  -11.787  -11.992  -12.148  -12.279  -12.387  -12.433
CT1847:180            9.833    8.965    7.756    6.419    4.938    3.378
    1.810    0.276   -1.192   -2.568   -3.861   -5.088   -6.268   -7.419
   -8.551   -9.660  -10.723  -11.694  -12.544  -13.237  -13.748  -14.052
  -14.190  -14.196  -14.110  -13.963  -13.795  -13.609  -13.382
CT1847:175            9.987    8.950    7.573    6.070    4.421    2.689
    0.945   -0.771   -2.429   -4.006   -5.510   -6.954   -8.353   -9.718
  -11.046  -12.323  -13.513  -14.556  -15.421  -16.070  -16.481  -16.630
  -16.574  -16.357  -16.028  -15.624  -15.197  -14.757  -14.291
CT1847:170            9.677    8.568    7.107    5.515    3.768    1.929
    0.069   -1.774   -3.572   -5.305   -6.977   -8.598  -10.180  -11.723
  -13.214  -14.632  -15.927  -17.031  -17.913  -18.535  -18.874  -18.909
  -18.705  -18.313  -17.786  -17.164  -16.509  -15.837  -15.141
CT1847:165           10.005    8.725    7.117    5.387    3.513    1.554
   -0.425   -2.392   -4.321   -6.195   -8.017   -9.795  -11.534  -13.228
  -14.855  -16.388  -17.770  -18.928  -19.831  -20.441  -20.736  -20.694
  -20.384  -19.858  -19.172  -18.362  -17.499  -16.608  -15.678
CT1847:160            9.748    8.421    6.768    4.993    3.074    1.066
   -0.968   -3.000   -5.006   -6.971   -8.897  -10.785  -12.637  -14.440
  -16.165  -17.782  -19.232  -20.436  -21.368  -21.989  -22.277  -22.206
  -21.845  -21.246  -20.464  -19.530  -18.523  -17.476  -16.375
CT1847:155            9.469    8.118    6.445    4.651    2.715    0.688
   -1.372   -3.439   -5.491   -7.517   -9.514  -11.479  -13.409  -15.285
  -17.077  -18.753  -20.253  -21.499  -22.467  -23.117  -23.426  -23.362
  -22.994  -22.369  -21.541  -20.533  -19.432  -18.280  -17.055
CT1847:150            9.275    7.902    6.218    4.417    2.479    0.449
   -1.618   -3.699   -5.775   -7.836   -9.875  -11.887  -13.864  -15.785
  -17.617  -19.329  -20.863  -22.144  -23.149  -23.836  -24.182  -24.149
  -23.801  -23.180  -22.338  -21.288  -20.124  -18.893  -17.563
CT1847:145            8.702    7.390    5.762    4.014    2.126    0.139
   -1.893   -3.950   -6.014   -8.075  -10.123  -12.148  -14.140  -16.076
  -17.923  -19.653  -21.210  -22.523  -23.569  -24.307  -24.710  -24.738
  -24.450  -23.882  -23.083  -22.062  -20.913  -19.691  -18.356
CT1847:140            8.559    7.244    5.630    3.903    2.041    0.083
   -1.923   -3.957   -6.004   -8.055  -10.095  -12.115  -14.102  -16.034
  -17.878  -19.608  -21.173  -22.506  -23.582  -24.363  -24.818  -24.905
  -24.675  -24.161  -23.406  -22.411  -21.270  -20.040  -18.668
CT1847:135            8.171    6.907    5.351    3.683    1.882   -0.017
   -1.968   -3.952   -5.955   -7.967   -9.972  -11.959  -13.916  -15.819
  -17.641  -19.356  -20.916  -22.260  -23.363  -24.188  -24.701  -24.860
  -24.710  -24.279  -23.606  -22.685  -21.604  -20.426  -19.082
CT1847:130            8.062    6.808    5.281    3.649    1.892    0.043
   -1.856   -3.788   -5.738   -7.695   -9.647  -11.582  -13.488  -15.344
  -17.126  -18.809  -20.351  -21.693  -22.813  -23.673  -24.241  -24.472
  -24.407  -24.068  -23.488  -22.652  -21.643  -20.524  -19.205
CT1847:125            7.926    6.692    5.203    3.617    1.914    0.126
   -1.707   -3.569   -5.445   -7.326   -9.198  -11.054  -12.882  -14.668
  -16.386  -18.019  -19.527  -20.855  -21.984  -22.875  -23.500  -23.812
  -23.846  -23.618  -23.152  -22.428  -21.516  -20.482  -19.211
CT1847:120            7.831    6.611    5.159    3.617    1.970    0.248
   -1.511   -3.289   -5.074   -6.854   -8.622  -10.371  -12.096  -13.784
  -15.417  -16.978  -18.435  -19.739  -20.870  -21.795  -22.483  -22.891
  -23.044  -22.951  -22.630  -22.048  -21.267  -20.351  -19.163
CT1847:115            8.082    6.810    5.346    3.810    2.188    0.514
   -1.180   -2.876   -4.563   -6.231   -7.876   -9.497  -11.093  -12.658
  -14.181  -15.649  -17.036  -18.303  -19.431  -20.389  -21.148  -21.663
  -21.951  -22.011  -21.852  -21.430  -20.793  -20.007  -18.905
CT1847:110            7.989    6.730    5.301    3.810    2.249    0.653
   -0.947   -2.533   -4.093   -5.617   -7.107   -8.567  -10.000  -11.410
  -12.790  -14.138  -15.435  -16.652  -17.772  -18.767  -19.609  -20.253
  -20.702  -20.945  -20.982  -20.756  -20.301  -19.684  -18.711
CT1847:105            8.416    7.068    5.599    4.089    2.539    0.986
   -0.545   -2.036   -3.476   -4.856   -6.184   -7.468   -8.720   -9.951
  -11.166  -12.370  -13.559  -14.713  -15.818  -16.851  -17.782  -18.565
  -19.188  -19.628  -19.873  -19.852  -19.584  -19.136  -18.285
CT1847:100            8.326    6.984    5.543    4.073    2.580    1.108
   -0.321   -1.687   -2.980   -4.188   -5.326   -6.407   -7.448   -8.470
   -9.491  -10.525  -11.583  -12.660  -13.745  -14.816  -15.845  -16.784
  -17.602  -18.264  -18.744  -18.956  -18.907  -18.663  -17.972
CT1847:095            8.534    7.137    5.676    4.204    2.736    1.320
   -0.025   -1.280   -2.434   -3.474   -4.419   -5.289   -6.108   -6.905
   -7.714   -8.560   -9.471  -10.459  -11.515  -12.623  -13.751  -14.850
  -15.868  -16.758  -17.478  -17.927  -18.098  -18.057  -17.524
CT1847:090            8.454    7.052    5.605    4.159    2.735    1.391
    0.142   -0.992   -1.997   -2.858   -3.600   -4.247   -4.830   -5.388
   -5.968   -6.612   -7.362   -8.250   -9.269  -10.408  -11.634  -12.894
  -14.118  -15.242  -16.210  -16.907  -17.309  -17.484  -17.125
CT1847:085            8.402    6.985    5.540    4.105    2.712    1.427
    0.262   -0.760   -1.625   -2.314   -2.858   -3.284   -3.631   -3.947
   -4.295   -4.731   -5.315   -6.097   -7.076   -8.242   -9.565  -10.987
  -12.420  -13.782  -15.006  -15.960  -16.607  -17.016  -16.858
CT1847:080            8.335    6.901    5.451    4.022    2.651    1.415
    0.324   -0.597   -1.330   -1.855   -2.207   -2.418   -2.532   -2.607
   -2.723   -2.947   -3.359   -4.026   -4.950   -6.129   -7.530   -9.094
  -10.712  -12.290  -13.743  -14.927  -15.790  -16.402  -16.412
CT1847:075            8.219    6.775    5.318    3.887    2.527    1.325
    0.291   -0.544   -1.165   -1.544   -1.721   -1.734   -1.632   -1.482
   -1.377   -1.400   -1.645   -2.199   -3.068   -4.254   -5.727   -7.426
   -9.224  -11.013  -12.697  -14.118  -15.213  -16.052  -16.273
CT1847:070            8.170    6.698    5.215    3.764    2.395    1.207
    0.210   -0.564   -1.094   -1.350   -1.377   -1.214   -0.917   -0.559
   -0.247   -0.076   -0.155   -0.586   -1.382   -2.550   -4.060   -5.853
   -7.783   -9.732  -11.591  -13.191  -14.457  -15.460  -15.824
CT1847:065            8.385    6.836    5.284    3.769    2.350    1.136
    0.134   -0.617   -1.098   -1.272   -1.189   -0.890   -0.435    0.096
    0.586    0.930    1.006    0.695   -0.019   -1.151   -2.671   -4.522
   -6.545   -8.613  -10.605  -12.346  -13.749  -14.885  -15.372
CT1847:060            8.362    6.779    5.182    3.623    2.162    0.917
   -0.099   -0.848   -1.304   -1.427   -1.267   -0.869   -0.294    0.376
    1.015    1.508    1.724    1.534    0.914   -0.157   -1.651   -3.515
   -5.581   -7.716   -9.791  -11.627  -13.128  -14.366  -14.956
CT1847:055            8.604    6.943    5.264    3.622    2.082    0.767
   -0.307   -1.098   -1.577   -1.700   -1.517   -1.072   -0.429    0.331
    1.075    1.684    2.020    1.945    1.429    0.447   -0.980   -2.801
   -4.847   -6.980   -9.071  -10.936  -12.478  -13.761  -14.407
CT1847:050            8.633    6.941    5.207    3.504    1.894    0.506
   -0.640   -1.495   -2.029   -2.191   -2.030   -1.587   -0.926   -0.127
    0.676    1.361    1.789    1.818    1.411    0.539   -0.785   -2.514
   -4.485   -6.562   -8.617  -10.471  -12.024  -13.333  -14.037
CT1847:045            8.282    6.645    4.918    3.200    1.552    0.105
   -1.111   -2.043   -2.654   -2.887   -2.788   -2.394   -1.766   -0.978
   -0.163    0.557    1.045    1.163    0.867    0.122   -1.063   -2.655
   -4.497   -6.464   -8.433  -10.239  -11.777  -13.098  -13.868
CT1847:040            8.382    6.728    4.953    3.174    1.446   -0.100
   -1.428   -2.480   -3.215   -3.571   -3.588   -3.299   -2.762   -2.043
   -1.270   -0.562   -0.046    0.141   -0.045   -0.644   -1.656   -3.058
   -4.711   -6.502   -8.318  -10.013  -11.480  -12.757  -13.543
CT1847:035            8.004    6.443    4.704    2.934    1.180   -0.428
   -1.843   -3.005   -3.866   -4.359   -4.516   -4.365   -3.956   -3.347
   -2.659   -2.002   -1.493   -1.257   -1.344   -1.795   -2.618   -3.805
   -5.238   -6.823   -8.461  -10.027  -11.418  -12.656  -13.483
CT1847:030            8.181    6.629    4.868    3.061    1.246   -0.452
   -1.980   -3.277   -4.291   -4.951   -5.282   -5.304   -5.063   -4.606
   -4.042   -3.473   -3.003   -2.742   -2.742   -3.046   -3.670   -4.619
   -5.803   -7.144   -8.563   -9.958  -11.227  -12.378  -13.193
CT1847:025            8.344    6.831    5.077    3.262    1.414   -0.350
   -1.969   -3.384   -4.539   -5.363   -5.871   -6.078   -6.020   -5.736
   -5.320   -4.866   -4.459   -4.197   -4.131   -4.305   -4.742   -5.459
   -6.392   -7.486   -8.677   -9.888  -11.021  -12.069  -12.854
CT1847:020            8.608    7.139    5.408    3.604    1.746   -0.056
   -1.741   -3.248   -4.523   -5.493   -6.167   -6.552   -6.680   -6.576
   -6.323   -6.002   -5.683   -5.449   -5.349   -5.426   -5.709   -6.228
   -6.941   -7.813   -8.798   -9.841  -10.850  -11.807  -12.574
CT1847:015            9.103    7.667    5.964    4.182    2.334    0.520
   -1.199   -2.764   -4.124   -5.209   -6.020   -6.563   -6.859   -6.927
   -6.836   -6.654   -6.438   -6.253   -6.148   -6.162   -6.328   -6.681
   -7.201   -7.868   -8.649   -9.506  -10.355  -11.169  -11.834
CT1847:010            9.455    8.103    6.479    4.770    2.987    1.217
   -0.477   -2.044   -3.433   -4.581   -5.485   -6.146   -6.583   -6.806
   -6.871   -6.835   -6.742   -6.642   -6.581   -6.594   -6.715   -6.982
   -7.393   -7.938   -8.597   -9.350  -10.119  -10.875  -11.534
CT1847:005            9.958    8.689    7.157    5.543    3.853    2.166
    0.540   -0.978   -2.346   -3.505   -4.453   -5.191   -5.731   -6.082
   -6.288   -6.395   -6.433   -6.441   -6.457   -6.514   -6.642   -6.881
   -7.234   -7.702   -8.271   -8.929   -9.610  -10.285  -10.884
CT1848:360           10.385    9.237    7.837    6.357    4.804    3.250
    1.744    0.328   -0.963   -2.081   -3.025   -3.797   -4.407   -4.860
   -5.192   -5.437   -5.617   -5.758   -5.893   -6.049   -6.251   -6.536
   -6.912   -7.383   -7.942   -8.582   -9.250   -9.918  -10.539
