CT1860:360           10.448    9.487    8.307    7.071    5.806    4.600
    3.490    2.502    1.652    0.951    0.370   -0.116   -0.534   -0.910
   -1.272   -1.642   -2.040   -2.490   -3.009   -3.621   -4.351   -5.234
   -6.265   -7.438   -8.733  -10.131  -11.543  -12.931  -14.175
CT1860:355           10.490    9.501    8.303    7.055    5.786    4.587
    3.489    2.518    1.688    1.008    0.446   -0.026   -0.440   -0.827
   -1.217   -1.633   -2.097   -2.630   -3.241   -3.946   -4.763   -5.714
   -6.792   -7.985   -9.274  -10.634  -11.984  -13.297  -14.439
CT1860:350           10.452    9.456    8.264    7.027    5.779    4.609
    3.546    2.613    1.820    1.174    0.638    0.182   -0.228   -0.628
   -1.051   -1.521   -2.060   -2.686   -3.401   -4.215   -5.133   -6.171
   -7.313   -8.545   -9.845  -11.184  -12.492  -13.748  -14.809
CT1860:345           10.550    9.534    8.342    7.116    5.892    4.760
    3.740    2.854    2.106    1.497    0.988    0.546    0.133   -0.288
   -0.754   -1.285   -1.905   -2.628   -3.450   -4.373   -5.394   -6.516
   -7.717   -8.980  -10.281  -11.583  -12.823  -13.993  -14.933
CT1860:340           10.530    9.520    8.352    7.159    5.982    4.908
    3.952    3.130    2.439    1.876    1.398    0.967    0.546    0.093
   -0.425   -1.029   -1.742   -2.573   -3.511   -4.551   -5.684   -6.901
   -8.176   -9.487  -10.808  -12.097  -13.302  -14.422  -15.287
CT1860:335           10.560    9.553    8.411    7.254    6.128    5.120
    4.235    3.483    2.857    2.342    1.893    1.470    1.035    0.543
   -0.038   -0.724   -1.536   -2.479   -3.536   -4.695   -5.939   -7.250
   -8.597   -9.953  -11.292  -12.569  -13.737  -14.806  -15.596
CT1860:330           10.555    9.562    8.455    7.343    6.277    5.341
    4.534    3.859    3.301    2.839    2.421    2.005    1.553    1.015
    0.365   -0.408   -1.324   -2.383   -3.560   -4.836   -6.190   -7.592
   -9.009  -10.410  -11.769  -13.036  -14.173  -15.197  -15.919
CT1860:325           10.523    9.549    8.480    7.416    6.411    5.548
    4.819    4.219    3.730    3.318    2.928    2.517    2.043    1.456
    0.734   -0.130   -1.152   -2.328   -3.626   -5.021   -6.484   -7.982
   -9.475  -10.932  -12.328  -13.608  -14.746  -15.765  -16.474
CT1860:320           10.528    9.570    8.535    7.513    6.561    5.762
    5.100    4.568    4.137    3.768    3.403    2.993    2.497    1.864
    1.074    0.125   -0.994   -2.274   -3.676   -5.172   -6.726   -8.298
   -9.847  -11.339  -12.748  -14.018  -15.128  -16.108  -16.759
CT1860:315           10.561    9.611    8.600    7.608    6.697    5.945
    5.332    4.847    4.457    4.117    3.764    3.348    2.827    2.147
    1.295    0.271   -0.933   -2.303   -3.795   -5.377   -7.011   -8.648
  -10.248  -11.776  -13.207  -14.482  -15.587  -16.555  -17.187
CT1860:310           10.568    9.631    8.642    7.675    6.792    6.071
    5.487    5.027    4.657    4.326    3.972    3.543    2.996    2.279
    1.377    0.296   -0.970   -2.403   -3.957   -5.597   -7.281   -8.958
  -10.586  -12.129  -13.563  -14.826  -15.906  -16.843  -17.427
CT1860:305           10.693    9.743    8.750    7.782    6.899    6.176
    5.587    5.118    4.735    4.387    4.011    3.557    2.981    2.231
    1.294    0.176   -1.128   -2.598   -4.186   -5.856   -7.565   -9.260
  -10.900  -12.448  -13.879  -15.130  -16.190  -17.101  -17.649
CT1860:300           10.700    9.757    8.767    7.800    6.911    6.170
    5.555    5.053    4.633    4.247    3.836    3.350    2.749    1.978
    1.024   -0.108   -1.421   -2.898   -4.490   -6.162   -7.869   -9.561
  -11.195  -12.736  -14.157  -15.394  -16.435  -17.323  -17.836
CT1860:295           10.801    9.843    8.836    7.845    6.923    6.136
    5.464    4.898    4.412    3.965    3.503    2.980    2.355    1.574
    0.621   -0.502   -1.801   -3.259   -4.831   -6.480   -8.165   -9.837
  -11.452  -12.977  -14.384  -15.608  -16.633  -17.502  -17.988
CT1860:290           10.807    9.850    8.830    7.819    6.861    6.018
    5.276    4.632    4.066    3.548    3.032    2.473    1.832    1.055
    0.122   -0.972   -2.236   -3.656   -5.189   -6.800   -8.449  -10.088
  -11.677  -13.181  -14.572  -15.784  -16.797  -17.653  -18.118
CT1860:285           10.750    9.804    8.777    7.746    6.750    5.846
    5.028    4.299    3.649    3.059    2.490    1.903    1.257    0.497
   -0.403   -1.455   -2.672   -4.044   -5.529   -7.096   -8.704  -10.309
  -11.872  -13.358  -14.739  -15.949  -16.963  -17.820  -18.284
CT1860:280           10.758    9.809    8.764    7.706    6.664    5.693
    4.797    3.983    3.251    2.595    1.981    1.373    0.731   -0.002
   -0.862   -1.865   -3.030   -4.351   -5.788   -7.310   -8.878  -10.450
  -11.986  -13.454  -14.825  -16.031  -17.043  -17.898  -18.354
CT1860:275           10.652    9.724    8.678    7.608    6.536    5.515
    4.556    3.675    2.880    2.175    1.532    0.917    0.288   -0.413
   -1.229   -2.185   -3.303   -4.580   -5.977   -7.463   -9.002  -10.551
  -12.073  -13.535  -14.909  -16.127  -17.156  -18.030  -18.505
CT1860:270           10.664    9.735    8.675    7.585    6.481    5.415
    4.406    3.473    2.632    1.894    1.234    0.621    0.010   -0.659
   -1.437   -2.352   -3.431   -4.672   -6.038   -7.497   -9.013  -10.546
  -12.057  -13.515  -14.891  -16.116  -17.155  -18.038  -18.518
CT1860:265           10.654    9.732    8.670    7.571    6.450    5.359
    4.321    3.360    2.494    1.743    1.080    0.476   -0.116   -0.759
   -1.507   -2.392   -3.442   -4.659   -6.005   -7.448   -8.952  -10.479
  -11.989  -13.452  -14.838  -16.079  -17.136  -18.036  -18.531
CT1860:260           10.672    9.752    8.688    7.585    6.458    5.357
    4.309    3.340    2.470    1.719    1.063    0.469   -0.108   -0.732
   -1.460   -2.324   -3.356   -4.556   -5.888   -7.321   -8.819  -10.345
  -11.859  -13.330  -14.729  -15.988  -17.063  -17.982  -18.491
CT1860:255           10.679    9.769    8.712    7.616    6.495    5.402
    4.362    3.402    2.541    1.798    1.150    0.565   -0.004   -0.620
   -1.337   -2.189   -3.207   -4.395   -5.715   -7.139   -8.632  -10.158
  -11.677  -13.158  -14.571  -15.846  -16.939  -17.874  -18.396
CT1860:250           10.702    9.798    8.751    7.666    6.559    5.482
    4.460    3.517    2.671    1.938    1.294    0.708    0.137   -0.479
   -1.194   -2.040   -3.047   -4.221   -5.527   -6.939   -8.426   -9.951
  -11.475  -12.967  -14.395  -15.691  -16.805  -17.764  -18.309
CT1860:245           10.715    9.821    8.790    7.723    6.637    5.584
    4.586    3.664    2.832    2.104    1.457    0.862    0.279   -0.348
   -1.066   -1.906   -2.899   -4.053   -5.338   -6.730   -8.201   -9.718
  -11.240  -12.735  -14.172  -15.481  -16.612  -17.587  -18.147
CT1860:240           10.740    9.855    8.838    7.790    6.727    5.699
    4.724    3.820    2.997    2.265    1.605    0.989    0.384   -0.259
   -0.985   -1.821   -2.798   -3.927   -5.183   -6.548   -7.996   -9.497
  -11.012  -12.508  -13.953  -15.277  -16.429  -17.428  -18.016
CT1860:235           10.749    9.875    8.878    7.852    6.814    5.812
    4.860    3.970    3.151    2.410    1.729    1.086    0.453   -0.212
   -0.947   -1.779   -2.738   -3.836   -5.056   -6.383   -7.796   -9.269
  -10.765  -12.250  -13.692  -15.023  -16.186  -17.200  -17.806
CT1860:230           10.773    9.907    8.926    7.918    6.903    5.924
    4.991    4.112    3.294    2.539    1.834    1.160    0.494   -0.197
   -0.945   -1.776   -2.717   -3.784   -4.964   -6.248   -7.621   -9.061
  -10.532  -12.003  -13.441  -14.780  -15.961  -16.998  -17.637
CT1860:225           10.626    9.796    8.851    7.881    6.903    5.957
    5.052    4.192    3.382    2.621    1.897    1.197    0.503   -0.214
   -0.978   -1.812   -2.739   -3.778   -4.920   -6.161   -7.492   -8.896
  -10.342  -11.800  -13.238  -14.594  -15.805  -16.880  -17.574
CT1860:220           10.640    9.815    8.883    7.929    6.971    6.047
    5.162    4.318    3.515    2.752    2.015    1.294    0.573   -0.168
   -0.949   -1.788   -2.706   -3.720   -4.825   -6.024   -7.309   -8.672
  -10.086  -11.523  -12.952  -14.314  -15.542  -16.642  -17.372
CT1860:215           10.381    9.605    8.717    7.806    6.890    6.007
    5.160    4.349    3.573    2.825    2.093    1.367    0.634   -0.123
   -0.919   -1.764   -2.679   -3.675   -4.755   -5.921   -7.174   -8.510
   -9.908  -11.342  -12.783  -14.178  -15.456  -16.617  -17.434
CT1860:210           10.374    9.597    8.717    7.816    6.917    6.057
    5.236    4.453    3.704    2.978    2.261    1.542    0.809    0.046
   -0.754   -1.601   -2.509   -3.490   -4.545   -5.682   -6.904   -8.214
   -9.592  -11.016  -12.457  -13.864  -15.164  -16.354  -17.213
CT1860:205           10.290    9.520    8.651    7.765    6.885    6.051
    5.262    4.515    3.802    3.112    2.427    1.733    1.018    0.268
   -0.523   -1.360   -2.256   -3.221   -4.259   -5.378   -6.584   -7.884
   -9.258  -10.686  -12.140  -13.571  -14.905  -16.135  -17.046
CT1860:200           10.252    9.474    8.603    7.720    6.849    6.034
    5.270    4.557    3.884    3.236    2.594    1.941    1.265    0.549
   -0.211   -1.022   -1.894   -2.840   -3.863   -4.972   -6.174   -7.476
   -8.859  -10.301  -11.775  -13.232  -14.596  -15.861  -16.817
CT1860:195           10.375    9.555    8.655    7.749    6.866    6.051
    5.299    4.609    3.968    3.364    2.770    2.171    1.551    0.891
    0.182   -0.581   -1.414   -2.332   -3.337   -4.440   -5.644   -6.957
   -8.353   -9.811  -11.300  -12.771  -14.149  -15.428  -16.398
CT1860:190           10.307    9.471    8.558    7.642    6.754    5.943
    5.204    4.537    3.931    3.372    2.837    2.304    1.757    1.173
    0.539   -0.158   -0.938   -1.820   -2.809   -3.911   -5.130   -6.467
   -7.894   -9.385  -10.909  -12.414  -13.830  -15.148  -16.166
CT1860:185           10.396    9.511    8.558    7.605    6.688    5.859
    5.113    4.451    3.864    3.342    2.859    2.395    1.928    1.433
    0.888    0.272   -0.441   -1.278   -2.241   -3.338   -4.568   -5.927
   -7.381   -8.899  -10.448  -11.978  -13.417  -14.759  -15.804
CT1860:180           10.308    9.399    8.421    7.443    6.503    5.657
    4.901    4.239    3.665    3.176    2.743    2.347    1.964    1.563
    1.114    0.589   -0.048   -0.831   -1.762   -2.847   -4.082   -5.459
   -6.937   -8.482  -10.060  -11.620  -13.093  -14.473  -15.567
CT1860:175           10.234    9.295    8.283    7.271    6.296    5.420
    4.641    3.965    3.392    2.921    2.527    2.189    1.881    1.570
    1.214    0.779    0.220   -0.502   -1.390   -2.451   -3.676   -5.057
   -6.546   -8.109   -9.708  -11.298  -12.809  -14.234  -15.389
CT1860:170           10.137    9.170    8.123    7.073    6.060    5.146
    4.334    3.634    3.049    2.585    2.217    1.924    1.678    1.443
    1.172    0.822    0.343   -0.311   -1.143   -2.160   -3.353   -4.712
   -6.188   -7.746   -9.349  -10.953  -12.488  -13.945  -15.149
CT1860:165            9.978    8.993    7.917    6.834    5.782    4.829
    3.979    3.249    2.644    2.176    1.821    1.558    1.359    1.185
    0.984    0.709    0.304   -0.277   -1.042   -1.997   -3.136   -4.451
   -5.893   -7.428   -9.021  -10.632  -12.188  -13.675  -14.931
CT1860:160            9.884    8.872    7.757    6.632    5.534    4.533
    3.639    2.870    2.236    1.753    1.397    1.150    0.980    0.849
    0.702    0.489    0.153   -0.355   -1.044   -1.923   -2.989   -4.239
   -5.628   -7.124   -8.693  -10.301  -11.872  -13.386  -14.690
CT1860:155            9.821    8.780    7.628    6.462    5.318    4.270
    3.332    2.523    1.858    1.357    0.996    0.755    0.604    0.505
    0.400    0.239   -0.033   -0.466   -1.072   -1.862   -2.837   -4.001
   -5.313   -6.746   -8.267   -9.845  -11.400  -12.904  -14.210
CT1860:150            9.741    8.678    7.494    6.292    5.109    4.021
    3.044    2.203    1.512    0.995    0.628    0.390    0.250    0.172
    0.098   -0.023   -0.242   -0.611   -1.141   -1.849   -2.740   -3.826
   -5.070   -6.452   -7.942   -9.513  -11.081  -12.611  -13.968
CT1860:145            9.771    8.676    7.456    6.217    4.996    3.872
    2.863    1.997    1.288    0.763    0.395    0.164    0.037   -0.023
   -0.071   -0.158   -0.333   -0.643   -1.104   -1.733   -2.541   -3.545
   -4.716   -6.038   -7.481   -9.023  -10.574  -12.095  -13.450
CT1860:140            9.719    8.612    7.375    6.119    4.880    3.740
    2.720    1.848    1.141    0.623    0.269    0.053   -0.056   -0.097
   -0.125   -0.186   -0.329   -0.598   -1.009   -1.581   -2.330   -3.279
   -4.404   -5.693   -7.119   -8.666  -10.239  -11.793  -13.203
CT1860:135            9.668    8.560    7.321    6.063    4.822    3.685
    2.673    1.814    1.128    0.636    0.310    0.121    0.037    0.017
    0.008   -0.034   -0.155   -0.396   -0.773   -1.308   -2.016   -2.927
   -4.021   -5.289   -6.706   -8.261   -9.854  -11.435  -12.885
CT1860:130            9.653    8.548    7.314    6.063    4.834    3.716
    2.731    1.906    1.258    0.808    0.522    0.371    0.317    0.319
    0.326    0.295    0.185   -0.043   -0.405   -0.922   -1.612   -2.508
   -3.593   -4.861   -6.290   -7.869   -9.499  -11.125  -12.633
CT1860:125            9.629    8.539    7.326    6.099    4.900    3.821
    2.881    2.108    1.517    1.124    0.890    0.783    0.763    0.787
    0.806    0.781    0.673    0.445    0.085   -0.430   -1.119   -2.018
   -3.111   -4.394   -5.844   -7.456   -9.126  -10.796  -12.358
CT1860:120            9.651    8.579    7.393    6.199    5.041    4.013
    3.133    2.426    1.903    1.575    1.399    1.338    1.351    1.395
    1.421    1.395    1.282    1.046    0.676    0.150   -0.553   -1.469
   -2.586   -3.898   -5.385   -7.041   -8.761  -10.486  -12.110
CT1860:115            9.825    8.751    7.583    6.416    5.298    4.324
    3.507    2.868    2.415    2.153    2.033    2.016    2.059    2.118
    2.149    2.120    1.997    1.749    1.365    0.822    0.099   -0.842
   -1.987   -3.332   -4.855   -6.550   -8.310  -10.074  -11.736
CT1860:110            9.882    8.837    7.712    6.595    5.537    4.634
    3.892    3.332    2.955    2.762    2.699    2.725    2.796    2.870
    2.904    2.870    2.737    2.474    2.069    1.502    0.748   -0.230
   -1.418   -2.811   -4.385   -6.136   -7.954   -9.778  -11.500
CT1860:105            9.996    8.976    7.894    6.826    5.828    4.994
    4.327    3.842    3.536    3.405    3.393    3.458    3.556    3.643
    3.682    3.646    3.505    3.227    2.803    2.208    1.420    0.401
   -0.834   -2.277   -3.904   -5.708   -7.579   -9.454  -11.226
CT1860:100           10.080    9.096    8.063    7.052    6.118    5.355
    4.760    4.345    4.105    4.030    4.064    4.164    4.288    4.391
    4.438    4.405    4.258    3.967    3.521    2.896    2.069    1.003
   -0.284   -1.782   -3.467   -5.329   -7.256   -9.188  -11.014
CT1860:095           10.072    9.143    8.173    7.228    6.365    5.674
    5.148    4.799    4.617    4.592    4.667    4.800    4.950    5.072
    5.132    5.104    4.955    4.652    4.183    3.524    2.654    1.536
    0.190   -1.370   -3.118   -5.045   -7.038   -9.037  -10.934
CT1860:090           10.169    9.276    8.354    7.460    6.652    6.016
    5.544    5.244    5.106    5.117    5.223    5.383    5.555    5.697
    5.772    5.754    5.607    5.295    4.806    4.117    3.208    2.043
    0.647   -0.964   -2.763   -4.739   -6.778   -8.822  -10.761
CT1860:085           10.304    9.437    8.551    7.697    6.933    6.340
    5.907    5.640    5.530    5.563    5.689    5.866    6.056    6.215
    6.305    6.297    6.152    5.830    5.322    4.604    3.658    2.448
    1.005   -0.656   -2.503   -4.527   -6.615   -8.708  -10.700
CT1860:080           10.404    9.568    8.719    7.902    7.175    6.614
    6.208    5.963    5.867    5.911    6.045    6.231    6.432    6.603
    6.705    6.706    6.566    6.240    5.720    4.982    4.008    2.767
    1.292   -0.400   -2.278   -4.329   -6.442   -8.560  -10.577
CT1860:075           10.546    9.728    8.900    8.106    7.400    6.856
    6.460    6.217    6.118    6.154    6.280    6.460    6.658    6.832
    6.939    6.945    6.807    6.479    5.951    5.200    4.210    2.950
    1.455   -0.257   -2.154   -4.224   -6.359   -8.499  -10.544
CT1860:070           10.643    9.847    9.039    8.263    7.571    7.033
    6.634    6.381    6.264    6.277    6.379    6.537    6.718    6.881
    6.983    6.990    6.854    6.530    6.004    5.255    4.266    3.008
    1.514   -0.196   -2.089   -4.157   -6.289   -8.429  -10.478
CT1860:065           10.608    9.851    9.072    8.319    7.640    7.102
    6.694    6.419    6.272    6.247    6.309    6.429    6.577    6.715
    6.801    6.800    6.665    6.348    5.833    5.098    4.125    2.883
    1.406   -0.287   -2.166   -4.224   -6.352   -8.492  -10.555
CT1860:060           10.693    9.947    9.172    8.417    7.729    7.170
    6.730    6.414    6.216    6.133    6.135    6.196    6.291    6.387
    6.444    6.427    6.291    5.985    5.493    4.788    3.851    2.649
    1.215   -0.436   -2.274   -4.295   -6.392   -8.506  -10.552
CT1860:055           10.677    9.952    9.184    8.428    7.728    7.143
    6.665    6.299    6.040    5.888    5.815    5.803    5.830    5.869
    5.885    5.844    5.702    5.409    4.945    4.280    3.392    2.245
    0.867   -0.730   -2.519   -4.498   -6.563   -8.654  -10.695
CT1860:050           10.744   10.020    9.239    8.466    7.738    7.112
    6.582    6.153    5.821    5.588    5.429    5.331    5.277    5.247
    5.210    5.136    4.984    4.706    4.276    3.662    2.838    1.764
    0.461   -1.060   -2.777   -4.693   -6.704   -8.747  -10.754
CT1860:045           10.865   10.122    9.313    8.507    7.737    7.059
    6.467    5.968    5.558    5.238    4.988    4.798    4.654    4.545
    4.445    4.328    4.158    3.889    3.491    2.930    2.173    1.176
   -0.046   -1.488   -3.132   -4.984   -6.944   -8.944  -10.927
CT1860:040           10.914   10.163    9.333    8.497    7.690    6.962
    6.314    5.749    5.266    4.865    4.529    4.251    4.020    3.831
    3.665    3.499    3.305    3.039    2.671    2.161    1.473    0.559
   -0.576   -1.931   -3.491   -5.269   -7.164   -9.104  -11.042
CT1860:035           11.058   10.275    9.405    8.526    7.669    6.886
    6.177    5.548    4.996    4.522    4.109    3.750    3.438    3.171
    2.937    2.718    2.491    2.219    1.869    1.400    0.774   -0.066
   -1.120   -2.393   -3.874   -5.579   -7.409   -9.290  -11.180
CT1860:030           11.093   10.298    9.403    8.493    7.597    6.770
    6.014    5.335    4.732    4.203    3.731    3.310    2.933    2.600
    2.303    2.030    1.765    1.478    1.133    0.691    0.110   -0.670
   -1.656   -2.858   -4.269   -5.909   -7.679   -9.503  -11.341
CT1860:025           11.165   10.349    9.423    8.479    7.545    6.676
    5.880    5.161    4.519    3.953    3.442    2.979    2.555    2.170
    1.821    1.500    1.194    0.882    0.529    0.096   -0.459   -1.198
   -2.134   -3.282   -4.636   -6.217   -7.928   -9.692  -11.470
CT1860:020           11.194   10.365    9.416    8.445    7.480    6.581
    5.755    5.011    4.347    3.762    3.234    2.750    2.302    1.885
    1.499    1.137    0.792    0.447    0.071   -0.373   -0.928   -1.653
   -2.568   -3.687   -5.007   -6.550   -8.218   -9.937  -11.664
CT1860:015           11.212   10.373    9.406    8.413    7.424    6.501
    5.655    4.896    4.225    3.637    3.110    2.626    2.174    1.746
    1.340    0.951    0.573    0.191   -0.220   -0.694   -1.273   -2.014
   -2.935   -4.053   -5.364   -6.886   -8.526  -10.211  -11.892
CT1860:010           11.242   10.394    9.409    8.398    7.390    6.450
    5.592    4.827    4.157    3.579    3.066    2.599    2.162    1.743
    1.336    0.935    0.533    0.117   -0.337   -0.857   -1.481   -2.263
   -3.217   -4.358   -5.680   -7.198   -8.818  -10.475  -12.109
CT1860:005           11.281   10.424    9.427    8.403    7.381    6.430
    5.565    4.801    4.138    3.576    3.086    2.646    2.238    1.844
    1.452    1.053    0.637    0.187   -0.314   -0.893   -1.582   -2.429
   -3.443   -4.632   -5.987   -7.519   -9.135  -10.774  -12.366
CT1861:360           11.318   10.456    9.452    8.420    7.391    6.437
    5.574    4.816    4.165    3.624    3.163    2.757    2.386    2.027
    1.662    1.276    0.854    0.375   -0.175   -0.820   -1.587   -2.515
   -3.604   -4.857   -6.261   -7.815   -9.430  -11.055  -12.601
