CT1824:360           -0.539   -2.122   -3.930   -5.828   -7.839   -9.920
  -11.993  -13.973  -15.759  -17.196  -18.216  -18.770  -18.856  -18.468
  -17.715  -16.712  -15.534  -14.249  -12.904  -11.508  -10.061   -8.560
   -7.025   -5.480   -3.961   -2.527   -1.213    0.007    0.998
CT1824:355            0.256   -1.230   -2.976   -4.829   -6.820   -8.914
  -11.026  -13.075  -14.960  -16.528  -17.704  -18.433  -18.704  -18.498
  -17.909  -17.043  -15.961  -14.727  -13.395  -11.981  -10.494   -8.942
   -7.352   -5.757   -4.191   -2.716   -1.368   -0.119    0.888
CT1824:350            0.952   -0.388   -2.029   -3.796   -5.730   -7.801
   -9.917  -11.999  -13.944  -15.606  -16.904  -17.779  -18.213  -18.176
  -17.748  -17.022  -16.049  -14.885  -13.589  -12.182  -10.682   -9.104
   -7.487   -5.866   -4.279   -2.786   -1.423   -0.161    0.853
CT1824:345            1.855    0.647   -0.890   -2.570   -4.439   -6.472
   -8.572  -10.660  -12.636  -14.358  -15.744  -16.735  -17.306  -17.422
  -17.149  -16.568  -15.720  -14.652  -13.425  -12.065  -10.594   -9.036
   -7.437   -5.836   -4.272   -2.807   -1.475   -0.247    0.724
CT1824:340            2.658    1.635    0.246   -1.300   -3.061   -5.013
   -7.053   -9.103  -11.064  -12.801  -14.232  -15.298  -15.972  -16.215
  -16.082  -15.643  -14.928  -13.975  -12.845  -11.564  -10.160   -8.660
   -7.114   -5.564   -4.049   -2.629   -1.338   -0.149    0.790
CT1824:335            3.680    2.822    1.581    0.171   -1.471   -3.323
   -5.280   -7.264   -9.180  -10.901  -12.346  -13.458  -14.211  -14.564
  -14.560  -14.261  -13.688  -12.870  -11.866  -10.702   -9.406   -8.008
   -6.561   -5.105   -3.679   -2.343   -1.128   -0.010    0.868
CT1824:330            4.572    3.935    2.892    1.667    0.193   -1.514
   -3.343   -5.221   -7.055   -8.725  -10.154  -11.286  -12.094  -12.537
  -12.650  -12.484  -12.053  -11.383  -10.524   -9.504   -8.348   -7.087
   -5.773   -4.445   -3.142   -1.916   -0.801    0.226    1.033
CT1824:325            5.734    5.286    4.427    3.384    2.083    0.535
   -1.152   -2.907   -4.643   -6.250   -7.652   -8.794   -9.649  -10.174
  -10.397  -10.361  -10.074   -9.555   -8.855   -7.995   -7.002   -5.903
   -4.748   -3.573   -2.413   -1.316   -0.311    0.619    1.359
CT1824:320            6.689    6.491    5.875    5.068    3.991    2.647
    1.143   -0.456   -2.069   -3.594   -4.956   -6.100   -6.993   -7.595
   -7.923   -8.011   -7.865   -7.502   -6.966   -6.280   -5.468   -4.554
   -3.585   -2.594   -1.611   -0.677    0.181    0.975    1.611
CT1824:315            7.857    7.879    7.492    6.915    6.065    4.932
    3.621    2.186    0.701   -0.742   -2.066   -3.215   -4.152   -4.833
   -5.266   -5.478   -5.473   -5.264   -4.894   -4.385   -3.761   -3.043
   -2.273   -1.480   -0.688    0.069    0.768    1.419    1.947
CT1824:310            8.830    9.121    9.008    8.702    8.118    7.232
    6.141    4.893    3.554    2.203    0.922   -0.230   -1.211   -1.972
   -2.511   -2.847   -2.980   -2.923   -2.718   -2.388   -1.954   -1.440
   -0.879   -0.297    0.288    0.849    1.369    1.857    2.257
CT1824:305            9.661   10.244   10.428   10.417   10.122    9.503
    8.652    7.607    6.426    5.175    3.941    2.786    1.760    0.917
    0.270   -0.191   -0.465   -0.560   -0.521   -0.369   -0.129    0.177
    0.520    0.880    1.241    1.588    1.909    2.209    2.454
CT1824:300           10.596   11.448   11.913   12.186   12.172   11.817
   11.205   10.363    9.339    8.189    7.002    5.845    4.772    3.844
    3.086    2.497    2.084    1.838    1.715    1.693    1.746    1.851
    1.983    2.127    2.273    2.415    2.548    2.674    2.784
CT1824:295           10.914   12.135   12.956   13.576   13.893   13.841
   13.499   12.888   12.047   11.019    9.897    8.751    7.643    6.638
    5.777    5.066    4.518    4.126    3.848    3.659    3.530    3.441
    3.369    3.304    3.242    3.184    3.135    3.095    3.077
CT1824:290           11.748   13.215   14.297   15.180   15.761   15.956
   15.842   15.426   14.741   13.816   12.747   11.606   10.459    9.376
    8.408    7.575    6.892    6.356    5.925    5.573    5.272    4.997
    4.730    4.465    4.204    3.956    3.731    3.528    3.384
CT1824:285           12.282   14.016   15.368   16.520   17.362   17.801
   17.908   17.684   17.153   16.335   15.325   14.196   13.021   11.873
   10.814    9.873    9.069    8.403    7.835    7.337    6.881    6.443
    6.009    5.575    5.149    4.748    4.392    4.074    3.860
CT1824:280           12.947   14.881   16.445   17.810   18.864   19.501
   19.788   19.720   19.315   18.584   17.622   16.504   15.304   14.098
   12.958   11.918   11.004   10.218    9.523    8.890    8.291    7.701
    7.108    6.513    5.926    5.372    4.874    4.426    4.110
CT1824:275           14.162   16.140   17.790   19.254   20.418   21.169
   21.564   21.591   21.264   20.583   19.646   18.527   17.301   16.045
   14.836   13.715   12.709   11.822   11.018   10.272    9.553    8.840
    8.123    7.405    6.698    6.035    5.444    4.915    4.550
CT1824:270           14.617   16.734   18.524   20.128   21.426   22.299
   22.801   22.921   22.667   22.038   21.132   20.023   18.789   17.506
   16.254   15.077   14.002   13.035   12.144   11.302   10.483    9.665
    8.841    8.016    7.205    6.443    5.761    5.149    4.718
CT1824:265           15.594   17.693   19.496   21.121   22.449   23.354
   23.888   24.035   23.802   23.187   22.287   21.177   19.934   18.632
   17.350   16.133   15.006   13.977   13.017   12.101   11.205   10.310
    9.409    8.511    7.630    6.804    6.065    5.401    4.930
CT1824:260           15.829   17.995   19.857   21.536   22.912   23.854
   24.419   24.590   24.378   23.780   22.896   21.798   20.563   19.263
   17.974   16.738   15.582   14.513   13.505   12.537   11.586   10.639
    9.690    8.747    7.826    6.965    6.197    5.504    5.009
CT1824:255           15.944   18.144   20.027   21.721   23.103   24.044
   24.605   24.772   24.558   23.964   23.088   22.002   20.781   19.490
   18.205   16.964   15.791   14.695   13.654   12.650   11.665   10.687
    9.711    8.746    7.807    6.930    6.142    5.429    4.902
CT1824:250           15.957   18.149   20.009   21.676   23.023   23.928
   24.454   24.593   24.360   23.759   22.888   21.814   20.610   19.337
   18.064   16.828   15.652   14.547   13.493   12.478   11.487   10.512
    9.548    8.604    7.691    6.845    6.088    5.402    4.895
CT1824:245           15.618   17.818   19.656   21.288   22.589   23.443
   23.921   24.020   23.760   23.146   22.275   21.214   20.028   18.773
   17.515   16.290   15.118   14.013   12.961   11.951   10.972   10.018
    9.084    8.175    7.300    6.490    5.759    5.090    4.573
CT1824:240           15.412   17.536   19.280   20.814   22.014   22.772
   23.166   23.196   22.885   22.243   21.360   20.301   19.126   17.888
   16.647   15.437   14.282   13.197   12.170   11.195   10.264    9.373
    8.513    7.688    6.904    6.185    5.540    4.951    4.490
CT1824:235           14.966   17.012   18.654   20.079   21.164   21.814
   22.110   22.059   21.686   21.004   20.101   19.036   17.866   16.640
   15.416   14.226   13.095   12.042   11.058   10.139    9.277    8.471
    7.708    6.986    6.307    5.687    5.128    4.611    4.185
CT1824:230           14.565   16.476   17.969   19.242   20.176   20.686
   20.860   20.706   20.253   19.516   18.579   17.496   16.322   15.105
   13.897   12.733   11.639   10.637    9.720    8.884    8.125    7.440
    6.811    6.232    5.699    5.221    4.791    4.391    4.049
CT1824:225           14.062   15.819   17.144   18.248   19.016   19.374
   19.413   19.145   18.601   17.800   16.818   15.711   14.528   13.316
   12.128   10.995    9.948    9.010    8.175    7.443    6.807    6.263
    5.789    5.371    5.000    4.673    4.376    4.093    3.825
CT1824:220           13.503   15.081   16.219   17.135   17.722   17.917
   17.811   17.423   16.782   15.911   14.883   13.749   12.557   11.354
   10.189    9.095    8.103    7.241    6.504    5.891    5.396    5.015
    4.716    4.481    4.291    4.135    3.989    3.842    3.670
CT1824:215           13.067   14.416   15.329   16.027   16.410   16.425
   16.164   15.646   14.905   13.963   12.890   11.734   10.539    9.351
    8.218    7.169    6.239    5.461    4.829    4.344    4.001    3.792
    3.679    3.636    3.637    3.660    3.674    3.671    3.605
CT1824:210           12.394   13.536   14.242   14.739   14.932   14.782
   14.381   13.752   12.927   11.934   10.836    9.678    8.499    7.344
    6.257    5.265    4.406    3.714    3.187    2.828    2.631    2.589
    2.654    2.793    2.974    3.163    3.321    3.447    3.468
CT1824:205           11.911   12.797   13.263   13.532   13.519   13.198
   12.656   11.920   11.023    9.995    8.894    7.757    6.619    5.521
    4.499    3.579    2.801    2.201    1.780    1.544    1.488    1.606
    1.844    2.162    2.523    2.885    3.204    3.480    3.630
CT1824:200           11.175   11.842   12.099   12.169   11.977   11.511
   10.857   10.045    9.110    8.082    7.013    5.933    4.871    3.860
    2.930    2.103    1.415    0.908    0.583    0.450    0.508    0.750
    1.119    1.572    2.064    2.546    2.970    3.338    3.552
CT1824:195           10.261   10.740   10.816   10.713   10.369    9.786
    9.049    8.192    7.251    6.261    5.262    4.279    3.333    2.446
    1.641    0.933    0.354   -0.054   -0.286   -0.329   -0.181    0.154
    0.618    1.167    1.754    2.325    2.828    3.268    3.536
CT1824:190            9.506    9.767    9.644    9.357    8.857    8.161
    7.351    6.465    5.539    4.611    3.711    2.857    2.059    1.331
    0.682    0.121   -0.327   -0.625   -0.766   -0.734   -0.522   -0.132
    0.384    0.982    1.617    2.233    2.775    3.251    3.544
CT1824:185            7.919    8.127    7.932    7.573    7.010    6.278
    5.463    4.607    3.750    2.933    2.179    1.497    0.890    0.363
   -0.091   -0.472   -0.764   -0.939   -0.987   -0.891   -0.644   -0.241
    0.273    0.859    1.475    2.065    2.576    3.017    3.263
CT1824:180            7.175    7.178    6.804    6.284    5.591    4.777
    3.924    3.075    2.274    1.564    0.956    0.454    0.051   -0.260
   -0.497   -0.674   -0.786   -0.819   -0.763   -0.603   -0.328    0.070
    0.559    1.110    1.685    2.237    2.716    3.128    3.357
CT1824:175            5.544    5.533    5.127    4.574    3.855    3.042
    2.218    1.434    0.736    0.170   -0.258   -0.549   -0.720   -0.785
   -0.776   -0.721   -0.628   -0.497   -0.321   -0.087    0.215    0.598
    1.043    1.531    2.037    2.523    2.948    3.318    3.530
CT1824:170            4.826    4.630    4.072    3.386    2.566    1.696
    0.858    0.104   -0.520   -0.963   -1.228   -1.325   -1.275   -1.101
   -0.851   -0.562   -0.258    0.045    0.348    0.658    0.984    1.339
    1.720    2.120    2.525    2.908    3.243    3.532    3.692
CT1824:165            4.070    3.723    3.043    2.252    1.355    0.449
   -0.389   -1.103   -1.647   -1.965   -2.069   -1.973   -1.706   -1.295
   -0.801   -0.275    0.249    0.738    1.185    1.591    1.962    2.307
    2.639    2.962    3.278    3.577    3.846    4.089    4.254
CT1824:160            3.397    2.893    2.092    1.200    0.230   -0.710
   -1.547   -2.224   -2.692   -2.895   -2.850   -2.576   -2.108   -1.479
   -0.759   -0.007    0.727    1.398    1.988    2.490    2.904    3.232
    3.502    3.727    3.922    4.090    4.240    4.373    4.465
CT1824:155            2.883    2.211    1.288    0.295   -0.745   -1.719
   -2.559   -3.206   -3.610   -3.712   -3.537   -3.106   -2.460   -1.635
   -0.710    0.248    1.180    2.026    2.759    3.361    3.824    4.144
    4.355    4.482    4.550    4.578    4.592    4.597    4.587
CT1824:150            2.283    1.486    0.478   -0.582   -1.665   -2.654
   -3.485   -4.098   -4.443   -4.456   -4.167   -3.600   -2.798   -1.798
   -0.686    0.462    1.579    2.594    3.469    4.176    4.699    5.025
    5.196    5.244    5.206    5.112    5.008    4.905    4.818
CT1824:145            1.346    0.506   -0.519   -1.586   -2.663   -3.631
   -4.430   -4.997   -5.281   -5.215   -4.828   -4.146   -3.212   -2.063
   -0.791    0.523    1.805    2.970    3.973    4.776    5.353    5.682
    5.810    5.776    5.623    5.389    5.139    4.889    4.666
CT1824:140            0.825   -0.107   -1.180   -2.277   -3.364   -4.325
   -5.107   -5.647   -5.896   -5.782   -5.333   -4.572   -3.541   -2.277
   -0.875    0.578    2.002    3.302    4.425    5.324    5.967    6.322
    6.441    6.366    6.146    5.828    5.492    5.160    4.874
CT1824:135            0.151   -0.824   -1.902   -2.990   -4.052   -4.980
   -5.727   -6.235   -6.451   -6.304   -5.816   -5.006   -3.913   -2.569
   -1.073    0.486    2.021    3.432    4.657    5.641    6.348    6.736
    6.860    6.762    6.497    6.112    5.705    5.300    4.950
CT1824:130           -0.299   -1.336   -2.427   -3.510   -4.547   -5.440
   -6.155   -6.636   -6.834   -6.676   -6.179   -5.358   -4.244   -2.865
   -1.318    0.304    1.915    3.407    4.713    5.774    6.546    6.983
    7.137    7.050    6.777    6.367    5.927    5.486    5.105
CT1824:125           -0.485   -1.616   -2.738   -3.829   -4.848   -5.711
   -6.397   -6.858   -7.051   -6.903   -6.428   -5.633   -4.543   -3.179
   -1.633    0.004    1.646    3.183    4.545    5.669    6.506    7.003
    7.209    7.160    6.911    6.508    6.063    5.612    5.216
CT1824:120           -0.873   -2.045   -3.153   -4.211   -5.175   -5.976
   -6.607   -7.029   -7.206   -7.070   -6.629   -5.883   -4.852   -3.545
   -2.046   -0.441    1.189    2.739    4.135    5.311    6.214    6.787
    7.069    7.090    6.901    6.540    6.123    5.691    5.298
CT1824:115           -1.139   -2.361   -3.459   -4.487   -5.397   -6.135
   -6.709   -7.092   -7.254   -7.138   -6.747   -6.077   -5.138   -3.932
   -2.528   -1.003    0.571    2.096    3.498    4.709    5.674    6.329
    6.700    6.811    6.705    6.409    6.037    5.639    5.254
CT1824:110           -1.479   -2.730   -3.803   -4.785   -5.628   -6.289
   -6.793   -7.124   -7.262   -7.162   -6.823   -6.239   -5.411   -4.331
   -3.054   -1.643   -0.158    1.316    2.704    3.941    4.968    5.715
    6.196    6.424    6.431    6.235    5.943    5.610    5.263
CT1824:105           -2.068   -3.294   -4.305   -5.210   -5.961   -6.528
   -6.947   -7.213   -7.315   -7.219   -6.927   -6.426   -5.713   -4.771
   -3.638   -2.363   -0.989    0.410    1.764    3.010    4.086    4.920
    5.510    5.858    5.985    5.894    5.686    5.420    5.103
CT1824:100           -2.379   -3.637   -4.629   -5.497   -6.190   -6.688
   -7.043   -7.257   -7.331   -7.243   -6.995   -6.574   -5.972   -5.165
   -4.176   -3.041   -1.789   -0.477    0.831    2.073    3.190    4.106
    4.808    5.283    5.545    5.579    5.478    5.306    5.048
CT1824:095           -3.116   -4.327   -5.250   -6.041   -6.647   -7.059
   -7.335   -7.485   -7.518   -7.419   -7.192   -6.826   -6.310   -5.613
   -4.749   -3.740   -2.602   -1.378   -0.127    1.096    2.233    3.210
    4.000    4.584    4.959    5.101    5.087    4.985    4.757
CT1824:090           -3.421   -4.675   -5.603   -6.384   -6.964   -7.338
   -7.576   -7.693   -7.703   -7.601   -7.392   -7.067   -6.611   -5.997
   -5.229   -4.319   -3.277   -2.133   -0.938    0.260    1.407    2.432
    3.301    3.985    4.474    4.731    4.822    4.815    4.656
CT1824:085           -4.221   -5.435   -6.314   -7.045   -7.572   -7.894
   -8.083   -8.158   -8.135   -8.011   -7.794   -7.475   -7.042   -6.467
   -5.751   -4.904   -3.928   -2.845   -1.702   -0.536    0.602    1.648
    2.562    3.310    3.876    4.210    4.366    4.415    4.279
CT1824:080           -4.535   -5.812   -6.731   -7.490   -8.033   -8.362
   -8.551   -8.622   -8.591   -8.457   -8.230   -7.902   -7.465   -6.894
   -6.192   -5.369   -4.426   -3.381   -2.271   -1.132   -0.004    1.054
    2.002    2.803    3.437    3.850    4.086    4.212    4.142
CT1824:075           -5.229   -6.507   -7.428   -8.191   -8.737   -9.066
   -9.252   -9.315   -9.270   -9.113   -8.855   -8.491   -8.016   -7.409
   -6.678   -5.837   -4.888   -3.848   -2.752   -1.627   -0.509    0.551
    1.516    2.352    3.034    3.510    3.815    4.012    4.014
CT1824:070           -5.561   -6.925   -7.922   -8.754   -9.362   -9.742
   -9.968  -10.055  -10.019   -9.851   -9.564   -9.156   -8.625   -7.958
   -7.170   -6.280   -5.295   -4.237   -3.135   -2.013   -0.903    0.151
    1.117    1.964    2.671    3.184    3.536    3.785    3.844
CT1824:065           -5.867   -7.328   -8.418   -9.340  -10.031  -10.482
  -10.764  -10.890  -10.869  -10.691  -10.368   -9.903   -9.298   -8.546
   -7.671   -6.699   -5.645   -4.535   -3.397   -2.254   -1.131   -0.067
    0.915    1.788    2.537    3.118    3.561    3.918    4.121
CT1824:060           -6.207   -7.774   -8.973  -10.003  -10.798  -11.339
  -11.696  -11.873  -11.879  -11.693  -11.334  -10.806  -10.117   -9.265
   -8.287   -7.217   -6.078   -4.903   -3.721   -2.553   -1.424   -0.365
    0.606    1.471    2.218    2.811    3.279    3.670    3.924
CT1824:055           -6.291   -8.016   -9.370  -10.552  -11.491  -12.157
  -12.617  -12.871  -12.920  -12.738  -12.347  -11.755  -10.976  -10.015
   -8.920   -7.735   -6.493   -5.235   -3.989   -2.778   -1.624   -0.552
    0.429    1.307    2.078    2.715    3.252    3.729    4.107
CT1824:050           -6.611   -8.452   -9.941  -11.262  -12.339  -13.132
  -13.699  -14.032  -14.128  -13.952  -13.528  -12.870  -11.996  -10.920
   -9.701   -8.396   -7.046   -5.700   -4.389   -3.136   -1.960   -0.882
    0.096    0.970    1.741    2.390    2.952    3.462    3.891
CT1824:045           -6.775   -8.762  -10.413  -11.898  -13.141  -14.085
  -14.782  -15.217  -15.378  -15.223  -14.779  -14.062  -13.100  -11.912
  -10.572   -9.146   -7.687   -6.253   -4.875   -3.576   -2.370   -1.279
   -0.293    0.589    1.370    2.041    2.633    3.182    3.663
CT1824:040           -7.036   -9.140  -10.938  -12.580  -13.986  -15.086
  -15.921  -16.468  -16.706  -16.582  -16.129  -15.364  -14.322  -13.030
  -11.574  -10.033   -8.469   -6.947   -5.499   -4.148   -2.905   -1.786
   -0.776    0.132    0.943    1.651    2.290    2.889    3.429
CT1824:035           -7.189   -9.418  -11.373  -13.182  -14.765  -16.035
  -17.027  -17.704  -18.040  -17.970  -17.530  -16.740  -15.640  -14.263
  -12.709  -11.069   -9.411   -7.808   -6.293   -4.887   -3.599   -2.439
   -1.387   -0.437    0.421    1.180    1.870    2.522    3.111
CT1824:030           -7.351   -9.681  -11.778  -13.744  -15.498  -16.942
  -18.095  -18.915  -19.364  -19.370  -18.966  -18.176  -17.044  -15.608
  -13.981  -12.259  -10.521   -8.844   -7.262   -5.792   -4.442   -3.218
   -2.099   -1.075   -0.140    0.700    1.472    2.202    2.864
CT1824:025           -7.345   -9.781  -12.024  -14.150  -16.080  -17.705
  -19.032  -20.011  -20.595  -20.702  -20.366  -19.610  -18.483  -17.024
  -15.354  -13.579  -11.781  -10.040   -8.390   -6.850   -5.423   -4.114
   -2.899   -1.773   -0.729    0.220    1.097    1.930    2.682
CT1824:020           -7.368   -9.871  -12.229  -14.489  -16.574  -18.366
  -19.861  -21.000  -21.730  -21.958  -21.717  -21.029  -19.942  -18.499
  -16.823  -15.025  -13.190  -11.399   -9.688   -8.073   -6.558   -5.146
   -3.818   -2.569   -1.400   -0.328    0.663    1.600    2.436
CT1824:015           -7.179   -9.750  -12.218  -14.605  -16.838  -18.793
  -20.456  -21.761  -22.649  -23.019  -22.901  -22.316  -21.310  -19.922
  -18.278  -16.492  -14.645  -12.819  -11.050   -9.356   -7.740   -6.204
   -4.736   -3.338   -2.012   -0.785    0.352    1.430    2.388
CT1824:010           -7.030   -9.619  -12.152  -14.623  -16.967  -19.056
  -20.865  -22.322  -23.364  -23.885  -23.909  -23.454  -22.563  -21.269
  -19.697  -17.959  -16.131  -14.291  -12.480  -10.715   -9.001   -7.342
   -5.735   -4.186   -2.709   -1.337   -0.070    1.125    2.167
CT1824:005           -6.640   -9.244  -11.830  -14.371  -16.807  -19.010
  -20.950  -22.551  -23.744  -24.423  -24.605  -24.304  -23.559  -22.396
  -20.933  -19.276  -17.497  -15.666  -13.827  -11.998  -10.185   -8.398
   -6.642   -4.934   -3.292   -1.760   -0.344    0.990    2.146
CT1825:360           -5.822   -8.421  -11.049  -13.651  -16.175  -18.494
  -20.566  -22.317  -23.676  -24.533  -24.902  -24.793  -24.238  -23.256
  -21.955  -20.436  -18.759  -16.987  -15.169  -13.321  -11.458   -9.592
   -7.743   -5.934   -4.192   -2.571   -1.082    0.314    1.504
