CT1861:360           11.318   10.456    9.452    8.420    7.391    6.437
    5.574    4.816    4.165    3.624    3.163    2.757    2.386    2.027
    1.662    1.276    0.854    0.375   -0.175   -0.820   -1.587   -2.515
   -3.604   -4.857   -6.261   -7.815   -9.430  -11.055  -12.601
CT1861:355           11.364   10.499    9.492    8.458    7.430    6.480
    5.623    4.876    4.243    3.724    3.292    2.922    2.588    2.267
    1.931    1.562    1.136    0.628    0.025   -0.693   -1.547   -2.569
   -3.748   -5.079   -6.543   -8.131   -9.755  -11.372  -12.878
CT1861:350           11.409   10.544    9.540    8.512    7.492    6.554
    5.714    4.985    4.373    3.881    3.478    3.141    2.843    2.554
    2.244    1.887    1.454    0.913    0.255   -0.540   -1.485   -2.605
   -3.878   -5.290   -6.816   -8.437  -10.067  -11.673  -13.131
CT1861:345           11.370   10.523    9.539    8.532    7.536    6.625
    5.814    5.116    4.535    4.074    3.702    3.395    3.124    2.858
    2.560    2.203    1.749    1.166    0.443   -0.435   -1.478   -2.700
   -4.072   -5.570   -7.165   -8.827  -10.476  -12.082  -13.513
CT1861:340           11.420   10.578    9.607    8.617    7.644    6.763
    5.985    5.323    4.778    4.350    4.007    3.723    3.469    3.209
    2.906    2.529    2.040    1.401    0.606   -0.358   -1.495   -2.812
   -4.271   -5.843   -7.491   -9.177  -10.823  -12.411  -13.788
CT1861:335           11.367   10.551    9.611    8.654    7.720    6.883
    6.153    5.539    5.040    4.652    4.340    4.076    3.827    3.557
    3.228    2.809    2.263    1.552    0.674   -0.381   -1.612   -3.020
   -4.559   -6.195   -7.888   -9.593  -11.235  -12.803  -14.132
CT1861:330           11.415   10.607    9.684    8.750    7.848    7.053
    6.370    5.805    5.353    5.004    4.719    4.465    4.209    3.910
    3.534    3.052    2.429    1.631    0.660   -0.488   -1.809   -3.296
   -4.900   -6.583   -8.304  -10.010  -11.631  -13.164  -14.429
CT1861:325           11.422   10.627    9.726    8.820    7.953    7.202
    6.568    6.054    5.651    5.340    5.077    4.826    4.551    4.209
    3.768    3.206    2.490    1.592    0.523   -0.719   -2.124   -3.678
   -5.333   -7.047   -8.780  -10.473  -12.063  -13.554  -14.753
CT1861:320           11.461   10.671    9.785    8.898    8.058    7.343
    6.750    6.279    5.915    5.634    5.384    5.126    4.822    4.424
    3.906    3.252    2.433    1.432    0.263   -1.067   -2.545   -4.152
   -5.839   -7.566   -9.293  -10.959  -12.505  -13.941  -15.066
CT1861:315           11.445   10.665    9.792    8.921    8.103    7.416
    6.853    6.412    6.074    5.808    5.558    5.282    4.938    4.477
    3.876    3.125    2.202    1.097   -0.165   -1.576   -3.116   -4.764
   -6.472   -8.203   -9.918  -11.556  -13.065  -14.458  -15.534
CT1861:310           11.467   10.685    9.814    8.947    8.134    7.455
    6.901    6.467    6.133    5.861    5.594    5.285    4.892    4.364
    3.682    2.840    1.824    0.632   -0.707   -2.177   -3.757   -5.421
   -7.125   -8.833  -10.510  -12.094  -13.539  -14.862  -15.856
CT1861:305           11.455   10.671    9.795    8.921    8.100    7.409
    6.840    6.388    6.030    5.728    5.424    5.068    4.619    4.023
    3.265    2.344    1.250   -0.012   -1.409   -2.920   -4.521   -6.186
   -7.874   -9.551  -11.186  -12.719  -14.108  -15.373  -16.309
CT1861:300           11.453   10.661    9.769    8.876    8.029    7.303
    6.694    6.196    5.787    5.430    5.068    4.652    4.141    3.482
    2.660    1.679    0.530   -0.776   -2.202   -3.727   -5.324   -6.966
   -8.616  -10.242  -11.816  -13.278  -14.591  -15.778  -16.630
CT1861:295           11.478   10.667    9.746    8.818    7.926    7.144
    6.468    5.897    5.411    4.976    4.538    4.051    3.473    2.756
    1.884    0.861   -0.320   -1.644   -3.076   -4.593   -6.169   -7.774
   -9.375  -10.943  -12.451  -13.843  -15.083  -16.194  -16.972
CT1861:290           11.457   10.631    9.681    8.714    7.770    6.918
    6.161    5.500    4.920    4.392    3.868    3.305    2.665    1.899
    0.992   -0.054   -1.244   -2.566   -3.983   -5.474   -7.013   -8.569
  -10.112  -11.616  -13.055  -14.373  -15.538  -16.573  -17.272
CT1861:285           11.563   10.698    9.697    8.673    7.658    6.720
    5.865    5.099    4.411    3.780    3.164    2.524    1.823    1.017
    0.089   -0.964   -2.146   -3.447   -4.834   -6.285   -7.774   -9.272
  -10.750  -12.183  -13.545  -14.780  -15.856  -16.800  -17.400
CT1861:280           11.532   10.649    9.614    8.545    7.470    6.453
    5.507    4.642    3.852    3.125    2.424    1.714    0.962    0.127
   -0.813   -1.862   -3.028   -4.302   -5.655   -7.066   -8.509   -9.957
  -11.381  -12.757  -14.060  -15.234  -16.247  -17.127  -17.661
CT1861:275           11.695   10.762    9.669    8.537    7.389    6.286
    5.247    4.283    3.396    2.578    1.798    1.026    0.232   -0.626
   -1.570   -2.608   -3.753   -4.996   -6.312   -7.681   -9.080  -10.477
  -11.846  -13.163  -14.402  -15.505  -16.441  -17.237  -17.673
CT1861:270           11.664   10.716    9.595    8.428    7.233    6.071
    4.963    3.925    2.963    2.076    1.237    0.419   -0.407   -1.279
   -2.223   -3.251   -4.376   -5.594   -6.883   -8.222   -9.589  -10.955
  -12.292  -13.574  -14.777  -15.841  -16.735  -17.488  -17.874
CT1861:265           11.657   10.691    9.545    8.348    7.115    5.905
    4.745    3.651    2.633    1.693    0.809   -0.043   -0.894   -1.778
   -2.723   -3.744   -4.855   -6.056   -7.325   -8.647   -9.998  -11.349
  -12.672  -13.942  -15.132  -16.184  -17.065  -17.804  -18.180
CT1861:260           11.637   10.663    9.502    8.288    7.032    5.794
    4.600    3.471    2.416    1.441    0.525   -0.352   -1.220   -2.112
   -3.056   -4.069   -5.167   -6.352   -7.606   -8.913  -10.251  -11.592
  -12.906  -14.166  -15.346  -16.382  -17.244  -17.962  -18.309
CT1861:255           11.513   10.550    9.395    8.183    6.925    5.678
    4.472    3.326    2.251    1.254    0.317   -0.579   -1.461   -2.361
   -3.305   -4.313   -5.403   -6.579   -7.825   -9.128  -10.468  -11.816
  -13.142  -14.418  -15.617  -16.677  -17.565  -18.311  -18.693
CT1861:250           11.504   10.538    9.383    8.170    6.912    5.663
    4.451    3.295    2.206    1.191    0.236   -0.677   -1.572   -2.478
   -3.421   -4.422   -5.499   -6.660   -7.893   -9.186  -10.520  -11.867
  -13.196  -14.478  -15.683  -16.746  -17.635  -18.378  -18.751
CT1861:245           11.452   10.494    9.349    8.149    6.902    5.661
    4.453    3.295    2.197    1.169    0.198   -0.732   -1.639   -2.551
   -3.493   -4.486   -5.550   -6.696   -7.915   -9.197  -10.526  -11.875
  -13.212  -14.506  -15.727  -16.808  -17.715  -18.476  -18.862
CT1861:240           11.447   10.490    9.354    8.164    6.929    5.699
    4.498    3.340    2.236    1.195    0.207   -0.738   -1.658   -2.576
   -3.515   -4.497   -5.546   -6.673   -7.873   -9.140  -10.457  -11.802
  -13.140  -14.441  -15.673  -16.768  -17.688  -18.462  -18.855
CT1861:235           11.418   10.469    9.346    8.172    6.955    5.740
    4.549    3.395    2.287    1.236    0.234   -0.725   -1.656   -2.578
   -3.515   -4.488   -5.520   -6.628   -7.808   -9.057  -10.362  -11.700
  -13.038  -14.346  -15.592  -16.707  -17.650  -18.447  -18.861
CT1861:230           11.408   10.461    9.350    8.189    6.989    5.790
    4.611    3.463    2.356    1.299    0.289   -0.680   -1.619   -2.545
   -3.478   -4.442   -5.460   -6.548   -7.707   -8.935  -10.221  -11.546
  -12.879  -14.189  -15.444  -16.577  -17.542  -18.362  -18.797
CT1861:225           11.360   10.420    9.323    8.179    6.999    5.819
    4.656    3.522    2.422    1.368    0.357   -0.615   -1.557   -2.484
   -3.415   -4.373   -5.380   -6.452   -7.593   -8.802  -10.071  -11.385
  -12.715  -14.032  -15.304  -16.466  -17.468  -18.329  -18.810
CT1861:220           11.339   10.399    9.310    8.178    7.014    5.853
    4.710    3.593    2.509    1.468    0.465   -0.501   -1.439   -2.363
   -3.291   -4.243   -5.240   -6.299   -7.421   -8.610   -9.859  -11.158
  -12.479  -13.796  -15.079  -16.263  -17.293  -18.185  -18.698
CT1861:215           11.340   10.391    9.304    8.179    7.027    5.884
    4.762    3.668    2.608    1.588    0.605   -0.346   -1.272   -2.189
   -3.112   -4.057   -5.046   -6.091   -7.198   -8.369   -9.602  -10.888
  -12.204  -13.526  -14.823  -16.034  -17.098  -18.028  -18.583
CT1861:210           11.304   10.349    9.265    8.146    7.007    5.884
    4.787    3.723    2.696    1.709    0.757   -0.168   -1.073   -1.974
   -2.884   -3.818   -4.795   -5.827   -6.919   -8.074   -9.292  -10.570
  -11.886  -13.216  -14.531  -15.770  -16.869  -17.836  -18.432
CT1861:205           11.328   10.355    9.261    8.138    7.003    5.895
    4.822    3.788    2.797    1.849    0.935    0.046   -0.828   -1.701
   -2.588   -3.502   -4.458   -5.471   -6.544   -7.683   -8.889  -10.160
  -11.475  -12.812  -14.141  -15.401  -16.522  -17.511  -18.126
CT1861:200           11.280   10.293    9.193    8.068    6.937    5.844
    4.794    3.793    2.841    1.937    1.068    0.225   -0.606   -1.440
   -2.291   -3.172   -4.100   -5.089   -6.143   -7.270   -8.471   -9.748
  -11.077  -12.436  -13.793  -15.088  -16.249  -17.282  -17.942
CT1861:195           11.241   10.239    9.127    7.994    6.862    5.778
    4.746    3.772    2.855    1.994    1.174    0.382   -0.396   -1.177
   -1.976   -2.808   -3.693   -4.647   -5.676   -6.788   -7.984   -9.266
  -10.609  -11.987  -13.368  -14.689  -15.877  -16.937  -17.621
CT1861:190           11.186   10.165    9.037    7.890    6.749    5.666
    4.643    3.687    2.799    1.976    1.201    0.463   -0.256   -0.973
   -1.708   -2.478   -3.308   -4.219   -5.218   -6.314   -7.509   -8.803
  -10.167  -11.573  -12.987  -14.345  -15.573  -16.674  -17.407
CT1861:185           11.088   10.055    8.911    7.749    6.596    5.507
    4.485    3.538    2.668    1.874    1.140    0.453   -0.205   -0.851
   -1.512   -2.209   -2.972   -3.830   -4.790   -5.865   -7.054   -8.357
   -9.739  -11.171  -12.615  -14.009  -15.278  -16.424  -17.211
CT1861:180           11.036    9.979    8.811    7.624    6.448    5.339
    4.303    3.350    2.482    1.704    0.999    0.355   -0.245   -0.822
   -1.404   -2.022   -2.711   -3.505   -4.417   -5.458   -6.630   -7.930
   -9.320  -10.767  -12.231  -13.652  -14.953  -16.136  -16.970
CT1861:175           10.913    9.847    8.660    7.453    6.254    5.123
    4.066    3.098    2.221    1.445    0.757    0.145   -0.407   -0.919
   -1.427   -1.964   -2.575   -3.299   -4.152   -5.149   -6.291   -7.575
   -8.961  -10.412  -11.890  -13.334  -14.668  -15.893  -16.785
CT1861:170           10.872    9.783    8.568    7.330    6.098    4.932
    3.843    2.844    1.943    1.155    0.467   -0.128   -0.646   -1.107
   -1.549   -2.013   -2.546   -3.195   -3.980   -4.917   -6.009   -7.257
   -8.617  -10.053  -11.526  -12.978  -14.333  -15.585  -16.524
CT1861:165           10.856    9.746    8.502    7.232    5.965    4.762
    3.635    2.600    1.668    0.857    0.158   -0.435   -0.934   -1.358
   -1.747   -2.148   -2.608   -3.180   -3.889   -4.752   -5.778   -6.969
   -8.281   -9.682  -11.131  -12.575  -13.934  -15.199  -16.167
CT1861:160           10.836    9.708    8.440    7.144    5.845    4.608
    3.445    2.375    1.409    0.572   -0.145   -0.744   -1.237   -1.639
   -1.993   -2.344   -2.743   -3.245   -3.877   -4.664   -5.615   -6.740
   -7.997   -9.356  -10.779  -12.216  -13.586  -14.873  -15.887
CT1861:155           10.922    9.765    8.467    7.139    5.808    4.538
    3.342    2.239    1.244    0.382   -0.353   -0.962   -1.457   -1.849
   -2.180   -2.496   -2.847   -3.287   -3.849   -4.559   -5.433   -6.484
   -7.677   -8.985  -10.371  -11.791  -13.159  -14.455  -15.497
CT1861:150           10.935    9.771    8.462    7.122    5.777    4.492
    3.281    2.165    1.159    0.288   -0.453   -1.066   -1.560   -1.946
   -2.263   -2.558   -2.876   -3.272   -3.779   -4.427   -5.236   -6.224
   -7.364   -8.630   -9.989  -11.404  -12.784  -14.104  -15.195
CT1861:145           10.953    9.788    8.478    7.137    5.792    4.508
    3.301    2.193    1.197    0.338   -0.390   -0.991   -1.476   -1.856
   -2.167   -2.453   -2.756   -3.130   -3.607   -4.219   -4.988   -5.939
   -7.047   -8.293   -9.647  -11.077  -12.493  -13.862  -15.032
CT1861:140           11.005    9.847    8.546    7.217    5.886    4.623
    3.443    2.366    1.406    0.586   -0.105   -0.673   -1.133   -1.496
   -1.800   -2.083   -2.387   -2.758   -3.229   -3.830   -4.583   -5.516
   -6.608   -7.845   -9.197  -10.639  -12.080  -13.484  -14.709
CT1861:135           11.020    9.883    8.608    7.307    6.011    4.791
    3.662    2.644    1.750    0.998    0.371   -0.142   -0.559   -0.897
   -1.193   -1.483   -1.804   -2.200   -2.697   -3.322   -4.098   -5.052
   -6.166   -7.427   -8.812  -10.301  -11.804  -13.281  -14.606
CT1861:130           11.107    9.991    8.747    7.484    6.234    5.073
    4.014    3.078    2.272    1.612    1.072    0.636    0.279   -0.022
   -0.306   -0.605   -0.954   -1.392   -1.936   -2.609   -3.430   -4.423
   -5.573   -6.868   -8.287   -9.814  -11.361  -12.887  -14.272
CT1861:125           11.144   10.067    8.873    7.664    6.479    5.398
    4.430    3.595    2.900    2.351    1.917    1.573    1.288    1.029
    0.759    0.446    0.057   -0.438   -1.049   -1.793   -2.682   -3.740
   -4.948   -6.299   -7.771   -9.353  -10.961  -12.552  -14.013
CT1861:120           11.259   10.215    9.069    7.916    6.801    5.805
    4.937    4.212    3.633    3.203    2.880    2.632    2.421    2.205
    1.946    1.615    1.183    0.624   -0.062   -0.885   -1.853   -2.983
   -4.258   -5.670   -7.200   -8.839  -10.504  -12.155  -13.682
CT1861:115           11.206   10.233    9.165    8.096    7.073    6.181
    5.425    4.820    4.365    4.055    3.843    3.687    3.546    3.370
    3.119    2.770    2.293    1.671    0.911    0.009   -1.036   -2.241
   -3.586   -5.065   -6.659   -8.362  -10.093  -11.812  -13.410
CT1861:110           11.335   10.402    9.391    8.387    7.440    6.637
    5.980    5.480    5.132    4.924    4.804    4.723    4.635    4.486
    4.236    3.866    3.349    2.672    1.850    0.884   -0.226   -1.494
   -2.901   -4.439   -6.093   -7.857   -9.650  -11.432  -13.097
CT1861:105           11.362   10.491    9.552    8.625    7.761    7.049
    6.486    6.082    5.826    5.703    5.654    5.628    5.576    5.442
    5.188    4.799    4.251    3.536    2.671    1.660    0.503   -0.812
   -2.267   -3.857   -5.566   -7.387   -9.241  -11.084  -12.813
CT1861:100           11.491   10.661    9.776    8.908    8.111    7.471
    6.981    6.648    6.459    6.391    6.385    6.388    6.352    6.220
    5.958    5.553    4.987    4.252    3.367    2.334    1.155   -0.187
   -1.675   -3.303   -5.056   -6.929   -8.839  -10.740  -12.531
CT1861:095           11.739   10.928   10.077    9.249    8.499    7.908
    7.466    7.178    7.025    6.984    6.993    7.002    6.963    6.822
    6.551    6.139    5.570    4.836    3.955    2.927    1.750    0.405
   -1.094   -2.740   -4.518   -6.422   -8.364  -10.299  -12.120
CT1861:090           11.856   11.082   10.274    9.491    8.786    8.238
    7.833    7.572    7.437    7.402    7.408    7.406    7.354    7.201
    6.924    6.513    5.953    5.236    4.376    3.368    2.207    0.869
   -0.633   -2.294   -4.098   -6.039   -8.026  -10.008  -11.881
CT1861:085           12.058   11.299   10.514    9.756    9.078    8.550
    8.158    7.901    7.761    7.710    7.694    7.670    7.597    7.432
    7.152    6.752    6.214    5.528    4.703    3.731    2.600    1.282
   -0.211   -1.874   -3.690   -5.654   -7.667   -9.679  -11.584
CT1861:080           12.158   11.425   10.669    9.937    9.280    8.764
    8.375    8.109    7.950    7.873    7.827    7.774    7.679    7.505
    7.230    6.848    6.342    5.696    4.915    3.984    2.888    1.593
    0.112   -1.552   -3.379   -5.365   -7.408   -9.453  -11.397
CT1861:075           12.113   11.425   10.704   10.004    9.369    8.861
    8.468    8.186    8.001    7.889    7.809    7.727    7.613    7.433
    7.169    6.812    6.343    5.743    5.007    4.119    3.057    1.785
    0.313   -1.353   -3.194   -5.205   -7.282   -9.368  -11.365
CT1861:070           12.186   11.514   10.805   10.112    9.478    8.959
    8.543    8.229    8.003    7.848    7.725    7.609    7.474    7.291
    7.042    6.715    6.289    5.738    5.052    4.210    3.186    1.941
    0.488   -1.169   -3.009   -5.027   -7.118   -9.221  -11.241
CT1861:065           12.063   11.434   10.754   10.081    9.455    8.929
    8.493    8.146    7.880    7.679    7.516    7.366    7.211    7.027
    6.795    6.501    6.118    5.617    4.980    4.182    3.195    1.977
    0.542   -1.106   -2.943   -4.967   -7.070   -9.191  -11.239
CT1861:060           12.103   11.480   10.796   10.116    9.475    8.921
    8.447    8.056    7.737    7.483    7.270    7.082    6.902    6.713
    6.495    6.230    5.888    5.434    4.846    4.093    3.146    1.960
    0.550   -1.078   -2.900   -4.914   -7.013   -9.132  -11.187
CT1861:055           12.043   11.436   10.757   10.074    9.420    8.840
    8.330    7.893    7.524    7.216    6.954    6.726    6.519    6.321
    6.112    5.871    5.566    5.155    4.613    3.904    2.998    1.848
    0.470   -1.130   -2.927   -4.921   -7.003   -9.109  -11.159
CT1861:050           12.048   11.437   10.745   10.044    9.363    8.747
    8.195    7.709    7.284    6.922    6.608    6.336    6.098    5.884
    5.675    5.447    5.168    4.791    4.288    3.619    2.753    1.641
    0.300   -1.265   -3.029   -4.996   -7.055   -9.143  -11.182
CT1861:045           11.933   11.335   10.640    9.930    9.231    8.586
    7.997    7.468    6.996    6.585    6.224    5.911    5.639    5.404
    5.186    4.962    4.696    4.343    3.869    3.235    2.407    1.336
    0.036   -1.487   -3.213   -5.144   -7.175   -9.237  -11.261
CT1861:040           11.907   11.297   10.582    9.848    9.119    8.438
    7.809    7.236    6.718    6.261    5.856    5.501    5.195    4.931
    4.695    4.460    4.193    3.849    3.394    2.787    1.992    0.963
   -0.293   -1.770   -3.449   -5.338   -7.330   -9.359  -11.357
CT1861:035           11.850   11.232   10.500    9.744    8.988    8.276
    7.612    7.003    6.448    5.954    5.513    5.125    4.785    4.493
    4.230    3.975    3.696    3.350    2.903    2.316    1.554    0.568
   -0.634   -2.053   -3.672   -5.498   -7.430   -9.397  -11.333
CT1861:030           11.795   11.161   10.406    9.625    8.841    8.098
    7.404    6.764    6.180    5.657    5.189    4.772    4.403    4.079
    3.784    3.497    3.190    2.826    2.371    1.789    1.046    0.091
   -1.071   -2.443   -4.012   -5.790   -7.676   -9.599  -11.497
CT1861:025           11.920   11.237   10.436    9.611    8.784    8.003
    7.273    6.601    5.991    5.445    4.955    4.516    4.122    3.769
    3.440    3.118    2.778    2.387    1.916    1.334    0.606   -0.316
   -1.432   -2.747   -4.251   -5.956   -7.762   -9.603  -11.407
CT1861:020           11.847   11.146   10.324    9.476    8.626    7.822
    7.073    6.385    5.762    5.207    4.708    4.258    3.848    3.471
    3.111    2.751    2.371    1.942    1.441    0.839    0.105   -0.807
   -1.902   -3.186   -4.651   -6.312   -8.074   -9.867  -11.624
CT1861:015           11.903   11.161   10.300    9.417    8.534    7.702
    6.930    6.225    5.591    5.029    4.526    4.070    3.650    3.254
    2.866    2.471    2.049    1.578    1.038    0.405   -0.349   -1.266
   -2.353   -3.617   -5.054   -6.677   -8.396  -10.144  -11.853
CT1861:010           11.824   11.065   10.187    9.286    8.386    7.541
    6.758    6.048    5.411    4.852    4.353    3.900    3.478    3.073
    2.666    2.241    1.781    1.266    0.682    0.009   -0.777   -1.713
   -2.806   -4.064   -5.481   -7.073   -8.751  -10.455  -12.110
CT1861:005           11.805   11.017   10.115    9.191    8.272    7.412
    6.619    5.902    5.265    4.708    4.213    3.765    3.344    2.933
    2.509    2.058    1.561    1.000    0.366   -0.357   -1.188   -2.159
   -3.275   -4.542   -5.957   -7.532   -9.185  -10.858  -12.476
CT1862:360           11.725   10.923   10.009    9.075    8.147    7.282
    6.487    5.772    5.138    4.587    4.100    3.657    3.239    2.823
    2.387    1.912    1.379    0.773    0.089   -0.686   -1.565   -2.576
   -3.717   -4.996   -6.407   -7.960   -9.578  -11.207  -12.767
