CT1848:360           10.385    9.237    7.837    6.357    4.804    3.250
    1.744    0.328   -0.963   -2.081   -3.025   -3.797   -4.407   -4.860
   -5.192   -5.437   -5.617   -5.758   -5.893   -6.049   -6.251   -6.536
   -6.912   -7.383   -7.942   -8.582   -9.250   -9.918  -10.539
CT1848:355           10.552    9.587    8.376    7.086    5.724    4.353
    3.020    1.757    0.593   -0.436   -1.332   -2.097   -2.742   -3.272
   -3.712   -4.086   -4.410   -4.701   -4.983   -5.278   -5.607   -5.999
   -6.465   -7.010   -7.628   -8.318   -9.039   -9.769  -10.481
CT1848:350           11.030   10.211    9.168    8.054    6.875    5.690
    4.535    3.435    2.412    1.488    0.658   -0.082   -0.742   -1.328
   -1.857   -2.346   -2.804   -3.242   -3.677   -4.123   -4.596   -5.119
   -5.698   -6.336   -7.029   -7.775   -8.544   -9.319  -10.084
CT1848:345           11.235   10.616    9.784    8.884    7.923    6.949
    5.993    5.075    4.206    3.399    2.648    1.948    1.289    0.665
    0.065   -0.521   -1.100   -1.678   -2.265   -2.871   -3.507   -4.188
   -4.916   -5.692   -6.510   -7.371   -8.251   -9.142  -10.043
CT1848:340           11.721   11.257   10.604    9.889    9.120    8.334
    7.556    6.796    6.060    5.353    4.669    4.003    3.349    2.698
    2.046    1.387    0.715    0.024   -0.690   -1.433   -2.211   -3.034
   -3.898   -4.798   -5.729   -6.687   -7.654   -8.628   -9.609
CT1848:335           12.407   12.054   11.544   10.984   10.376    9.749
    9.117    8.483    7.850    7.215    6.577    5.934    5.281    4.614
    3.928    3.219    2.480    1.706    0.893    0.037   -0.864   -1.814
   -2.804   -3.828   -4.874   -5.936   -7.000   -8.066   -9.137
CT1848:330           12.857   12.653   12.308   11.916   11.477   11.005
   10.508    9.986    9.438    8.859    8.255    7.629    6.982    6.311
    5.614    4.884    4.112    3.286    2.405    1.465    0.465   -0.595
   -1.701   -2.840   -4.001   -5.174   -6.345   -7.515   -8.688
CT1848:325           13.514   13.407   13.183   12.919   12.609   12.255
   11.858   11.414   10.920   10.373    9.786    9.169    8.529    7.864
    7.173    6.447    5.667    4.819    3.899    2.902    1.828    0.679
   -0.523   -1.764   -3.028   -4.301   -5.569   -6.833   -8.093
CT1848:320           13.898   13.918   13.832   13.704   13.527   13.288
   12.987   12.617   12.175   11.661   11.096   10.496    9.875    9.234
    8.569    7.865    7.099    6.248    5.306    4.265    3.127    1.897
    0.600   -0.744   -2.117   -3.505   -4.889   -6.271   -7.648
CT1848:315           14.270   14.405   14.438   14.429   14.365   14.225
   14.009   13.707   13.317   12.841   12.309   11.743   11.157   10.555
    9.929    9.262    8.523    7.680    6.725    5.650    4.458    3.155
    1.773    0.334   -1.138   -2.630   -4.116   -5.599   -7.067
CT1848:310           14.568   14.799   14.933   15.025   15.060   15.010
   14.876   14.648   14.324   13.909   13.435   12.925   12.397   11.851
   11.278   10.655    9.944    9.108    8.138    7.025    5.774    4.391
    2.915    1.373   -0.213   -1.825   -3.436   -5.044   -6.639
CT1848:305           14.846   15.163   15.382   15.557   15.674   15.705
   15.652   15.506   15.266   14.936   14.548   14.124   13.678   13.207
   12.696   12.121   11.438   10.606    9.617    8.463    7.151    5.690
    4.124    2.484    0.798   -0.916   -2.625   -4.326   -5.996
CT1848:300           15.049   15.426   15.708   15.949   16.133   16.239
   16.271   16.219   16.084   15.869   15.599   15.290   14.951   14.572
   14.134   13.608   12.949   12.113   11.095    9.889    8.504    6.951
    5.280    3.526    1.718   -0.124   -1.964   -3.797   -5.595
CT1848:295           15.171   15.602   15.936   16.230   16.471   16.646
   16.762   16.812   16.797   16.718   16.590   16.421   16.211   15.942
   15.586   15.116   14.481   13.640   12.591   11.332    9.873    8.229
    6.458    4.594    2.673    0.716   -1.236   -3.178   -5.069
CT1848:290           15.275   15.731   16.090   16.411   16.688   16.918
   17.110   17.260   17.369   17.435   17.461   17.446   17.380   17.231
   16.967   16.558   15.953   15.108   14.029   12.716   11.183    9.447
    7.569    5.590    3.546    1.460   -0.624   -2.695   -4.711
CT1848:285           15.220   15.702   16.082   16.426   16.732   17.009
   17.270   17.516   17.746   17.956   18.140   18.283   18.366   18.345
   18.182   17.845   17.279   16.440   15.342   13.984   12.385   10.562
    8.582    6.487    4.318    2.097   -0.125   -2.336   -4.489
CT1848:280           15.226   15.698   16.067   16.403   16.710   17.010
   17.317   17.637   17.968   18.306   18.632   18.923   19.150   19.258
   19.202   18.946   18.435   17.621   16.523   15.142   13.498   11.608
    9.545    7.353    5.075    2.737    0.395   -1.936   -4.200
CT1848:275           15.098   15.556   15.907   16.228   16.527   16.837
   17.177   17.553   17.967   18.411   18.859   19.281   19.638   19.869
   19.920   19.753   19.309   18.537   17.457   16.072   14.400   12.458
   10.320    8.035    5.646    3.180    0.702   -1.769   -4.174
CT1848:270           15.011   15.428   15.737   16.019   16.287   16.587
   16.936   17.345   17.814   18.338   18.882   19.411   19.881   20.222
   20.377   20.305   19.941   19.232   18.198   16.838   15.171   13.207
   11.027    8.679    6.211    3.652    1.075   -1.494   -3.985
CT1848:265           14.844   15.213   15.471   15.704   15.932   16.209
   16.553   16.978   17.484   18.065   18.681   19.293   19.852   20.287
   20.536   20.555   20.276   19.641   18.668   17.352   15.707   13.740
   11.532    9.132    6.592    3.940    1.262   -1.410   -3.999
CT1848:260           14.673   14.978   15.170   15.341   15.516   15.756
   16.082   16.507   17.032   17.650   18.317   18.991   19.620   20.132
   20.463   20.566   20.372   19.819   18.921   17.667   16.067   14.121
   11.909    9.484    6.898    4.184    1.439   -1.299   -3.940
CT1848:255           14.501   14.726   14.840   14.938   15.048   15.241
   15.537   15.950   16.480   17.120   17.822   18.540   19.222   19.795
   20.194   20.373   20.259   19.790   18.971   17.790   16.249   14.342
   12.148    9.720    7.114    4.367    1.590   -1.174   -3.819
CT1848:250           14.261   14.403   14.435   14.454   14.494   14.634
   14.892   15.284   15.809   16.459   17.182   17.931   18.652   19.272
   19.726   19.966   19.923   19.529   18.785   17.674   16.192   14.324
   12.151    9.724    7.104    4.331    1.526   -1.263   -3.915
CT1848:245           14.108   14.141   14.070   13.991   13.944   14.015
   14.218   14.572   15.076   15.720   16.451   17.217   17.964   18.620
   19.120   19.416   19.437   19.114   18.445   17.405   15.988   14.173
   12.040    9.641    7.041    4.286    1.510   -1.240   -3.821
CT1848:240           13.817   13.753   13.586   13.414   13.280   13.275
   13.416   13.721   14.188   14.812   15.534   16.303   17.065   17.747
   18.284   18.626   18.703   18.441   17.835   16.857   15.494   13.723
   11.622    9.248    6.665    3.928    1.175   -1.547   -4.080
CT1848:235           13.565   13.387   13.107   12.824   12.586   12.487
   12.543   12.773   13.178   13.754   14.442   15.193   15.951   16.647
   17.213   17.597   17.724   17.520   16.973   16.051   14.739   13.013
   10.952    8.612    6.065    3.366    0.660   -2.009   -4.475
CT1848:230           13.240   12.955   12.566   12.172   11.822   11.615
   11.565   11.695   12.009   12.506   13.132   13.838   14.573   15.269
   15.855   16.276   16.454   16.307   15.820   14.958   13.704   12.034
   10.029    7.750    5.269    2.648    0.030   -2.544   -4.901
CT1848:225           12.847   12.457   11.953   11.441   10.968   10.632
   10.452   10.451   10.636   11.016   11.541   12.168   12.848   13.520
   14.109   14.555   14.775   14.681   14.250   13.445   12.248   10.635
    8.692    6.480    4.073    1.533   -1.003   -3.495   -5.781
CT1848:220           12.498   11.996   11.368   10.725   10.113    9.625
    9.284    9.116    9.134    9.354    9.735   10.242   10.833   11.452
   12.025   12.484   12.741   12.704   12.342   11.614   10.502    8.987
    7.155    5.070    2.804    0.424   -1.943   -4.263   -6.375
CT1848:215           12.041   11.439   10.690    9.917    9.158    8.503
    7.979    7.615    7.429    7.448    7.641    7.984    8.442    8.971
    9.494    9.938   10.215   10.224    9.926    9.281    8.268    6.869
    5.172    3.238    1.137   -1.070   -3.265   -5.419   -7.391
CT1848:210           11.678   10.961   10.079    9.160    8.237    7.392
    6.658    6.066    5.640    5.417    5.379    5.514    5.795    6.191
    6.627    7.027    7.303    7.351    7.126    6.584    5.705    4.474
    2.972    1.257   -0.604   -2.557   -4.498   -6.402   -8.140
CT1848:205           11.193   10.385    9.382    8.328    7.243    6.206
    5.252    4.416    3.730    3.238    2.936    2.823    2.885    3.102
    3.408    3.725    3.969    4.038    3.881    3.451    2.729    1.699
    0.433   -1.018   -2.598   -4.261   -5.919   -7.548   -9.043
CT1848:200           10.827    9.909    8.773    7.570    6.313    5.070
    3.884    2.790    1.825    1.040    0.446    0.052   -0.146   -0.150
   -0.021    0.170    0.345    0.412    0.314    0.004   -0.540   -1.334
   -2.321   -3.462   -4.713   -6.042   -7.376   -8.693   -9.912
CT1848:195           10.396    9.388    8.134    6.798    5.381    3.943
    2.533    1.188   -0.052   -1.131   -2.027   -2.719   -3.201   -3.462
   -3.548   -3.524   -3.452   -3.411   -3.463   -3.652   -4.001   -4.530
   -5.203   -5.994   -6.874   -7.824   -8.791   -9.751  -10.643
CT1848:190           10.042    8.938    7.565    6.096    4.524    2.900
    1.278   -0.305   -1.808   -3.172   -4.366   -5.363   -6.146   -6.691
   -7.028   -7.209   -7.280   -7.301   -7.334   -7.419   -7.584   -7.852
   -8.209   -8.649   -9.160   -9.740  -10.353  -10.975  -11.573
CT1848:185            9.961    8.728    7.217    5.603    3.873    2.071
    0.250   -1.552   -3.295   -4.923   -6.399   -7.690   -8.773   -9.611
  -10.219  -10.633  -10.876  -10.987  -11.026  -11.026  -11.018  -11.026
  -11.064  -11.141  -11.264  -11.446  -11.667  -11.903  -12.136
CT1848:180            9.637    8.327    6.726    5.015    3.174    1.243
   -0.722   -2.688   -4.617   -6.456   -8.167   -9.717  -11.076  -12.199
  -13.082  -13.745  -14.188  -14.425  -14.510  -14.470  -14.335  -14.131
  -13.899  -13.666  -13.455  -13.295  -13.187  -13.105  -13.055
CT1848:175            9.744    8.300    6.576    4.744    2.784    0.734
   -1.357   -3.456   -5.532   -7.540   -9.447  -11.217  -12.823  -14.211
  -15.363  -16.281  -16.943  -17.338  -17.509  -17.475  -17.263  -16.901
  -16.451  -15.955  -15.452  -14.986  -14.571  -14.189  -13.859
CT1848:170            9.467    7.972    6.196    4.313    2.303    0.203
   -1.940   -4.098   -6.244   -8.346  -10.375  -12.301  -14.096  -15.706
  -17.098  -18.256  -19.137  -19.708  -19.998  -20.016  -19.786  -19.329
  -18.726  -18.032  -17.299  -16.579  -15.907  -15.267  -14.695
CT1848:165            9.242    7.703    5.892    3.979    1.945   -0.171
   -2.324   -4.493   -6.658   -8.799  -10.895  -12.924  -14.858  -16.648
  -18.247  -19.627  -20.727  -21.493  -21.941  -22.068  -21.890  -21.424
  -20.762  -19.969  -19.106  -18.234  -17.409  -16.621  -15.926
CT1848:160            9.026    7.461    5.637    3.717    1.689   -0.407
   -2.531   -4.667   -6.802   -8.929  -11.038  -13.113  -15.131  -17.047
  -18.807  -20.369  -21.662  -22.613  -23.224  -23.480  -23.389  -22.956
  -22.278  -21.423  -20.460  -19.450  -18.464  -17.504  -16.626
CT1848:155            8.685    7.136    5.337    3.447    1.460   -0.581
   -2.642   -4.709   -6.778   -8.854  -10.934  -13.012  -15.068  -17.063
  -18.939  -20.645  -22.102  -23.224  -24.001  -24.406  -24.437  -24.089
  -23.457  -22.609  -21.615  -20.535  -19.455  -18.389  -17.392
CT1848:150            8.534    6.980    5.196    3.332    1.384   -0.600
   -2.591   -4.583   -6.577   -8.588  -10.622  -12.677  -14.740  -16.777
  -18.727  -20.535  -22.118  -23.384  -24.310  -24.862  -25.027  -24.788
  -24.234  -23.430  -22.445  -21.331  -20.187  -19.037  -17.925
CT1848:145            8.463    6.914    5.154    3.324    1.425   -0.496
   -2.415   -4.329   -6.247   -8.189  -10.166  -12.183  -14.228  -16.272
  -18.255  -20.119  -21.783  -23.149  -24.188  -24.859  -25.139  -24.999
  -24.520  -23.759  -22.781  -21.624  -20.392  -19.125  -17.832
CT1848:140            8.460    6.915    5.178    3.380    1.524   -0.341
   -2.199   -4.049   -5.903   -7.787   -9.716  -11.695  -13.715  -15.752
  -17.745  -19.639  -21.355  -22.797  -23.932  -24.714  -25.115  -25.098
  -24.735  -24.075  -23.177  -22.070  -20.859  -19.593  -18.260
CT1848:135            8.523    6.978    5.264    3.498    1.686   -0.128
   -1.929   -3.722   -5.520   -7.351   -9.231  -11.167  -13.149  -15.156
  -17.129  -19.016  -20.741  -22.215  -23.400  -24.252  -24.737  -24.812
  -24.540  -23.962  -23.131  -22.060  -20.853  -19.566  -18.155
CT1848:130            8.491    6.966    5.289    3.567    1.805    0.046
   -1.702   -3.441   -5.187   -6.968   -8.799  -10.686  -12.621  -14.582
  -16.517  -18.374  -20.084  -21.563  -22.777  -23.678  -24.236  -24.402
  -24.234  -23.763  -23.036  -22.057  -20.921  -19.690  -18.294
CT1848:125            8.335    6.857    5.237    3.574    1.873    0.172
   -1.519   -3.203   -4.896   -6.622   -8.396  -10.223  -12.097  -13.996
  -15.873  -17.681  -19.357  -20.822  -22.046  -22.986  -23.610  -23.873
  -23.822  -23.485  -22.902  -22.068  -21.071  -19.971  -18.686
CT1848:120            8.352    6.898    5.316    3.695    2.039    0.386
   -1.257   -2.892   -4.532   -6.199   -7.906   -9.659  -11.451  -13.267
  -15.062  -16.796  -18.412  -19.842  -21.055  -22.014  -22.687  -23.031
  -23.085  -22.872  -22.421  -21.719  -20.842  -19.850  -18.634
CT1848:115            8.021    6.655    5.157    3.616    2.038    0.457
   -1.116   -2.681   -4.247   -5.831   -7.446   -9.097  -10.781  -12.486
  -14.175  -15.815  -17.358  -18.744  -19.947  -20.931  -21.669  -22.120
  -22.314  -22.267  -22.003  -21.501  -20.823  -20.028  -18.996
CT1848:110            8.069    6.724    5.260    3.759    2.225    0.692
   -0.827   -2.329   -3.820   -5.313   -6.819   -8.346   -9.896  -11.461
  -13.016  -14.536  -15.984  -17.310  -18.490  -19.494  -20.292  -20.845
  -21.174  -21.285  -21.192  -20.864  -20.351  -19.707  -18.787
CT1848:105            7.994    6.692    5.276    3.826    2.346    0.873
   -0.578   -2.002   -3.400   -4.778   -6.149   -7.524   -8.907  -10.302
  -11.694  -13.070  -14.407  -15.665  -16.825  -17.857  -18.733  -19.412
  -19.902  -20.199  -20.309  -20.190  -19.876  -19.421  -18.656
CT1848:100            8.050    6.764    5.375    3.956    2.517    1.096
   -0.291   -1.633   -2.929   -4.177   -5.394   -6.591   -7.782   -8.978
  -10.181  -11.391  -12.598  -13.780  -14.917  -15.981  -16.944  -17.762
  -18.426  -18.923  -19.246  -19.339  -19.224  -18.954  -18.331
CT1848:095            8.166    6.877    5.499    4.100    2.690    1.316
   -0.008   -1.266   -2.452   -3.559   -4.605   -5.606   -6.583   -7.557
   -8.550   -9.575  -10.640  -11.738  -12.850  -13.953  -15.013  -15.984
  -16.841  -17.554  -18.106  -18.428  -18.527  -18.456  -17.991
CT1848:090            8.219    6.935    5.571    4.191    2.812    1.484
    0.226   -0.944   -2.014   -2.970   -3.833   -4.624   -5.370   -6.108
   -6.874   -7.699   -8.609   -9.614  -10.698  -11.837  -12.997  -14.127
  -15.181  -16.117  -16.904  -17.457  -17.771  -17.899  -17.592
CT1848:085            8.245    6.961    5.602    4.233    2.875    1.587
    0.388   -0.697   -1.652   -2.457   -3.137   -3.715   -4.228   -4.724
   -5.259   -5.878   -6.627   -7.535   -8.585   -9.758  -11.017  -12.306
  -13.561  -14.726  -15.755  -16.552  -17.096  -17.443  -17.321
CT1848:080            8.287    6.996    5.633    4.264    2.915    1.654
    0.503   -0.508   -1.360   -2.024   -2.529   -2.903   -3.191   -3.451
   -3.757   -4.169   -4.752   -5.551   -6.554   -7.743   -9.081  -10.509
  -11.943  -13.313  -14.561  -15.575  -16.322  -16.860  -16.892
CT1848:075            8.390    7.071    5.683    4.292    2.931    1.677
    0.554   -0.405   -1.173   -1.718   -2.071   -2.264   -2.349   -2.391
   -2.483   -2.697   -3.115   -3.799   -4.741   -5.928   -7.321   -8.862
  -10.450  -12.003  -13.450  -14.667  -15.607  -16.329  -16.517
CT1848:070            8.421    7.083    5.670    4.255    2.874    1.613
    0.501   -0.424   -1.132   -1.584   -1.813   -1.855   -1.765   -1.618
   -1.516   -1.547   -1.802   -2.362   -3.223   -4.379   -5.794   -7.409
   -9.110  -10.805  -12.413  -13.798  -14.900  -15.777  -16.100
CT1848:065            8.648    7.250    5.775    4.300    2.863    1.562
    0.424   -0.504   -1.191   -1.591   -1.740   -1.674   -1.453   -1.154
   -0.889   -0.756   -0.858   -1.287   -2.048   -3.142   -4.538   -6.181
   -7.947   -9.738  -11.461  -12.975  -14.205  -15.207  -15.641
CT1848:060            8.678    7.255    5.738    4.215    2.727    1.378
    0.203   -0.751   -1.445   -1.827   -1.934   -1.802   -1.491   -1.079
   -0.683   -0.407   -0.365   -0.658   -1.301   -2.304   -3.641   -5.267
   -7.052   -8.892  -10.688  -12.294  -13.624  -14.728  -15.263
CT1848:055            8.763    7.306    5.734    4.149    2.592    1.172
   -0.072   -1.084   -1.824   -2.234   -2.347   -2.198   -1.846   -1.363
   -0.873   -0.484   -0.313   -0.473   -0.987   -1.877   -3.125   -4.695
   -6.458   -8.309  -10.144  -11.818  -13.232  -14.431  -15.080
CT1848:050            8.807    7.326    5.705    4.062    2.432    0.931
   -0.397   -1.492   -2.308   -2.780   -2.939   -2.814   -2.461   -1.946
   -1.393   -0.913   -0.626   -0.651   -1.024   -1.774   -2.896   -4.365
   -6.054   -7.859   -9.675  -11.359  -12.804  -14.046  -14.759
CT1848:045            8.775    7.297    5.642    3.950    2.253    0.665
   -0.757   -1.954   -2.871   -3.438   -3.678   -3.616   -3.301   -2.793
   -2.212   -1.671   -1.292   -1.198   -1.437   -2.048   -3.035   -4.387
   -5.983   -7.724   -9.507  -11.195  -12.674  -13.972  -14.785
CT1848:040            8.845    7.357    5.663    3.920    2.153    0.477
   -1.048   -2.355   -3.388   -4.069   -4.414   -4.440   -4.191   -3.716
   -3.133   -2.556   -2.104   -1.903   -2.011   -2.476   -3.312   -4.518
   -5.982   -7.612   -9.308  -10.941  -12.394  -13.684  -14.528
CT1848:035            8.873    7.400    5.692    3.918    2.100    0.350
   -1.264   -2.676   -3.824   -4.623   -5.083   -5.212   -5.048   -4.632
   -4.076   -3.493   -2.999   -2.721   -2.726   -3.066   -3.763   -4.829
   -6.160   -7.673   -9.274  -10.845  -12.267  -13.548  -14.433
CT1848:030            8.981    7.523    5.806    4.014    2.162    0.359
   -1.326   -2.823   -4.070   -4.976   -5.545   -5.779   -5.709   -5.367
   -4.861   -4.302   -3.800   -3.480   -3.412   -3.654   -4.234   -5.168
   -6.367   -7.754   -9.243  -10.729  -12.094  -13.339  -14.232
CT1848:025            9.059    7.644    5.953    4.176    2.327    0.508
   -1.207   -2.751   -4.060   -5.045   -5.700   -6.026   -6.047   -5.790
   -5.357   -4.852   -4.379   -4.059   -3.962   -4.145   -4.640   -5.468
   -6.550   -7.818   -9.194  -10.585  -11.876  -13.063  -13.939
CT1848:020            9.215    7.846    6.195    4.455    2.636    0.839
   -0.865   -2.412   -3.740   -4.762   -5.474   -5.871   -5.976   -5.812
   -5.472   -5.054   -4.656   -4.386   -4.313   -4.492   -4.953   -5.721
   -6.726   -7.908   -9.198  -10.514  -11.750  -12.899  -13.776
CT1848:015            9.263    7.989    6.426    4.772    3.038    1.320
   -0.313   -1.801   -3.087   -4.094   -4.816   -5.251   -5.421   -5.347
   -5.112   -4.807   -4.518   -4.342   -4.341   -4.563   -5.036   -5.782
   -6.740   -7.856   -9.070  -10.306  -11.469  -12.552  -13.385
CT1848:010            9.465    8.272    6.802    5.246    3.619    2.014
    0.493   -0.889   -2.085   -3.030   -3.723   -4.168   -4.386   -4.399
   -4.283   -4.117   -3.974   -3.940   -4.064   -4.388   -4.935   -5.720
   -6.690   -7.797   -8.986  -10.192  -11.330  -12.396  -13.238
CT1848:005            9.557    8.493    7.162    5.752    4.280    2.839
    1.486    0.264   -0.787   -1.617   -2.236   -2.653   -2.892   -2.979
   -2.979   -2.957   -2.977   -3.109   -3.389   -3.850   -4.505   -5.362
   -6.370   -7.484   -8.654   -9.816  -10.898  -11.902  -12.678
CT1849:360            9.797    8.843    7.647    6.384    5.077    3.819
    2.653    1.618    0.740    0.051   -0.469   -0.835   -1.078   -1.227
   -1.340   -1.469   -1.667   -1.992   -2.464   -3.105   -3.919   -4.906
   -6.013   -7.199   -8.416   -9.604  -10.703  -11.723  -12.525
