CT1837:360            0.413   -0.464   -1.139   -1.699   -2.073   -2.221
   -2.205   -2.052   -1.797   -1.473   -1.121   -0.762   -0.407   -0.067
    0.245    0.517    0.718    0.812    0.784    0.620    0.318   -0.112
   -0.616   -1.150   -1.668   -2.103   -2.425   -2.660   -2.691
CT1837:355            0.017   -0.749   -1.312   -1.762   -2.030   -2.085
   -1.992   -1.781   -1.490   -1.153   -0.805   -0.462   -0.130    0.182
    0.467    0.710    0.882    0.945    0.885    0.685    0.346   -0.121
   -0.665   -1.239   -1.800   -2.287   -2.670   -2.976   -3.101
CT1837:350            0.049   -0.697   -1.229   -1.648   -1.890   -1.932
   -1.841   -1.645   -1.380   -1.077   -0.763   -0.450   -0.143    0.153
    0.428    0.665    0.834    0.896    0.836    0.639    0.308   -0.148
   -0.677   -1.233   -1.777   -2.247   -2.617   -2.911   -3.030
CT1837:345            0.017   -0.708   -1.224   -1.632   -1.877   -1.943
   -1.892   -1.748   -1.543   -1.298   -1.035   -0.760   -0.479   -0.195
    0.077    0.317    0.494    0.569    0.527    0.355    0.053   -0.368
   -0.860   -1.383   -1.898   -2.351   -2.714   -3.011   -3.154
CT1837:340            0.028   -0.695   -1.220   -1.645   -1.922   -2.042
   -2.059   -1.993   -1.868   -1.697   -1.494   -1.265   -1.012   -0.743
   -0.474   -0.228   -0.036    0.065    0.060   -0.063   -0.304   -0.658
   -1.080   -1.536   -1.990   -2.392   -2.717   -2.983   -3.109
CT1837:335            0.294   -0.484   -1.065   -1.551   -1.899   -2.105
   -2.216   -2.250   -2.220   -2.134   -2.001   -1.826   -1.612   -1.367
   -1.110   -0.865   -0.660   -0.527   -0.484   -0.541   -0.703   -0.967
   -1.298   -1.667   -2.040   -2.374   -2.641   -2.855   -2.942
CT1837:330            0.300   -0.490   -1.098   -1.621   -2.022   -2.297
   -2.487   -2.603   -2.654   -2.640   -2.569   -2.445   -2.271   -2.055
   -1.815   -1.574   -1.356   -1.192   -1.096   -1.084   -1.162   -1.334
   -1.574   -1.858   -2.156   -2.432   -2.654   -2.833   -2.902
CT1837:325            0.195   -0.588   -1.211   -1.759   -2.200   -2.528
   -2.778   -2.958   -3.071   -3.114   -3.095   -3.015   -2.879   -2.691
   -2.470   -2.235   -2.007   -1.811   -1.666   -1.588   -1.588   -1.678
   -1.837   -2.048   -2.285   -2.515   -2.706   -2.862   -2.927
CT1837:320            0.210   -0.589   -1.240   -1.822   -2.305   -2.681
   -2.981   -3.209   -3.369   -3.454   -3.472   -3.426   -3.320   -3.155
   -2.948   -2.716   -2.477   -2.252   -2.064   -1.930   -1.867   -1.890
   -1.986   -2.139   -2.328   -2.522   -2.686   -2.821   -2.876
CT1837:315            0.124   -0.671   -1.332   -1.930   -2.434   -2.833
   -3.155   -3.403   -3.580   -3.681   -3.713   -3.679   -3.582   -3.424
   -3.218   -2.980   -2.727   -2.480   -2.263   -2.097   -2.000   -1.991
   -2.061   -2.195   -2.372   -2.563   -2.732   -2.879   -2.957
CT1837:310            0.153   -0.654   -1.333   -1.949   -2.470   -2.881
   -3.209   -3.457   -3.629   -3.720   -3.740   -3.693   -3.581   -3.406
   -3.181   -2.924   -2.651   -2.386   -2.154   -1.977   -1.875   -1.867
   -1.942   -2.085   -2.271   -2.473   -2.650   -2.803   -2.887
CT1837:305            0.287   -0.549   -1.253   -1.889   -2.424   -2.837
   -3.156   -3.386   -3.531   -3.588   -3.570   -3.482   -3.328   -3.112
   -2.849   -2.559   -2.263   -1.989   -1.763   -1.606   -1.539   -1.577
   -1.705   -1.904   -2.146   -2.399   -2.624   -2.823   -2.952
CT1837:300            0.342   -0.498   -1.205   -1.842   -2.369   -2.760
   -3.047   -3.232   -3.323   -3.318   -3.232   -3.072   -2.847   -2.562
   -2.238   -1.900   -1.572   -1.292   -1.082   -0.966   -0.960   -1.076
   -1.287   -1.567   -1.884   -2.198   -2.471   -2.709   -2.859
CT1837:295            0.432   -0.414   -1.121   -1.751   -2.263   -2.623
   -2.864   -2.991   -3.011   -2.924   -2.750   -2.500   -2.183   -1.811
   -1.412   -1.014   -0.652   -0.370   -0.190   -0.134   -0.215   -0.438
   -0.764   -1.157   -1.578   -1.978   -2.320   -2.616   -2.803
CT1837:290            0.519   -0.323   -1.021   -1.637   -2.123   -2.442
   -2.629   -2.687   -2.625   -2.446   -2.173   -1.819   -1.401   -0.933
   -0.450    0.012    0.411    0.694    0.840    0.826    0.645    0.301
   -0.155   -0.675   -1.211   -1.705   -2.119   -2.475   -2.696
CT1837:285            0.604   -0.226   -0.906   -1.500   -1.955   -2.227
   -2.354   -2.340   -2.194   -1.921   -1.547   -1.091   -0.570   -0.007
    0.557    1.082    1.517    1.801    1.912    1.830    1.552    1.088
    0.506   -0.137   -0.784   -1.365   -1.842   -2.244   -2.479
CT1837:280            0.724   -0.094   -0.756   -1.328   -1.752   -1.981
   -2.053   -1.971   -1.750   -1.392   -0.929   -0.383    0.224    0.867
    1.500    2.076    2.538    2.818    2.896    2.749    2.381    1.805
    1.104    0.343   -0.413   -1.083   -1.632   -2.095   -2.367
CT1837:275            0.780   -0.006   -0.636   -1.174   -1.559   -1.742
   -1.760   -1.618   -1.330   -0.901   -0.367    0.249    0.923    1.625
    2.305    2.916    3.393    3.667    3.716    3.519    3.080    2.421
    1.630    0.780   -0.058   -0.796   -1.400   -1.906   -2.202
CT1837:270            0.935    0.166   -0.444   -0.959   -1.317   -1.466
   -1.446   -1.262   -0.928   -0.452    0.127    0.786    1.496    2.225
    2.923    3.542    4.016    4.275    4.296    4.062    3.578    2.865
    2.018    1.111    0.218   -0.572   -1.221   -1.769   -2.096
CT1837:265            1.039    0.304   -0.275   -0.761   -1.089   -1.207
   -1.157   -0.942   -0.579   -0.077    0.524    1.197    1.914    2.640
    3.326    3.925    4.375    4.608    4.606    4.350    3.846    3.117
    2.253    1.328    0.413   -0.403   -1.082   -1.662   -2.019
CT1837:260            1.224    0.510   -0.050   -0.517   -0.827   -0.929
   -0.863   -0.636   -0.264    0.242    0.840    1.501    2.196    2.889
    3.532    4.085    4.491    4.688    4.663    4.399    3.903    3.193
    2.352    1.448    0.546   -0.270   -0.958   -1.551   -1.928
CT1837:255            1.419    0.727    0.184   -0.267   -0.565   -0.659
   -0.590   -0.363    0.003    0.495    1.071    1.699    2.349    2.985
    3.563    4.048    4.392    4.543    4.493    4.228    3.754    3.083
    2.287    1.424    0.550   -0.259   -0.960   -1.579   -2.002
CT1837:250            1.631    0.962    0.434   -0.007   -0.298   -0.392
   -0.328   -0.113    0.235    0.702    1.244    1.828    2.423    2.991
    3.494    3.904    4.181    4.286    4.216    3.961    3.524    2.913
    2.185    1.387    0.570   -0.204   -0.888   -1.499   -1.931
CT1837:245            1.816    1.174    0.661    0.229   -0.060   -0.161
   -0.111    0.084    0.406    0.840    1.340    1.874    2.410    2.909
    3.338    3.675    3.887    3.946    3.854    3.603    3.196    2.633
    1.960    1.213    0.432   -0.332   -1.030   -1.671   -2.165
CT1837:240            2.045    1.427    0.920    0.489    0.191    0.072
    0.098    0.262    0.549    0.942    1.399    1.886    2.370    2.814
    3.188    3.472    3.640    3.670    3.568    3.328    2.951    2.437
    1.819    1.128    0.398   -0.330   -1.004   -1.630   -2.122
CT1837:235            2.172    1.593    1.101    0.675    0.367    0.226
    0.221    0.348    0.593    0.942    1.354    1.799    2.244    2.653
    2.996    3.254    3.402    3.420    3.313    3.078    2.716    2.223
    1.631    0.965    0.253   -0.466   -1.145   -1.785   -2.312
CT1837:230            2.409    1.853    1.356    0.914    0.576    0.391
    0.333    0.402    0.587    0.878    1.240    1.644    2.061    2.456
    2.797    3.061    3.220    3.252    3.158    2.936    2.585    2.105
    1.529    0.880    0.189   -0.509   -1.170   -1.793   -2.310
CT1837:225            2.503    1.994    1.505    1.054    0.684    0.447
    0.325    0.322    0.431    0.652    0.956    1.318    1.714    2.111
    2.474    2.772    2.971    3.039    2.974    2.770    2.427    1.949
    1.372    0.724    0.037   -0.654   -1.308   -1.927   -2.447
CT1837:220            2.742    2.255    1.749    1.263    0.833    0.512
    0.293    0.184    0.186    0.310    0.532    0.838    1.206    1.609
    2.004    2.354    2.614    2.742    2.727    2.559    2.239    1.773
    1.205    0.568   -0.104   -0.772   -1.400   -1.994   -2.493
CT1837:215            2.912    2.459    1.938    1.414    0.915    0.492
    0.151   -0.092   -0.226   -0.229   -0.113    0.116    0.441    0.841
    1.267    1.671    2.001    2.202    2.255    2.144    1.868    1.434
    0.892    0.279   -0.367   -1.008   -1.611   -2.181   -2.670
CT1837:210            3.149    2.723    2.177    1.602    1.015    0.465
   -0.027   -0.437   -0.743   -0.909   -0.932   -0.811   -0.555   -0.180
    0.261    0.711    1.111    1.395    1.534    1.507    1.309    0.947
    0.471   -0.079   -0.664   -1.247   -1.796   -2.318   -2.771
CT1837:205            3.328    2.943    2.380    1.757    1.079    0.389
   -0.274   -0.876   -1.383   -1.741   -1.936   -1.953   -1.797   -1.476
   -1.045   -0.570   -0.115    0.249    0.482    0.558    0.468    0.212
   -0.161   -0.614   -1.111   -1.621   -2.111   -2.586   -3.018
CT1837:200            3.567    3.224    2.643    1.972    1.198    0.358
   -0.489   -1.303   -2.033   -2.609   -3.002   -3.186   -3.160   -2.922
   -2.533   -2.060   -1.569   -1.135   -0.804   -0.610   -0.564   -0.675
   -0.903   -1.217   -1.586   -1.987   -2.389   -2.789   -3.174
CT1837:195            3.902    3.591    2.991    2.273    1.404    0.415
   -0.621   -1.651   -2.614   -3.422   -4.029   -4.400   -4.528   -4.402
   -4.083   -3.643   -3.145   -2.663   -2.248   -1.937   -1.749   -1.699
   -1.761   -1.914   -2.137   -2.418   -2.725   -3.048   -3.391
CT1837:190            4.150    3.904    3.318    2.585    1.655    0.547
   -0.649   -1.873   -3.049   -4.077   -4.893   -5.454   -5.744   -5.747
   -5.522   -5.142   -4.665   -4.162   -3.687   -3.278   -2.958   -2.750
   -2.644   -2.630   -2.699   -2.850   -3.055   -3.292   -3.584
CT1837:185            4.949    4.682    4.061    3.279    2.271    1.045
   -0.302   -1.703   -3.076   -4.309   -5.326   -6.074   -6.532   -6.678
   -6.568   -6.275   -5.851   -5.360   -4.860   -4.385   -3.962   -3.618
   -3.357   -3.182   -3.093   -3.102   -3.182   -3.305   -3.503
CT1837:180            5.210    5.039    4.487    3.757    2.770    1.520
    0.116   -1.377   -2.868   -4.240   -5.406   -6.306   -6.912   -7.196
   -7.210   -7.024   -6.684   -6.249   -5.772   -5.288   -4.823   -4.405
   -4.050   -3.771   -3.578   -3.494   -3.497   -3.555   -3.711
CT1837:175            6.192    6.003    5.458    4.737    3.758    2.502
    1.074   -0.464   -2.023   -3.487   -4.764   -5.789   -6.530   -6.952
   -7.102   -7.044   -6.819   -6.476   -6.070   -5.628   -5.173   -4.731
   -4.323   -3.968   -3.682   -3.494   -3.386   -3.327   -3.353
CT1837:170            6.469    6.405    5.992    5.404    4.555    3.414
    2.083    0.618   -0.899   -2.359   -3.668   -4.761   -5.599   -6.146
   -6.436   -6.526   -6.450   -6.251   -5.977   -5.650   -5.290   -4.917
   -4.554   -4.223   -3.941   -3.743   -3.619   -3.542   -3.547
CT1837:165            7.222    7.206    6.889    6.416    5.702    4.711
    3.528    2.198    0.792   -0.599   -1.886   -3.006   -3.917   -4.580
   -5.017   -5.274   -5.375   -5.356   -5.258   -5.098   -4.889   -4.642
   -4.378   -4.114   -3.871   -3.673   -3.522   -3.400   -3.324
CT1837:160            7.505    7.630    7.494    7.220    6.728    5.976
    5.034    3.934    2.729    1.489    0.292   -0.801   -1.750   -2.513
   -3.097   -3.533   -3.837   -4.035   -4.158   -4.220   -4.225   -4.177
   -4.089   -3.975   -3.850   -3.733   -3.635   -3.547   -3.476
CT1837:155            7.961    8.186    8.212    8.128    7.864    7.374
    6.706    5.877    4.920    3.876    2.813    1.781    0.820   -0.029
   -0.759   -1.380   -1.902   -2.337   -2.709   -3.024   -3.283   -3.476
   -3.611   -3.692   -3.730   -3.730   -3.713   -3.683   -3.627
CT1837:150            8.219    8.579    8.796    8.929    8.921    8.720
    8.357    7.832    7.157    6.345    5.449    4.510    3.565    2.652
    1.794    0.997    0.263   -0.410   -1.037   -1.617   -2.143   -2.598
   -2.978   -3.279   -3.503   -3.643   -3.724   -3.767   -3.734
CT1837:145            8.504    8.967    9.349    9.675    9.901    9.974
    9.901    9.669    9.270    8.692    7.971    7.139    6.229    5.273
    4.309    3.357    2.428    1.528    0.656   -0.184   -0.979   -1.700
   -2.337   -2.874   -3.305   -3.609   -3.814   -3.956   -3.974
CT1837:140            8.690    9.254    9.787   10.289   10.727   11.042
   11.229   11.258   11.108   10.745   10.193    9.472    8.614    7.644
    6.609    5.540    4.453    3.364    2.279    1.211    0.177   -0.787
   -1.656   -2.409   -3.030   -3.481   -3.793   -4.014   -4.059
CT1837:135            8.804    9.447   10.099   10.738   11.339   11.845
   12.233   12.467   12.514   12.326   11.916   11.299   10.502    9.544
    8.475    7.334    6.138    4.907    3.657    2.404    1.173    0.006
   -1.063   -2.001   -2.787   -3.365   -3.767   -4.053   -4.111
CT1837:130            8.879    9.567   10.291   11.015   11.720   12.346
   12.862   13.228   13.404   13.334   13.028   12.496   11.760   10.834
    9.769    8.601    7.350    6.033    4.674    3.292    1.916    0.596
   -0.627   -1.711   -2.628   -3.309   -3.785   -4.125   -4.196
CT1837:125            8.782    9.506   10.272   11.039   11.793   12.472
   13.044   13.467   13.702   13.693   13.449   12.978   12.300   11.424
   10.394    9.246    7.994    6.653    5.250    3.806    2.353    0.946
   -0.367   -1.537   -2.529   -3.265   -3.771   -4.124   -4.174
CT1837:120            8.723    9.426   10.164   10.904   11.628   12.276
   12.818   13.215   13.431   13.417   13.184   12.740   12.104   11.280
   10.306    9.211    8.003    6.692    5.304    3.860    2.394    0.963
   -0.380   -1.583   -2.607   -3.364   -3.882   -4.239   -4.277
CT1837:115            8.577    9.230    9.897   10.556   11.189   11.737
   12.178   12.478   12.610   12.535   12.268   11.819   11.207   10.434
    9.529    8.514    7.388    6.158    4.845    3.468    2.061    0.679
   -0.622   -1.787   -2.775   -3.498   -3.976   -4.292   -4.280
CT1837:110            8.385    8.950    9.497   10.022   10.503   10.887
   11.162   11.303   11.293   11.106   10.762   10.277    9.667    8.934
    8.101    7.179    6.162    5.050    3.858    2.603    1.314    0.044
   -1.154   -2.226   -3.131   -3.781   -4.198   -4.458   -4.406
CT1837:105            8.160    8.604    8.987    9.331    9.609    9.776
    9.832    9.765    9.567    9.228    8.774    8.225    7.595    6.892
    6.127    5.306    4.416    3.453    2.423    1.339    0.224   -0.876
   -1.910   -2.829   -3.596   -4.128   -4.445   -4.617   -4.502
CT1837:100            7.863    8.169    8.360    8.490    8.529    8.441
    8.243    7.932    7.514    6.996    6.408    5.773    5.108    4.424
    3.724    3.006    2.255    1.461    0.622   -0.256   -1.155   -2.038
   -2.861   -3.584   -4.172   -4.555   -4.749   -4.817   -4.638
CT1837:095            7.598    7.733    7.698    7.580    7.345    6.970
    6.487    5.906    5.245    4.527    3.788    3.054    2.343    1.670
    1.033    0.419   -0.186   -0.798   -1.428   -2.077   -2.734   -3.370
   -3.954   -4.451   -4.835   -5.047   -5.105   -5.062   -4.823
CT1837:090            7.235    7.205    6.941    6.571    6.055    5.383
    4.607    3.748    2.838    1.916    1.024    0.190   -0.565   -1.224
   -1.795   -2.297   -2.748   -3.169   -3.579   -3.986   -4.386   -4.759
   -5.084   -5.336   -5.496   -5.521   -5.428   -5.258   -4.947
CT1837:085            6.990    6.762    6.245    5.600    4.784    3.803
    2.723    1.580    0.418   -0.708   -1.751   -2.680   -3.475   -4.113
   -4.610   -4.995   -5.289   -5.518   -5.712   -5.882   -6.033   -6.153
   -6.230   -6.250   -6.201   -6.056   -5.833   -5.565   -5.219
CT1837:080            6.615    6.222    5.478    4.584    3.490    2.219
    0.854   -0.556   -1.952   -3.263   -4.439   -5.442   -6.254   -6.850
   -7.254   -7.508   -7.635   -7.669   -7.649   -7.591   -7.503   -7.382
   -7.223   -7.019   -6.765   -6.448   -6.089   -5.708   -5.302
CT1837:075            6.257    5.706    4.748    3.618    2.264    0.721
   -0.910   -2.567   -4.177   -5.651   -6.935   -7.989   -8.796   -9.328
   -9.624   -9.735   -9.692   -9.539   -9.321   -9.061   -8.769   -8.446
   -8.094   -7.710   -7.296   -6.851   -6.398   -5.949   -5.530
CT1837:070            5.921    5.233    4.089    2.754    1.172   -0.611
   -2.475   -4.347   -6.141   -7.749   -9.112  -10.187  -10.960  -11.404
  -11.570  -11.523  -11.307  -10.972  -10.573  -10.134   -9.670   -9.182
   -8.674   -8.145   -7.600   -7.048   -6.512   -5.997   -5.550
CT1837:065            5.685    4.873    3.569    2.060    0.286   -1.696
   -3.756   -5.805   -7.745   -9.452  -10.861  -11.928  -12.639  -12.973
  -12.993  -12.782  -12.391  -11.886  -11.325  -10.736  -10.133   -9.518
   -8.892   -8.252   -7.604   -6.960   -6.341   -5.748   -5.234
CT1837:060            5.431    4.532    3.116    1.484   -0.426   -2.550
   -4.747   -6.920   -8.959  -10.722  -12.143  -13.175  -13.805  -14.017
  -13.889  -13.518  -12.971  -12.322  -11.636  -10.944  -10.258   -9.581
   -8.905   -8.229   -7.554   -6.893   -6.268   -5.676   -5.175
CT1837:055            5.412    4.430    2.929    1.210   -0.788   -3.000
   -5.278   -7.518   -9.604  -11.381  -12.779  -13.749  -14.284  -14.370
  -14.100  -13.583  -12.898  -12.132  -11.351  -10.587   -9.852   -9.145
   -8.450   -7.760   -7.072   -6.393   -5.738   -5.107   -4.540
CT1837:050            5.270    4.266    2.751    1.022   -0.983   -3.195
   -5.469   -7.696   -9.756  -11.489  -12.823  -13.709  -14.143  -14.115
  -13.730  -13.104  -12.328  -11.495  -10.676   -9.903   -9.185   -8.520
   -7.884   -7.263   -6.650   -6.047   -5.464   -4.900   -4.390
CT1837:045            5.212    4.219    2.741    1.062   -0.876   -3.008
   -5.191   -7.322   -9.282  -10.911  -12.140  -12.922  -13.254  -13.133
  -12.668  -11.981  -11.165  -10.321   -9.517   -8.784   -8.132   -7.553
   -7.018   -6.506   -6.003   -5.503   -5.011   -4.528   -4.072
CT1837:040            5.195    4.245    2.857    1.288   -0.511   -2.477
   -4.482   -6.429   -8.208   -9.669  -10.751  -11.410  -11.648  -11.465
  -10.970  -10.280   -9.490   -8.701   -7.975   -7.343   -6.810   -6.370
   -5.984   -5.626   -5.278   -4.925   -4.564   -4.201   -3.837
CT1837:035            5.207    4.336    3.089    1.690    0.101   -1.618
   -3.359   -5.036   -6.555   -7.788   -8.681   -9.202   -9.354   -9.142
   -8.667   -8.036   -7.339   -6.670   -6.084   -5.607   -5.242   -4.979
   -4.776   -4.604   -4.437   -4.252   -4.043   -3.816   -3.555
CT1837:030            5.296    4.519    3.445    2.255    0.927   -0.483
   -1.891   -3.229   -4.425   -5.378   -6.052   -6.425   -6.503   -6.296
   -5.890   -5.378   -4.837   -4.349   -3.957   -3.683   -3.526   -3.474
   -3.481   -3.515   -3.546   -3.544   -3.496   -3.415   -3.263
CT1837:025            5.384    4.723    3.852    2.905    1.879    0.825
   -0.201   -1.152   -1.982   -2.623   -3.059   -3.280   -3.297   -3.125
   -2.829   -2.482   -2.146   -1.886   -1.732   -1.699   -1.783   -1.968
   -2.209   -2.470   -2.721   -2.923   -3.065   -3.163   -3.163
CT1837:020            5.539    4.996    4.334    3.640    2.927    2.244
    1.616    1.067    0.616    0.293    0.094    0.017    0.046    0.164
    0.327    0.486    0.597    0.611    0.513    0.297   -0.029   -0.446
   -0.908   -1.378   -1.823   -2.201   -2.498   -2.736   -2.843
CT1837:015            5.395    5.020    4.602    4.187    3.804    3.498
    3.267    3.111    3.026    3.004    3.024    3.071    3.129    3.181
    3.201    3.166    3.046    2.810    2.458    1.989    1.414    0.755
    0.057   -0.644   -1.317   -1.921   -2.445   -2.912   -3.259
CT1837:010            5.562    5.296    5.066    4.874    4.763    4.772
    4.871    5.041    5.255    5.473    5.662    5.799    5.868    5.850
    5.741    5.537    5.223    4.782    4.225    3.556    2.791    1.955
    1.092    0.238   -0.577   -1.308   -1.947   -2.520   -2.954
CT1837:005            5.490    5.360    5.317    5.336    5.466    5.737
    6.101    6.524    6.961    7.351    7.653    7.840    7.901    7.819
    7.604    7.269    6.808    6.217    5.511    4.700    3.801    2.840
    1.860    0.895   -0.025   -0.856   -1.591   -2.259   -2.781
CT1838:360            5.613    5.557    5.631    5.784    6.068    6.502
    7.025    7.591    8.144    8.612    8.953    9.140    9.168    9.023
    8.729    8.307    7.758    7.084    6.302    5.424    4.464    3.450
    2.420    1.407    0.438   -0.443   -1.231   -1.953   -2.529
