CT1866:360           10.493    9.763    8.957    8.150    7.382    6.721
    6.170    5.742    5.436    5.251    5.152    5.109    5.091    5.067
    5.003    4.880    4.670    4.345    3.892    3.283    2.487    1.447
    0.165   -1.365   -3.125   -5.123   -7.231   -9.371  -11.449
CT1866:355           10.672    9.948    9.176    8.415    7.707    7.117
    6.642    6.291    6.062    5.952    5.923    5.944    5.984    6.006
    5.977    5.876    5.675    5.344    4.872    4.232    3.394    2.304
    0.965   -0.625   -2.447   -4.508   -6.675   -8.872  -10.997
CT1866:350           10.681    9.991    9.272    8.573    7.934    7.419
    7.021    6.746    6.590    6.549    6.583    6.663    6.755    6.822
    6.829    6.754    6.565    6.229    5.738    5.063    4.177    3.028
    1.624   -0.034   -1.928   -4.059   -6.298   -8.564  -10.757
CT1866:345           10.944   10.239    9.536    8.863    8.264    7.798
    7.452    7.231    7.128    7.136    7.217    7.341    7.475    7.579
    7.619    7.569    7.395    7.059    6.554    5.851    4.925    3.727
    2.271    0.561   -1.380   -3.551   -5.821   -8.113  -10.318
CT1866:340           10.943   10.264    9.602    8.976    8.431    8.021
    7.731    7.562    7.508    7.559    7.679    7.837    8.003    8.138
    8.205    8.177    8.014    7.677    7.155    6.423    5.455    4.206
    2.696    0.933   -1.058   -3.275   -5.589   -7.922  -10.167
CT1866:335           10.975   10.310    9.676    9.083    8.576    8.207
    7.956    7.825    7.802    7.879    8.020    8.197    8.381    8.532
    8.615    8.601    8.446    8.109    7.576    6.822    5.825    4.541
    2.998    1.204   -0.811   -3.046   -5.370   -7.712   -9.962
CT1866:330           10.958   10.307    9.694    9.125    8.646    8.304
    8.079    7.969    7.961    8.046    8.190    8.367    8.548    8.699
    8.784    8.771    8.617    8.277    7.736    6.968    5.952    4.650
    3.089    1.282   -0.742   -2.979   -5.305   -7.650   -9.905
CT1866:325           10.915   10.271    9.671    9.115    8.649    8.319
    8.101    7.992    7.980    8.053    8.179    8.334    8.494    8.625
    8.694    8.670    8.510    8.165    7.621    6.852    5.837    4.539
    2.987    1.196   -0.808   -3.021   -5.324   -7.646   -9.887
CT1866:320           10.879   10.232    9.629    9.070    8.599    8.259
    8.028    7.899    7.859    7.897    7.984    8.096    8.213    8.305
    8.341    8.293    8.117    7.766    7.225    6.468    5.473    4.205
    2.691    0.943   -1.012   -3.176   -5.433   -7.713   -9.924
CT1866:315           10.812   10.158    9.542    8.968    8.477    8.110
    7.846    7.677    7.590    7.573    7.600    7.651    7.707    7.743
    7.732    7.647    7.448    7.091    6.559    5.827    4.872    3.659
    2.210    0.535   -1.343   -3.429   -5.615   -7.830   -9.992
CT1866:310           10.759   10.086    9.442    8.835    8.305    7.892
    7.573    7.344    7.190    7.101    7.051    7.025    7.005    6.972
    6.901    6.768    6.540    6.175    5.658    4.960    4.062    2.923
    1.563   -0.015   -1.793   -3.782   -5.879   -8.012  -10.114
CT1866:305           10.595    9.914    9.247    8.608    8.035    7.567
    7.185    6.885    6.654    6.482    6.347    6.235    6.133    6.023
    5.885    5.701    5.440    5.068    4.567    3.912    3.080    2.032
    0.777   -0.686   -2.347   -4.222   -6.216   -8.254  -10.284
CT1866:300           10.531    9.818    9.102    8.408    7.770    7.227
    6.763    6.375    6.053    5.788    5.561    5.358    5.168    4.977
    4.771    4.531    4.235    3.854    3.371    2.762    2.002    1.051
   -0.091   -1.430   -2.963   -4.713   -6.592   -8.524  -10.471
CT1866:295           10.238    9.531    8.794    8.066    7.377    6.768
    6.229    5.759    5.351    4.998    4.683    4.395    4.123    3.858
    3.587    3.297    2.969    2.580    2.115    1.549    0.859    0.002
   -1.028   -2.245   -3.650   -5.277   -7.041   -8.868  -10.735
CT1866:290           10.172    9.424    8.628    7.833    7.068    6.373
    5.743    5.180    4.678    4.234    3.832    3.462    3.114    2.780
    2.450    2.113    1.755    1.358    0.906    0.380   -0.247   -1.017
   -1.942   -3.043   -4.325   -5.828   -7.475   -9.191  -10.966
CT1866:285            9.885    9.140    8.318    7.486    6.666    5.904
    5.200    4.560    3.980    3.461    2.987    2.549    2.140    1.752
    1.376    1.004    0.623    0.221   -0.218   -0.713   -1.288   -1.985
   -2.821   -3.819   -4.991   -6.379   -7.914   -9.522  -11.203
CT1866:280            9.823    9.037    8.158    7.262    6.371    5.531
    4.748    4.028    3.373    2.784    2.246    1.752    1.292    0.861
    0.449    0.048   -0.352   -0.761   -1.194   -1.669   -2.209   -2.852
   -3.621   -4.540   -5.622   -6.913   -8.350   -9.862  -11.454
CT1866:275            9.606    8.812    7.904    6.971    6.032    5.138
    4.297    3.520    2.810    2.171    1.590    1.058    0.566    0.108
   -0.325   -0.745   -1.159   -1.576   -2.011   -2.480   -3.003   -3.619
   -4.348   -5.216   -6.236   -7.456   -8.818  -10.254  -11.774
CT1866:270            9.557    8.727    7.774    6.793    5.803    4.856
    3.964    3.140    2.388    1.713    1.103    0.548    0.038   -0.434
   -0.881   -1.312   -1.737   -2.166   -2.611   -3.086   -3.611   -4.219
   -4.932   -5.772   -6.752   -7.917   -9.215  -10.581  -12.026
CT1866:265            9.417    8.571    7.594    6.585    5.566    4.589
    3.670    2.822    2.051    1.364    0.746    0.186   -0.326   -0.801
   -1.253   -1.693   -2.132   -2.579   -3.047   -3.547   -4.099   -4.732
   -5.462   -6.312   -7.292   -8.445   -9.721  -11.062  -12.477
CT1866:260            9.382    8.512    7.508    6.474    5.431    4.436
    3.505    2.651    1.880    1.198    0.589    0.041   -0.462   -0.930
   -1.380   -1.826   -2.278   -2.748   -3.245   -3.782   -4.372   -5.043
   -5.806   -6.677   -7.667   -8.809  -10.059  -11.363  -12.721
CT1866:255            9.372    8.477    7.453    6.401    5.346    4.348
    3.422    2.580    1.828    1.171    0.588    0.063   -0.419   -0.875
   -1.321   -1.773   -2.244   -2.745   -3.285   -3.873   -4.522   -5.252
   -6.073   -6.994   -8.022   -9.185  -10.439  -11.737  -13.068
CT1866:250            9.353    8.444    7.412    6.356    5.305    4.320
    3.416    2.606    1.891    1.274    0.731    0.243   -0.210   -0.646
   -1.086   -1.545   -2.037   -2.574   -3.162   -3.810   -4.525   -5.327
   -6.215   -7.196   -8.271   -9.461  -10.722  -12.012  -13.305
CT1866:245            9.409    8.480    7.438    6.378    5.332    4.367
    3.493    2.721    2.052    1.484    0.988    0.543    0.124   -0.291
   -0.724   -1.190   -1.705   -2.283   -2.925   -3.638   -4.428   -5.309
   -6.275   -7.327   -8.463   -9.693  -10.973  -12.266  -13.527
CT1866:240            9.404    8.472    7.434    6.385    5.358    4.423
    3.587    2.862    2.245    1.731    1.287    0.887    0.506    0.115
   -0.309   -0.780   -1.317   -1.934   -2.629   -3.409   -4.277   -5.240
   -6.289   -7.421   -8.625   -9.906  -11.214  -12.520  -13.758
CT1866:235            9.466    8.523    7.486    6.443    5.431    4.521
    3.720    3.035    2.463    1.997    1.599    1.241    0.895    0.528
    0.117   -0.356   -0.909   -1.559   -2.302   -3.143   -4.083   -5.127
   -6.259   -7.468   -8.743  -10.075  -11.414  -12.732  -13.942
CT1866:230            9.474    8.534    7.508    6.479    5.486    4.603
    3.831    3.180    2.645    2.216    1.855    1.532    1.216    0.874
    0.479    0.013   -0.548   -1.221   -2.003   -2.897   -3.903   -5.023
   -6.235   -7.524   -8.871  -10.261  -11.637  -12.978  -14.171
CT1866:225            9.495    8.559    7.542    6.524    5.547    4.680
    3.927    3.296    2.781    2.373    2.034    1.733    1.440    1.121
    0.745    0.293   -0.264   -0.946   -1.753   -2.687   -3.746   -4.932
   -6.215   -7.576   -8.990  -10.433  -11.841  -13.199  -14.370
CT1866:220            9.513    8.585    7.578    6.570    5.602    4.744
    3.998    3.370    2.857    2.452    2.117    1.825    1.545    1.244
    0.889    0.456   -0.087   -0.767   -1.585   -2.546   -3.647   -4.888
   -6.234   -7.660   -9.137  -10.630  -12.071  -13.448  -14.604
CT1866:215            9.581    8.652    7.647    6.642    5.674    4.812
    4.057    3.417    2.889    2.467    2.119    1.819    1.540    1.250
    0.913    0.501   -0.022   -0.690   -1.508   -2.482   -3.613   -4.896
   -6.293   -7.772   -9.301  -10.834  -12.300  -13.689  -14.823
CT1866:210            9.606    8.687    7.689    6.688    5.721    4.852
    4.083    3.422    2.868    2.418    2.044    1.725    1.435    1.145
    0.820    0.427   -0.077   -0.730   -1.540   -2.520   -3.669   -4.983
   -6.419   -7.942   -9.511  -11.077  -12.561  -13.956  -15.067
CT1866:205            9.808    8.866    7.850    6.832    5.846    4.955
    4.158    3.463    2.871    2.381    1.968    1.615    1.301    0.997
    0.670    0.283   -0.209   -0.850   -1.653   -2.634   -3.792   -5.127
   -6.589   -8.140   -9.736  -11.319  -12.807  -14.196  -15.273
CT1866:200            9.842    8.910    7.900    6.885    5.898    4.996
    4.182    3.464    2.841    2.314    1.864    1.474    1.127    0.799
    0.455    0.060   -0.433   -1.072   -1.874   -2.857   -4.024   -5.373
   -6.853   -8.422  -10.033  -11.624  -13.109  -14.486  -15.529
CT1866:195            9.913    8.987    7.978    6.963    5.972    5.061
    4.232    3.494    2.844    2.285    1.798    1.368    0.980    0.613
    0.237   -0.185   -0.699   -1.353   -2.167   -3.160   -4.337   -5.696
   -7.186   -8.762  -10.378  -11.965  -13.437  -14.793  -15.798
CT1866:190            9.959    9.044    8.044    7.034    6.044    5.130
    4.295    3.546    2.881    2.298    1.779    1.310    0.878    0.463
    0.038   -0.430   -0.985   -1.672   -2.513   -3.527   -4.718   -6.086
   -7.579   -9.153  -10.761  -12.330  -13.778  -15.102  -16.062
CT1866:185            9.952    9.061    8.077    7.080    6.100    5.192
    4.360    3.610    2.939    2.342    1.800    1.297    0.820    0.351
   -0.135   -0.665   -1.279   -2.019   -2.904   -3.951   -5.164   -6.542
   -8.035   -9.600  -11.191  -12.735  -14.149  -15.436  -16.347
CT1866:180           10.005    9.128    8.154    7.165    6.190    5.286
    4.457    3.709    3.036    2.431    1.870    1.337    0.817    0.290
   -0.263   -0.867   -1.555   -2.363   -3.305   -4.396   -5.638   -7.028
   -8.518  -10.069  -11.635  -13.143  -14.515  -15.755  -16.610
CT1866:175           10.180    9.295    8.313    7.319    6.338    5.430
    4.597    3.846    3.168    2.553    1.975    1.415    0.854    0.271
   -0.352   -1.034   -1.804   -2.690   -3.700   -4.844   -6.122   -7.526
   -9.015  -10.548  -12.084  -13.551  -14.875  -16.063  -16.861
CT1866:170           10.241    9.372    8.401    7.415    6.439    5.532
    4.700    3.946    3.264    2.642    2.052    1.470    0.877    0.246
   -0.439   -1.194   -2.043   -3.008   -4.090   -5.293   -6.611   -8.034
   -9.522  -11.037  -12.541  -13.964  -15.237  -16.370  -17.109
CT1866:165           10.408    9.534    8.560    7.568    6.585    5.668
    4.822    4.054    3.357    2.720    2.112    1.509    0.888    0.219
   -0.518   -1.337   -2.260   -3.302   -4.457   -5.722   -7.086   -8.534
  -10.027  -11.531  -13.010  -14.396  -15.627  -16.717  -17.413
CT1866:160           10.480    9.624    8.660    7.676    6.694    5.769
    4.910    4.124    3.407    2.751    2.126    1.507    0.867    0.172
   -0.602   -1.469   -2.451   -3.559   -4.779   -6.102   -7.512   -8.985
  -10.484  -11.975  -13.426  -14.770  -15.951  -16.988  -17.628
CT1866:155           10.554    9.715    8.763    7.786    6.803    5.867
    4.989    4.178    3.435    2.755    2.110    1.475    0.822    0.112
   -0.685   -1.586   -2.614   -3.779   -5.059   -6.440   -7.897   -9.402
  -10.916  -12.406  -13.841  -15.156  -16.304  -17.306  -17.911
CT1866:150           10.634    9.814    8.874    7.905    6.924    5.976
    5.078    4.241    3.469    2.762    2.097    1.451    0.791    0.075
   -0.732   -1.653   -2.715   -3.925   -5.257   -6.690   -8.193   -9.731
  -11.261  -12.751  -14.170  -15.456  -16.565  -17.524  -18.082
CT1866:145           10.691    9.895    8.973    8.018    7.042    6.089
    5.176    4.317    3.520    2.790    2.110    1.455    0.794    0.079
   -0.732   -1.665   -2.753   -4.002   -5.383   -6.868   -8.421   -9.998
  -11.554  -13.055  -14.473  -15.744  -16.832  -17.766  -18.298
CT1866:140           10.774    9.998    9.093    8.153    7.185    6.232
    5.311    4.438    3.625    2.880    2.190    1.533    0.874    0.163
   -0.647   -1.590   -2.699   -3.985   -5.411   -6.947   -8.549  -10.165
  -11.750  -13.266  -14.685  -15.942  -17.009  -17.916  -18.414
CT1866:135           10.778   10.037    9.162    8.248    7.303    6.364
    5.451    4.581    3.766    3.020    2.331    1.676    1.023    0.316
   -0.497   -1.451   -2.585   -3.908   -5.382   -6.971   -8.625  -10.289
  -11.912  -13.456  -14.894  -16.159  -17.227  -18.134  -18.631
CT1866:130           10.859   10.138    9.285    8.393    7.469    6.549
    5.653    4.796    3.992    3.254    2.570    1.921    1.271    0.562
   -0.259   -1.229   -2.389   -3.749   -5.267   -6.902   -8.603  -10.308
  -11.963  -13.531  -14.982  -16.249  -17.311  -18.207  -18.686
CT1866:125           10.876   10.185    9.363    8.502    7.610    6.722
    5.856    5.026    4.244    3.523    2.851    2.206    1.554    0.836
   -0.002   -0.995   -2.185   -3.580   -5.135   -6.810   -8.550  -10.290
  -11.976  -13.567  -15.037  -16.314  -17.382  -18.280  -18.757
CT1866:120           10.947   10.274    9.474    8.638    7.774    6.917
    6.083    5.283    4.526    3.821    3.154    2.505    1.839    1.099
    0.235   -0.787   -2.006   -3.428   -5.009   -6.708   -8.469  -10.229
  -11.932  -13.539  -15.021  -16.308  -17.380  -18.280  -18.754
CT1866:115           11.048   10.385    9.602    8.785    7.946    7.118
    6.312    5.539    4.802    4.104    3.433    2.765    2.071    1.296
    0.398   -0.654   -1.895   -3.328   -4.912   -6.607   -8.361  -10.112
  -11.807  -13.408  -14.882  -16.159  -17.215  -18.096  -18.538
CT1866:110           11.103   10.452    9.683    8.883    8.065    7.260
    6.477    5.722    4.993    4.289    3.595    2.891    2.151    1.327
    0.385   -0.698   -1.953   -3.381   -4.946   -6.612   -8.335  -10.058
  -11.734  -13.322  -14.792  -16.071  -17.135  -18.024  -18.476
CT1866:105           11.217   10.560    9.791    8.993    8.179    7.381
    6.604    5.847    5.107    4.375    3.637    2.877    2.073    1.189
    0.201   -0.909   -2.162   -3.561   -5.077   -6.681   -8.339  -10.002
  -11.628  -13.179  -14.625  -15.892  -16.948  -17.832  -18.279
CT1866:100           11.255   10.600    9.831    9.033    8.218    7.417
    6.630    5.856    5.086    4.307    3.507    2.675    1.796    0.846
   -0.187   -1.314   -2.550   -3.899   -5.339   -6.855   -8.420  -10.000
  -11.558  -13.061  -14.478  -15.735  -16.794  -17.688  -18.156
CT1866:095           11.339   10.667    9.879    9.060    8.223    7.395
    6.577    5.762    4.940    4.094    3.217    2.301    1.341    0.324
   -0.750   -1.884   -3.089   -4.368   -5.715   -7.121   -8.575  -10.055
  -11.533  -12.980  -14.365  -15.618  -16.693  -17.614  -18.131
CT1866:090           11.359   10.680    9.875    9.035    8.171    7.306
    6.443    5.573    4.686    3.765    2.806    1.807    0.771   -0.301
   -1.401   -2.526   -3.683   -4.876   -6.110   -7.389   -8.712  -10.075
  -11.455  -12.828  -14.164  -15.397  -16.471  -17.403  -17.951
CT1866:085           11.464   10.753    9.909    9.026    8.113    7.191
    6.263    5.322    4.358    3.356    2.315    1.240    0.140   -0.973
   -2.083   -3.186   -4.282   -5.380   -6.496   -7.643   -8.833  -10.074
  -11.351  -12.646  -13.929  -15.139  -16.211  -17.153  -17.732
CT1866:080           11.470   10.743    9.869    8.950    7.989    7.009
    6.015    5.003    3.964    2.887    1.778    0.646   -0.495   -1.626
   -2.727   -3.790   -4.818   -5.818   -6.817   -7.837   -8.900  -10.025
  -11.205  -12.425  -13.659  -14.849  -15.923  -16.882  -17.501
CT1866:075           11.556   10.797    9.880    8.910    7.890    6.843
    5.777    4.692    3.582    2.443    1.283    0.115   -1.043   -2.167
   -3.237   -4.247   -5.197   -6.100   -6.987   -7.889   -8.834   -9.849
  -10.934  -12.077  -13.252  -14.409  -15.465  -16.416  -17.042
CT1866:070           11.557   10.780    9.828    8.817    7.745    6.638
    5.509    4.362    3.196    2.014    0.827   -0.349   -1.497   -2.591
   -3.612   -4.558   -5.431   -6.245   -7.039   -7.845   -8.696   -9.629
  -10.645  -11.738  -12.882  -14.032  -15.103  -16.081  -16.759
CT1866:065           11.532   10.743    9.764    8.718    7.603    6.445
    5.266    4.072    2.870    1.668    0.480   -0.679   -1.791   -2.832
   -3.787   -4.660   -5.453   -6.186   -6.899   -7.627   -8.406   -9.276
  -10.240  -11.295  -12.416  -13.562  -14.645  -15.645  -16.363
CT1866:060           11.539   10.735    9.727    8.648    7.494    6.294
    5.077    3.853    2.634    1.435    0.268   -0.850   -1.906   -2.876
   -3.755   -4.549   -5.267   -5.930   -6.581   -7.254   -7.988   -8.821
   -9.761  -10.802  -11.923  -13.087  -14.202  -15.246  -16.029
CT1866:055           11.423   10.631    9.619    8.531    7.361    6.145
    4.915    3.688    2.479    1.308    0.188   -0.867   -1.846   -2.733
   -3.526   -4.240   -4.886   -5.492   -6.097   -6.737   -7.450   -8.274
   -9.213  -10.265  -11.406  -12.606  -13.771  -14.875  -15.740
CT1866:050           11.444   10.644    9.619    8.516    7.333    6.109
    4.879    3.665    2.484    1.359    0.303   -0.675   -1.567   -2.362
   -3.068   -3.703   -4.285   -4.845   -5.420   -6.045   -6.755   -7.587
   -8.544   -9.620  -10.794  -12.036  -13.255  -14.420  -15.363
CT1866:045           11.363   10.580    9.566    8.474    7.303    6.097
    4.895    3.719    2.591    1.536    0.562   -0.323   -1.118   -1.818
   -2.438   -3.000   -3.528   -4.054   -4.615   -5.242   -5.968   -6.828
   -7.820   -8.939  -10.162  -11.463  -12.750  -13.990  -15.024
CT1866:040           11.399   10.619    9.612    8.530    7.376    6.199
    5.038    3.917    2.857    1.884    1.003    0.215   -0.482   -1.089
   -1.629   -2.127   -2.612   -3.117   -3.675   -4.317   -5.070   -5.969
   -7.007   -8.177   -9.457  -10.821  -12.179  -13.495  -14.618
CT1866:035           11.396   10.634    9.651    8.597    7.479    6.352
    5.252    4.205    3.231    2.354    1.574    0.889    0.291   -0.229
   -0.697   -1.142   -1.594   -2.089   -2.655   -3.320   -4.108   -5.051
   -6.140   -7.366   -8.705  -10.136  -11.565  -12.956  -14.162
CT1866:030           11.444   10.697    9.740    8.720    7.646    6.579
    5.552    4.590    3.711    2.936    2.260    1.676    1.170    0.729
    0.321   -0.083   -0.514   -1.010   -1.592   -2.287   -3.115   -4.108
   -5.254   -6.541   -7.948   -9.454  -10.964  -12.441  -13.744
CT1866:025           11.358   10.656    9.753    8.791    7.786    6.800
    5.864    5.002    4.229    3.563    2.994    2.509    2.091    1.720
    1.363    0.991    0.571    0.070   -0.533   -1.259   -2.129   -3.171
   -4.372   -5.722   -7.199   -8.782  -10.377  -11.944  -13.344
CT1866:020           11.412   10.735    9.873    8.961    8.018    7.109
    6.262    5.497    4.827    4.265    3.794    3.399    3.058    2.747
    2.430    2.081    1.667    1.155    0.531   -0.226   -1.134   -2.222
   -3.477   -4.888   -6.433   -8.094   -9.775  -11.432  -12.931
CT1866:015           11.371   10.738    9.933    9.086    8.218    7.397
    6.645    5.981    5.414    4.954    4.578    4.267    3.997    3.737
    3.455    3.124    2.711    2.188    1.543    0.758   -0.187   -1.320
   -2.628   -4.102   -5.719   -7.464   -9.239  -10.995  -12.604
CT1866:010           11.418   10.814   10.057    9.266    8.467    7.726
    7.062    6.491    6.019    5.651    5.361    5.126    4.918    4.705
    4.454    4.139    3.730    3.199    2.538    1.729    0.754   -0.419
   -1.774   -3.304   -4.987   -6.810   -8.668  -10.513  -12.218
CT1866:005           11.614   11.010   10.280    9.526    8.779    8.104
    7.514    7.022    6.631    6.343    6.128    5.960    5.809    5.639
    5.417    5.120    4.718    4.184    3.512    2.684    1.683    0.477
   -0.921   -2.502   -4.244   -6.133   -8.063   -9.981  -11.761
CT1867:360           11.643   11.068   10.384    9.684    9.000    8.397
    7.882    7.469    7.157    6.945    6.802    6.697    6.602    6.477
    6.289    6.015    5.625    5.092    4.412    3.566    2.539    1.296
   -0.148   -1.784   -3.588   -5.549   -7.557   -9.558  -11.424
