CT1849:360            9.797    8.843    7.647    6.384    5.077    3.819
    2.653    1.618    0.740    0.051   -0.469   -0.835   -1.078   -1.227
   -1.340   -1.469   -1.667   -1.992   -2.464   -3.105   -3.919   -4.906
   -6.013   -7.199   -8.416   -9.604  -10.703  -11.723  -12.525
CT1849:355           10.223    9.368    8.304    7.189    6.051    4.982
    4.015    3.177    2.483    1.949    1.547    1.249    1.024    0.833
    0.627    0.365    0.001   -0.508   -1.169   -1.991   -2.967   -4.085
   -5.289   -6.535   -7.775   -8.944   -9.994  -10.947  -11.647
CT1849:350           10.484    9.757    8.848    7.902    6.950    6.081
    5.317    4.678    4.169    3.792    3.509    3.288    3.090    2.872
    2.589    2.208    1.687    0.995    0.138   -0.882   -2.048   -3.337
   -4.688   -6.053   -7.388   -8.624   -9.726  -10.724  -11.469
CT1849:345           11.115   10.458    9.662    8.845    8.043    7.339
    6.743    6.268    5.910    5.661    5.477    5.322    5.154    4.922
    4.584    4.112    3.467    2.624    1.602    0.413   -0.916   -2.349
   -3.819   -5.276   -6.672   -7.932   -9.031  -10.008  -10.701
CT1849:340           11.382   10.856   10.213    9.555    8.921    8.382
    7.945    7.615    7.385    7.239    7.133    7.030    6.887    6.648
    6.272    5.731    4.988    4.022    2.859    1.521    0.041   -1.533
   -3.133   -4.701   -6.192   -7.529   -8.694   -9.732  -10.485
CT1849:335           11.744   11.331   10.820   10.299    9.804    9.396
    9.076    8.846    8.696    8.608    8.543    8.463    8.328    8.079
    7.675    7.087    6.278    5.226    3.966    2.522    0.936   -0.740
   -2.432   -4.084   -5.648   -7.048   -8.269   -9.362  -10.168
CT1849:330           12.362   12.043   11.630   11.206   10.802   10.467
   10.202   10.007    9.871    9.778    9.696    9.591    9.425    9.140
    8.694    8.058    7.192    6.074    4.741    3.220    1.552   -0.206
   -1.982   -3.720   -5.371   -6.861   -8.176   -9.364  -10.269
CT1849:325           12.513   12.326   12.045   11.747   11.455   11.206
   11.001   10.837   10.707   10.598   10.486   10.344   10.141    9.821
    9.344    8.682    7.793    6.656    5.307    3.773    2.095    0.324
   -1.468   -3.229   -4.914   -6.454   -7.831   -9.091  -10.088
CT1849:320           12.747   12.666   12.489   12.289   12.081   11.889
   11.713   11.551   11.399   11.246   11.079   10.878   10.616   10.246
    9.730    9.041    8.141    7.008    5.677    4.170    2.526    0.789
   -0.978   -2.725   -4.414   -5.980   -7.401   -8.717   -9.791
CT1849:315           12.938   12.954   12.870   12.756   12.618   12.468
   12.309   12.139   11.954   11.750   11.519   11.250   10.922   10.494
    9.933    9.216    8.308    7.192    5.896    4.441    2.856    1.178
   -0.540   -2.257   -3.937   -5.525   -6.994   -8.372   -9.539
CT1849:310           13.128   13.226   13.219   13.175   13.093   12.975
   12.828   12.648   12.436   12.187   11.901   11.571   11.182   10.699
   10.095    9.352    8.440    7.346    6.094    4.699    3.185    1.578
   -0.080   -1.755   -3.417   -5.018   -6.526   -7.960   -9.210
CT1849:305           13.261   13.432   13.491   13.508   13.475   13.389
   13.258   13.080   12.856   12.583   12.265   11.898   11.468   10.946
   10.311    9.550    8.637    7.563    6.350    5.008    3.555    2.006
    0.396   -1.249   -2.904   -4.531   -6.092   -7.595   -8.948
CT1849:300           13.386   13.613   13.724   13.789   13.796   13.740
   13.632   13.469   13.255   12.986   12.667   12.293   11.855   11.323
   10.681    9.918    9.014    7.960    6.777    5.474    4.063    2.553
    0.973   -0.658   -2.317   -3.975   -5.588   -7.158   -8.602
CT1849:295           13.403   13.686   13.847   13.959   14.008   13.989
   13.915   13.787   13.608   13.374   13.089   12.748   12.340   11.834
   11.216   10.476    9.594    8.563    7.402    6.120    4.726    3.226
    1.645    0.002   -1.682   -3.385   -5.059   -6.701   -8.238
CT1849:290           13.450   13.761   13.949   14.089   14.166   14.179
   14.142   14.058   13.929   13.751   13.528   13.252   12.907   12.463
   11.902   11.212   10.371    9.369    8.226    6.948    5.547    4.026
    2.414    0.729   -1.007   -2.774   -4.526   -6.253   -7.891
CT1849:285           13.436   13.769   13.979   14.141   14.244   14.289
   14.295   14.263   14.198   14.096   13.957   13.770   13.520   13.170
   12.699   12.090   11.316   10.361    9.244    7.970    6.553    4.998
    3.342    1.607   -0.184   -2.009   -3.819   -5.606   -7.299
CT1849:280           13.403   13.736   13.949   14.117   14.233   14.304
   14.348   14.369   14.370   14.350   14.304   14.221   14.081   13.846
   13.486   12.979   12.290   11.394   10.307    9.034    7.589    5.981
    4.254    2.437    0.557   -1.364   -3.274   -5.163   -6.964
CT1849:275           13.352   13.675   13.881   14.046   14.167   14.258
   14.336   14.407   14.473   14.535   14.586   14.611   14.590   14.480
   14.247   13.861   13.277   12.461   11.423   10.168    8.709    7.057
    5.269    3.379    1.421   -0.576   -2.558   -4.515   -6.367
CT1849:270           13.243   13.540   13.724   13.873   13.989   14.092
   14.199   14.316   14.445   14.588   14.733   14.865   14.962   14.980
   14.877   14.617   14.147   13.419   12.442   11.214    9.746    8.053
    6.197    4.221    2.166    0.062   -2.030   -4.097   -6.057
CT1849:265           13.120   13.382   13.535   13.657   13.756   13.863
   13.991   14.147   14.333   14.550   14.784   15.018   15.227   15.368
   15.392   15.258   14.904   14.273   13.368   12.181   10.721    9.001
    7.091    5.040    2.896    0.694   -1.497   -3.660   -5.706
CT1849:260           12.945   13.154   13.262   13.346   13.420   13.524
   13.668   13.861   14.103   14.395   14.718   15.052   15.371   15.630
   15.776   15.764   15.525   14.995   14.169   13.034   11.597    9.864
    7.914    5.798    3.569    1.268   -1.028   -3.296   -5.441
CT1849:255           12.726   12.880   12.935   12.972   13.013   13.105
   13.260   13.485   13.780   14.144   14.554   14.986   15.412   15.782
   16.043   16.145   16.015   15.581   14.834   13.756   12.349   10.614
    8.631    6.457    4.150    1.751   -0.649   -3.023   -5.267
CT1849:250           12.497   12.576   12.565   12.542   12.537   12.609
   12.765   13.017   13.361   13.798   14.295   14.827   15.359   15.840
   16.212   16.423   16.397   16.057   15.391   14.374   13.005   11.278
    9.277    7.059    4.687    2.205   -0.284   -2.748   -5.072
CT1849:245           12.161   12.173   12.096   12.013   11.960   12.005
   12.159   12.432   12.822   13.329   13.913   14.544   15.182   15.774
   16.256   16.574   16.649   16.399   15.809   14.852   13.520   11.803
    9.786    7.528    5.094    2.533   -0.043   -2.594   -4.998
CT1849:240           11.889   11.812   11.649   11.485   11.364   11.366
   11.498   11.776   12.198   12.763   13.426   14.150   14.893   15.594
   16.186   16.612   16.788   16.628   16.115   15.219   13.927   12.225
   10.200    7.912    5.431    2.808    0.168   -2.446   -4.900
CT1849:235           11.512   11.352   11.106   10.861   10.668   10.617
   10.717   10.987   11.425   12.035   12.765   13.574   14.414   15.223
   15.925   16.460   16.738   16.670   16.234   15.396   14.142   12.451
   10.415    8.097    5.568    2.884    0.181   -2.497   -5.007
CT1849:230           11.210   10.949   10.600   10.256    9.972    9.847
    9.891   10.126   10.556   11.184   11.957   12.832   13.757   14.666
   15.478   16.125   16.513   16.543   16.191   15.419   14.211   12.542
   10.509    8.178    5.627    2.913    0.183   -2.518   -5.036
CT1849:225           10.848   10.486   10.033    9.585    9.201    8.987
    8.955    9.132    9.524   10.141   10.929   11.844   12.832   13.827
   14.739   15.494   15.990   16.120   15.854   15.148   13.984   12.337
   10.306    7.961    5.385    2.640   -0.125   -2.860   -5.412
CT1849:220           10.526   10.058    9.492    8.932    8.435    8.113
    7.983    8.073    8.395    8.965    9.733   10.655   11.679   12.739
   13.740   14.597   15.203   15.439   15.269   14.645   13.546   11.944
    9.947    7.629    5.075    2.353   -0.383   -3.085   -5.593
CT1849:215           10.033    9.486    8.826    8.165    7.561    7.128
    6.886    6.869    7.093    7.584    8.294    9.187   10.212   11.306
   12.370   13.311   14.014   14.350   14.275   13.735   12.707   11.163
    9.213    6.934    4.415    1.727   -0.977   -3.649   -6.131
CT1849:210            9.705    9.055    8.282    7.503    6.773    6.206
    5.827    5.672    5.761    6.130    6.739    7.557    8.539    9.629
   10.723   11.721   12.502   12.932   12.955   12.513   11.581   10.130
    8.271    6.084    3.660    1.070   -1.532   -4.100   -6.478
CT1849:205            9.231    8.509    7.645    6.766    5.923    5.227
    4.706    4.400    4.335    4.554    5.026    5.729    6.624    7.663
    8.744    9.761   10.592   11.096   11.209   10.871   10.050    8.719
    6.987    4.933    2.646    0.198   -2.261   -4.688   -6.931
CT1849:200            8.908    8.094    7.126    6.137    5.171    4.335
    3.660    3.185    2.942    2.979    3.277    3.821    4.580    5.517
    6.532    7.520    8.359    8.907    9.096    8.859    8.164    6.980
    5.411    3.532    1.428   -0.834   -3.111   -5.361   -7.441
CT1849:195            8.830    7.888    6.794    5.676    4.574    3.588
    2.747    2.092    1.656    1.490    1.584    1.932    2.511    3.295
    4.190    5.095    5.895    6.453    6.696    6.556    5.999    4.993
    3.630    1.978    0.114   -1.899   -3.929   -5.934   -7.781
CT1849:190            8.526    7.508    6.332    5.125    3.923    2.816
    1.836    1.020    0.402    0.036   -0.081    0.051    0.419    1.007
    1.732    2.501    3.209    3.731    3.992    3.927    3.499    2.673
    1.527    0.118   -1.489   -3.242   -5.022   -6.787   -8.424
CT1849:185            8.401    7.289    6.021    4.722    3.421    2.202
    1.092    0.126   -0.663   -1.224   -1.555   -1.649   -1.515   -1.157
   -0.645   -0.061    0.507    0.949    1.193    1.180    0.873    0.236
   -0.673   -1.809   -3.120   -4.569   -6.049   -7.520   -8.887
CT1849:180            8.135    6.967    5.645    4.288    2.923    1.624
    0.417   -0.666   -1.597   -2.328   -2.857   -3.172   -3.277   -3.168
   -2.900   -2.541   -2.160   -1.845   -1.661   -1.661   -1.879   -2.351
   -3.037   -3.912   -4.936   -6.089   -7.283   -8.481   -9.610
CT1849:175            7.933    6.714    5.346    3.943    2.529    1.171
   -0.107   -1.280   -2.325   -3.201   -3.904   -4.425   -4.761   -4.906
   -4.896   -4.785   -4.620   -4.466   -4.377   -4.395   -4.549   -4.871
   -5.343   -5.952   -6.677   -7.511   -8.388   -9.273  -10.111
CT1849:170            7.710    6.455    5.059    3.630    2.189    0.798
   -0.525   -1.758   -2.885   -3.875   -4.726   -5.430   -5.982   -6.373
   -6.625   -6.773   -6.846   -6.883   -6.924   -7.000   -7.132   -7.346
   -7.644   -8.027   -8.491   -9.042   -9.641  -10.255  -10.854
CT1849:165            7.918    6.558    5.087    3.595    2.103    0.668
   -0.702   -1.991   -3.189   -4.277   -5.258   -6.124   -6.874   -7.495
   -7.997   -8.401   -8.714   -8.952   -9.141   -9.297   -9.434   -9.567
   -9.716   -9.893  -10.110  -10.384  -10.697  -11.027  -11.354
CT1849:160            7.739    6.359    4.880    3.384    1.892    0.455
   -0.921   -2.229   -3.463   -4.615   -5.691   -6.688   -7.604   -8.426
   -9.153   -9.789  -10.329  -10.765  -11.110  -11.366  -11.537  -11.631
  -11.677  -11.698  -11.719  -11.766  -11.845  -11.941  -12.052
CT1849:155            7.819    6.379    4.864    3.340    1.831    0.382
   -1.007   -2.334   -3.602   -4.811   -5.970   -7.081   -8.141   -9.138
  -10.061  -10.904  -11.648  -12.269  -12.765  -13.128  -13.355  -13.441
  -13.426  -13.340  -13.215  -13.089  -12.987  -12.902  -12.850
CT1849:150            7.687    6.237    4.723    3.204    1.703    0.262
   -1.124   -2.455   -3.739   -4.987   -6.208   -7.408   -8.583   -9.720
  -10.802  -11.813  -12.723  -13.495  -14.120  -14.578  -14.859  -14.951
  -14.895  -14.726  -14.484  -14.206  -13.937  -13.679  -13.453
CT1849:145            7.313    5.903    4.425    2.939    1.468    0.050
   -1.321   -2.646   -3.939   -5.214   -6.483   -7.753   -9.018  -10.267
  -11.475  -12.619  -13.663  -14.561  -15.297  -15.846  -16.194  -16.320
  -16.270  -16.079  -15.792  -15.448  -15.108  -14.778  -14.492
CT1849:140            7.217    5.802    4.326    2.844    1.376   -0.040
   -1.411   -2.744   -4.051   -5.352   -6.662   -7.986   -9.320  -10.650
  -11.948  -13.184  -14.319  -15.302  -16.112  -16.722  -17.113  -17.261
  -17.211  -16.997  -16.663  -16.246  -15.813  -15.379  -14.973
CT1849:135            6.855    5.490    4.052    2.603    1.160   -0.240
   -1.602   -2.933   -4.245   -5.560   -6.893   -8.251   -9.629  -11.012
  -12.369  -13.667  -14.865  -15.908  -16.777  -17.442  -17.885  -18.079
  -18.067  -17.883  -17.569  -17.158  -16.721  -16.278  -15.859
CT1849:130            6.781    5.411    3.972    2.522    1.079   -0.324
   -1.691   -3.026   -4.345   -5.668   -7.011   -8.381   -9.776  -11.180
  -12.560  -13.885  -15.109  -16.181  -17.079  -17.776  -18.252  -18.480
  -18.500  -18.342  -18.043  -17.629  -17.171  -16.693  -16.210
CT1849:125            6.929    5.517    4.048    2.572    1.106   -0.316
   -1.698   -3.044   -4.367   -5.689   -7.027   -8.389   -9.774  -11.170
  -12.544  -13.867  -15.096  -16.179  -17.097  -17.824  -18.339  -18.616
  -18.689  -18.583  -18.332  -17.952  -17.509  -17.034  -16.520
CT1849:120            6.867    5.449    3.977    2.498    1.030   -0.392
   -1.769   -3.104   -4.409   -5.703   -7.004   -8.322   -9.659  -11.008
  -12.341  -13.630  -14.839  -15.919  -16.851  -17.608  -18.171  -18.509
  -18.654  -18.623  -18.443  -18.123  -17.720  -17.271  -16.745
CT1849:115            7.297    5.788    4.248    2.712    1.199   -0.251
   -1.643   -2.979   -4.268   -5.525   -6.772   -8.023   -9.285  -10.557
  -11.819  -13.051  -14.222  -15.288  -16.231  -17.022  -17.640  -18.052
  -18.280  -18.334  -18.237  -17.981  -17.620  -17.192  -16.639
CT1849:110            7.258    5.740    4.195    2.655    1.144   -0.296
   -1.669   -2.972   -4.210   -5.395   -6.553   -7.699   -8.847  -10.005
  -11.164  -12.313  -13.430  -14.480  -15.439  -16.280  -16.976  -17.490
  -17.834  -18.010  -18.033  -17.886  -17.615  -17.261  -16.740
CT1849:105            7.398    5.846    4.274    2.714    1.191   -0.248
   -1.603   -2.870   -4.050   -5.152   -6.201   -7.221   -8.231   -9.250
  -10.283  -11.329  -12.378  -13.404  -14.380  -15.276  -16.060  -16.689
  -17.162  -17.473  -17.628  -17.600  -17.426  -17.151  -16.664
CT1849:100            7.393    5.831    4.250    2.684    1.162   -0.261
   -1.587   -2.804   -3.912   -4.914   -5.838   -6.713   -7.565   -8.424
   -9.312  -10.239  -11.210  -12.205  -13.198  -14.154  -15.037  -15.794
  -16.411  -16.875  -17.181  -17.293  -17.241  -17.072  -16.650
CT1849:095            7.389    5.819    4.231    2.660    1.139   -0.270
   -1.565   -2.731   -3.765   -4.661   -5.455   -6.177   -6.863   -7.554
   -8.288   -9.087   -9.968  -10.925  -11.928  -12.940  -13.919  -14.806
  -15.573  -16.194  -16.660  -16.923  -17.006  -16.959  -16.621
CT1849:090            7.427    5.844    4.240    2.656    1.128   -0.273
   -1.544   -2.664   -3.627   -4.424   -5.091   -5.665   -6.187   -6.711
   -7.288   -7.953   -8.737   -9.645  -10.644  -11.698  -12.759  -13.764
  -14.670  -15.442  -16.063  -16.473  -16.690  -16.762  -16.507
CT1849:085            7.403    5.818    4.205    2.610    1.074   -0.324
   -1.576   -2.660   -3.562   -4.270   -4.823   -5.261   -5.634   -6.002
   -6.430   -6.964   -7.646   -8.495   -9.477  -10.558  -11.688  -12.802
  -13.842  -14.769  -15.554  -16.133  -16.515  -16.747  -16.634
CT1849:080            7.488    5.887    4.249    2.627    1.067   -0.345
   -1.598   -2.665   -3.529   -4.170   -4.634   -4.960   -5.203   -5.431
   -5.719   -6.122   -6.695   -7.465   -8.402   -9.476  -10.636  -11.816
  -12.952  -13.993  -14.906  -15.617  -16.122  -16.471  -16.445
CT1849:075            7.447    5.852    4.199    2.558    0.973   -0.461
   -1.728   -2.794   -3.641   -4.243   -4.644   -4.887   -5.030   -5.143
   -5.310   -5.594   -6.057   -6.738   -7.613   -8.657   -9.824  -11.054
  -12.275  -13.431  -14.483  -15.354  -16.030  -16.552  -16.704
CT1849:070            7.580    5.968    4.279    2.595    0.962   -0.520
   -1.829   -2.928   -3.793   -4.391   -4.768   -4.965   -5.040   -5.063
   -5.124   -5.292   -5.635   -6.202   -6.978   -7.946   -9.068  -10.289
  -11.535  -12.747  -13.877  -14.845  -15.620  -16.240  -16.474
CT1849:065            7.633    6.020    4.303    2.579    0.893   -0.649
   -2.019   -3.175   -4.087   -4.717   -5.106   -5.294   -5.337   -5.301
   -5.277   -5.341   -5.565   -6.007   -6.665   -7.532   -8.580   -9.768
  -11.020  -12.276  -13.485  -14.563  -15.466  -16.223  -16.603
CT1849:060            7.817    6.191    4.432    2.654    0.899   -0.726
   -2.183   -3.426   -4.420   -5.119   -5.559   -5.775   -5.817   -5.747
   -5.655   -5.620   -5.719   -6.019   -6.531   -7.259   -8.189   -9.295
  -10.501  -11.748  -12.981  -14.113  -15.083  -15.912  -16.360
CT1849:055            7.944    6.325    4.535    2.711    0.888   -0.825
   -2.383   -3.732   -4.832   -5.628   -6.150   -6.424   -6.496   -6.415
   -6.274   -6.153   -6.131   -6.284   -6.638   -7.213   -8.007   -9.010
  -10.153  -11.378  -12.626  -13.812  -14.856  -15.770  -16.316
CT1849:050            8.184    6.565    4.740    2.864    0.965   -0.847
   -2.518   -3.991   -5.218   -6.136   -6.763   -7.120   -7.243   -7.173
   -6.997   -6.801   -6.663   -6.669   -6.859   -7.267   -7.907   -8.785
   -9.838  -11.010  -12.241  -13.445  -14.525  -15.483  -16.080
CT1849:045            8.373    6.778    4.938    3.029    1.070   -0.831
   -2.610   -4.207   -5.565   -6.612   -7.357   -7.810   -7.999   -7.953
   -7.759   -7.501   -7.262   -7.134   -7.171   -7.423   -7.915   -8.672
   -9.635  -10.755  -11.966  -13.187  -14.307  -15.316  -15.979
CT1849:040            8.674    7.102    5.251    3.315    1.304   -0.677
   -2.556   -4.270   -5.755   -6.931   -7.795   -8.348   -8.611   -8.601
   -8.402   -8.101   -7.781   -7.540   -7.446   -7.560   -7.920   -8.563
   -9.439  -10.499  -11.680  -12.899  -14.033  -15.065  -15.763
CT1849:035            8.909    7.389    5.559    3.627    1.598   -0.430
   -2.378   -4.179   -5.768   -7.053   -8.024   -8.671   -9.008   -9.043
   -8.856   -8.537   -8.167   -7.849   -7.665   -7.681   -7.948   -8.513
   -9.331  -10.358  -11.529  -12.766  -13.936  -15.017  -15.784
CT1849:030            9.275    7.808    6.010    4.100    2.076    0.031
   -1.953   -3.808   -5.465   -6.833   -7.890   -8.619   -9.028   -9.116
   -8.959   -8.647   -8.261   -7.907   -7.674   -7.634   -7.845   -8.361
   -9.140  -10.140  -11.297  -12.533  -13.710  -14.803  -15.591
CT1849:025            9.609    8.220    6.488    4.636    2.661    0.649
   -1.319   -3.175   -4.854   -6.263   -7.375   -8.169   -8.644   -8.794
   -8.690   -8.420   -8.063   -7.726   -7.503   -7.468   -7.682   -8.203
   -8.992  -10.007  -11.185  -12.450  -13.666  -14.804  -15.654
CT1849:020           10.034    8.733    7.087    5.322    3.431    1.498
   -0.401   -2.205   -3.852   -5.256   -6.388   -7.223   -7.756   -7.976
   -7.947   -7.752   -7.468   -7.198   -7.038   -7.061   -7.327   -7.893
   -8.720   -9.766  -10.967  -12.249  -13.476  -14.624  -15.486
CT1849:015           10.432    9.248    7.726    6.086    4.326    2.525
    0.753   -0.939   -2.497   -3.846   -4.960   -5.811   -6.394   -6.693
   -6.764   -6.680   -6.516   -6.371   -6.334   -6.477   -6.855   -7.522
   -8.434   -9.551  -10.808  -12.129  -13.388  -14.564  -15.455
CT1849:010           10.906    9.842    8.457    6.966    5.369    3.742
    2.144    0.617   -0.800   -2.048   -3.105   -3.948   -4.569   -4.950
   -5.138   -5.197   -5.194   -5.220   -5.356   -5.669   -6.207   -7.013
   -8.043   -9.251  -10.575  -11.935  -13.217  -14.408  -15.305
CT1849:005           11.305   10.398    9.188    7.882    6.485    5.073
    3.693    2.373    1.141    0.034   -0.933   -1.743   -2.388   -2.853
   -3.172   -3.398   -3.590   -3.828   -4.184   -4.714   -5.457   -6.445
   -7.628   -8.956  -10.367  -11.780  -13.092  -14.301  -15.203
CT1850:360           12.069   11.281   10.219    9.074    7.862    6.656
    5.489    4.379    3.336    2.379    1.509    0.737    0.069   -0.485
   -0.949   -1.363   -1.780   -2.270   -2.887   -3.679   -4.672   -5.885
   -7.260   -8.746  -10.280  -11.776  -13.146  -14.401  -15.331
