CT1859:360           11.423   10.269    8.919    7.525    6.120    4.793
    3.570    2.471    1.505    0.676   -0.049   -0.697   -1.290   -1.849
   -2.390   -2.926   -3.471   -4.043   -4.665   -5.364   -6.171   -7.123
   -8.215   -9.436  -10.756  -12.139  -13.489  -14.781  -15.849
CT1859:355           11.443   10.302    8.967    7.588    6.201    4.894
    3.691    2.613    1.665    0.845    0.117   -0.549   -1.182   -1.807
   -2.442   -3.096   -3.776   -4.491   -5.251   -6.070   -6.969   -7.974
   -9.083  -10.285  -11.558  -12.867  -14.131  -15.331  -16.305
CT1859:350           11.504   10.386    9.080    7.735    6.387    5.125
    3.970    2.940    2.035    1.249    0.542   -0.122   -0.776   -1.454
   -2.173   -2.940   -3.761   -4.633   -5.552   -6.522   -7.549   -8.644
   -9.804  -11.018  -12.268  -13.520  -14.708  -15.823  -16.699
CT1859:345           11.582   10.499    9.240    7.948    6.662    5.469
    4.386    3.427    2.588    1.856    1.185    0.536   -0.130   -0.852
   -1.651   -2.530   -3.493   -4.531   -5.626   -6.768   -7.949   -9.167
  -10.410  -11.669  -12.928  -14.150  -15.288  -16.341  -17.145
CT1859:340           11.688   10.651    9.454    8.231    7.025    5.922
    4.931    4.062    3.305    2.639    2.014    1.386    0.713   -0.052
   -0.928   -1.917   -3.022   -4.227   -5.501   -6.823   -8.171   -9.525
  -10.870  -12.191  -13.473  -14.677  -15.771  -16.767  -17.492
CT1859:335           11.798   10.817    9.695    8.557    7.447    6.449
    5.566    4.801    4.137    3.545    2.969    2.362    1.680    0.869
   -0.087   -1.187   -2.434   -3.806   -5.260   -6.766   -8.289   -9.795
  -11.260  -12.666  -13.998  -15.215  -16.299  -17.273  -17.961
CT1859:330           11.938   11.019    9.982    8.937    7.932    7.049
    6.282    5.628    5.062    4.546    4.018    3.430    2.734    1.876
    0.839   -0.371   -1.754   -3.284   -4.909   -6.588   -8.277   -9.928
  -11.509  -12.999  -14.381  -15.609  -16.678  -17.620  -18.252
CT1859:325           12.032   11.192   10.252    9.312    8.423    7.661
    7.015    6.473    6.005    5.561    5.078    4.503    3.790    2.879
    1.761    0.444   -1.069   -2.748   -4.532   -6.372   -8.216  -10.005
  -11.702  -13.279  -14.721  -15.975  -17.047  -17.978  -18.576
CT1859:320           12.189   11.420   10.572    9.731    8.952    8.304
    7.768    7.327    6.944    6.560    6.110    5.539    4.801    3.836
    2.637    1.219   -0.413   -2.224   -4.147   -6.127   -8.106  -10.015
  -11.813  -13.470  -14.967  -16.247  -17.323  -18.244  -18.806
CT1859:315           12.383   11.683   10.921   10.174    9.494    8.946
    8.503    8.144    7.825    7.482    7.049    6.470    5.700    4.679
    3.404    1.897    0.163   -1.757   -3.791   -5.882   -7.967   -9.970
  -11.848  -13.566  -15.106  -16.403  -17.475  -18.377  -18.890
CT1859:310           12.537   11.907   11.230   10.571    9.981    9.517
    9.148    8.847    8.568    8.243    7.806    7.203    6.392    5.314
    3.972    2.389    0.574   -1.429   -3.547   -5.719   -7.881   -9.955
  -11.895  -13.666  -15.247  -16.572  -17.657  -18.563  -19.059
CT1859:305           12.830   12.242   11.622   11.025   10.497   10.085
    9.753    9.474    9.199    8.857    8.389    7.742    6.879    5.743
    4.341    2.698    0.827   -1.228   -3.394   -5.611   -7.814   -9.927
  -11.902  -13.705  -15.314  -16.657  -17.749  -18.655  -19.130
CT1859:300           12.961   12.433   11.880   11.346   10.874   10.500
   10.189    9.908    9.612    9.230    8.709    8.005    7.083    5.893
    4.443    2.762    0.861   -1.214   -3.394   -5.620   -7.831   -9.952
  -11.940  -13.758  -15.384  -16.745  -17.852  -18.768  -19.239
CT1859:295           13.056   12.587   12.091   11.609   11.178   10.822
   10.506   10.198    9.853    9.406    8.814    8.039    7.052    5.808
    4.321    2.617    0.711   -1.358   -3.521   -5.726   -7.915  -10.019
  -11.999  -13.819  -15.456  -16.836  -17.964  -18.900  -19.386
CT1859:290           13.154   12.729   12.273   11.826   11.417   11.058
   10.717   10.361    9.949    9.422    8.746    7.891    6.837    5.545
    4.030    2.320    0.427   -1.610   -3.731   -5.888   -8.029  -10.092
  -12.041  -13.843  -15.475  -16.862  -18.001  -18.949  -19.442
CT1859:285           12.986   12.644   12.251   11.855   11.476   11.119
   10.754   10.352    9.875    9.269    8.513    7.584    6.468    5.135
    3.603    1.898    0.031   -1.961   -4.025   -6.119   -8.198  -10.207
  -12.116  -13.892  -15.514  -16.909  -18.063  -19.031  -19.546
CT1859:280           13.039   12.723   12.346   11.959   11.576   11.194
   10.786   10.325    9.776    9.091    8.257    7.257    6.084    4.715
    3.170    1.472   -0.364   -2.306   -4.307   -6.331   -8.340  -10.288
  -12.146  -13.887  -15.490  -16.882  -18.045  -19.025  -19.554
CT1859:275           12.927   12.654   12.304   11.934   11.551   11.150
   10.710   10.202    9.598    8.853    7.960    6.908    5.693    4.299
    2.746    1.060   -0.745   -2.637   -4.576   -6.531   -8.469  -10.351
  -12.154  -13.855  -15.432  -16.815  -17.977  -18.960  -19.494
CT1859:270           12.926   12.660   12.306   11.925   11.522   11.090
   10.611   10.060    9.410    8.620    7.683    6.594    5.351    3.939
    2.383    0.708   -1.070   -2.919   -4.804   -6.698   -8.572  -10.395
  -12.149  -13.813  -15.367  -16.744  -17.912  -18.907  -19.460
CT1859:265           12.978   12.697   12.319   11.912   11.477   11.007
   10.491    9.903    9.219    8.399    7.438    6.329    5.072    3.654
    2.103    0.443   -1.307   -3.116   -4.949   -6.784   -8.596  -10.358
  -12.058  -13.676  -15.195  -16.548  -17.698  -18.678  -19.216
CT1859:260           12.926   12.632   12.232   11.798   11.330   10.826
   10.276    9.660    8.953    8.117    7.147    6.035    4.778    3.367
    1.828    0.189   -1.533   -3.303   -5.091   -6.875   -8.635  -10.348
  -12.006  -13.592  -15.089  -16.435  -17.591  -18.583  -19.143
CT1859:255           12.940   12.611   12.170   11.692   11.178   10.628
   10.038    9.389    8.658    7.811    6.837    5.730    4.486    3.094
    1.580   -0.028   -1.711   -3.435   -5.172   -6.902   -8.606  -10.267
  -11.877  -13.423  -14.888  -16.213  -17.355  -18.337  -18.892
CT1859:250           12.845   12.489   12.011   11.491   10.932   10.337
    9.705    9.021    8.266    7.406    6.432    5.335    4.111    2.749
    1.273   -0.290   -1.922   -3.591   -5.271   -6.944   -8.595  -10.208
  -11.777  -13.293  -14.738  -16.056  -17.202  -18.196  -18.777
CT1859:245           12.721   12.333   11.813   11.249   10.639    9.993
    9.314    8.588    7.800    6.921    5.943    4.856    3.656    2.334
    0.910   -0.593   -2.158   -3.758   -5.370   -6.977   -8.569  -10.130
  -11.658  -13.142  -14.566  -15.877  -17.027  -18.032  -18.640
CT1859:240           12.594   12.168   11.601   10.986   10.322    9.620
    8.886    8.111    7.283    6.377    5.388    4.308    3.134    1.858
    0.496   -0.933   -2.417   -3.934   -5.465   -6.999   -8.524  -10.031
  -11.515  -12.966  -14.369  -15.672  -16.826  -17.845  -18.482
CT1859:235           12.485   12.011   11.391   10.720    9.999    9.239
    8.448    7.620    6.747    5.809    4.805    3.730    2.583    1.357
    0.064   -1.282   -2.675   -4.099   -5.540   -6.990   -8.443   -9.889
  -11.324  -12.738  -14.114  -15.403  -16.555  -17.577  -18.232
CT1859:230           12.334   11.814   11.143   10.422    9.647    8.834
    7.992    7.117    6.203    5.238    4.221    3.153    2.033    0.857
   -0.366   -1.628   -2.928   -4.257   -5.607   -6.974   -8.354   -9.742
  -11.132  -12.512  -13.867  -15.151  -16.309  -17.347  -18.036
CT1859:225           12.249   11.669   10.940   10.162    9.333    8.471
    7.584    6.669    5.724    4.739    3.717    2.659    1.569    0.443
   -0.713   -1.894   -3.105   -4.341   -5.601   -6.885   -8.191   -9.517
  -10.855  -12.196  -13.521  -14.787  -15.937  -16.972  -17.668
CT1859:220           12.083   11.452   10.676    9.853    8.983    8.086
    7.171    6.237    5.279    4.293    3.280    2.244    1.187    0.110
   -0.985   -2.096   -3.229   -4.385   -5.567   -6.778   -8.020   -9.294
  -10.593  -11.906  -13.216  -14.481  -15.643  -16.699  -17.434
CT1859:215           11.827   11.158   10.345    9.488    8.591    7.676
    6.752    5.817    4.869    3.902    2.916    1.914    0.898   -0.133
   -1.173   -2.224   -3.293   -4.383   -5.502   -6.654   -7.845   -9.080
  -10.353  -11.653  -12.964  -14.249  -15.446  -16.549  -17.358
CT1859:210           11.652   10.931   10.075    9.180    8.254    7.325
    6.399    5.477    4.552    3.619    2.674    1.716    0.747   -0.234
   -1.222   -2.219   -3.231   -4.263   -5.323   -6.421   -7.564   -8.760
  -10.005  -11.288  -12.594  -13.886  -15.104  -16.234  -17.089
CT1859:205           11.300   10.552    9.672    8.756    7.817    6.890
    5.978    5.083    4.198    3.313    2.422    1.520    0.606   -0.322
   -1.259   -2.206   -3.167   -4.151   -5.166   -6.224   -7.336   -8.515
   -9.757  -11.052  -12.385  -13.727  -15.014  -16.230  -17.205
CT1859:200           11.118   10.317    9.393    8.439    7.476    6.540
    5.636    4.763    3.915    3.079    2.244    1.402    0.548   -0.319
   -1.196   -2.083   -2.986   -3.913   -4.875   -5.885   -6.958   -8.110
   -9.334  -10.623  -11.961  -13.321  -14.635  -15.887  -16.914
CT1859:195           10.921   10.067    9.097    8.104    7.112    6.164
    5.263    4.408    3.591    2.801    2.021    1.240    0.452   -0.346
   -1.154   -1.972   -2.807   -3.671   -4.577   -5.540   -6.577   -7.705
   -8.920  -10.213  -11.567  -12.958  -14.316  -15.621  -16.721
CT1859:190           10.733    9.823    8.806    7.770    6.744    5.777
    4.870    4.023    3.228    2.475    1.745    1.025    0.308   -0.413
   -1.139   -1.873   -2.628   -3.416   -4.254   -5.161   -6.154   -7.254
   -8.455   -9.747  -11.111  -12.527  -13.919  -15.265  -16.421
CT1859:185           10.722    9.728    8.638    7.536    6.455    5.447
    4.513    3.653    2.862    2.130    1.438    0.773    0.125   -0.512
   -1.146   -1.785   -2.443   -3.142   -3.900   -4.738   -5.675   -6.737
   -7.911   -9.190  -10.553  -11.975  -13.382  -14.745  -15.924
CT1859:180           10.535    9.487    8.344    7.191    6.063    5.017
    4.054    3.177    2.382    1.667    1.009    0.397   -0.180   -0.730
   -1.264   -1.799   -2.353   -2.954   -3.624   -4.388   -5.267   -6.289
   -7.442   -8.715  -10.087  -11.534  -12.978  -14.385  -15.624
CT1859:175           10.537    9.408    8.188    6.962    5.766    4.661
    3.648    2.735    1.919    1.203    0.568    0.000   -0.511   -0.974
   -1.407   -1.832   -2.274   -2.767   -3.337   -4.013   -4.819   -5.786
   -6.899   -8.148   -9.508  -10.957  -12.407  -13.825  -15.077
CT1859:170           10.368    9.189    7.915    6.633    5.381    4.224
    3.164    2.213    1.374    0.655    0.038   -0.489   -0.936   -1.315
   -1.648   -1.964   -2.294   -2.677   -3.146   -3.732   -4.463   -5.375
   -6.452   -7.684   -9.046  -10.516  -12.002  -13.464  -14.778
CT1859:165           10.277    9.044    7.710    6.368    5.054    3.837
    2.723    1.726    0.856    0.126   -0.479   -0.971   -1.361   -1.659
   -1.897   -2.106   -2.324   -2.594   -2.955   -3.442   -4.087   -4.929
   -5.955   -7.152   -8.496   -9.964  -11.457  -12.932  -14.262
CT1859:160           10.144    8.871    7.489    6.096    4.728    3.456
    2.290    1.250    0.347   -0.395   -0.992   -1.453   -1.792   -2.019
   -2.168   -2.280   -2.393   -2.558   -2.816   -3.209   -3.772   -4.550
   -5.531   -6.704   -8.041   -9.527  -11.054  -12.572  -13.964
CT1859:155           10.071    8.758    7.331    5.891    4.472    3.148
    1.934    0.853   -0.079   -0.833   -1.424   -1.857   -2.150   -2.311
   -2.382   -2.404   -2.421   -2.487   -2.648   -2.949   -3.429   -4.140
   -5.069   -6.209   -7.530   -9.019  -10.561  -12.101  -13.525
CT1859:150            9.990    8.653    7.195    5.721    4.265    2.903
    1.653    0.541   -0.411   -1.170   -1.750   -2.157   -2.407   -2.512
   -2.514   -2.462   -2.399   -2.383   -2.464   -2.688   -3.099   -3.755
   -4.645   -5.762   -7.080   -8.585  -10.160  -11.743  -13.229
CT1859:145            9.936    8.584    7.108    5.613    4.134    2.750
    1.480    0.354   -0.603   -1.356   -1.917   -2.294   -2.505   -2.561
   -2.510   -2.399   -2.276   -2.199   -2.219   -2.386   -2.746   -3.360
   -4.221   -5.325   -6.644   -8.171   -9.784  -11.414  -12.964
CT1859:140            9.920    8.565    7.085    5.586    4.104    2.717
    1.449    0.331   -0.612   -1.342   -1.873   -2.216   -2.389   -2.406
   -2.316   -2.168   -2.007   -1.894   -1.878   -2.009   -2.336   -2.924
   -3.767   -4.864   -6.189   -7.739   -9.387  -11.061  -12.671
CT1859:135            9.884    8.546    7.084    5.605    4.143    2.782
    1.544    0.461   -0.443   -1.130   -1.618   -1.919   -2.056   -2.045
   -1.934   -1.770   -1.599   -1.477   -1.453   -1.575   -1.894   -2.475
   -3.318   -4.422   -5.764   -7.345   -9.037  -10.764  -12.443
CT1859:130            9.936    8.618    7.184    5.737    4.314    2.999
    1.814    0.789   -0.054   -0.681   -1.115   -1.373   -1.478   -1.451
   -1.337   -1.182   -1.025   -0.920   -0.911   -1.047   -1.377   -1.968
   -2.822   -3.942   -5.306   -6.919   -8.652  -10.425  -12.162
CT1859:125           10.043    8.751    7.358    5.958    4.592    3.346
    2.236    1.291    0.530   -0.023   -0.395   -0.607   -0.687   -0.655
   -0.555   -0.425   -0.303   -0.235   -0.262   -0.429   -0.784   -1.398
   -2.272   -3.410   -4.795   -6.432   -8.192   -9.993  -11.761
CT1859:120           10.156    8.904    7.568    6.233    4.944    3.786
    2.772    1.926    1.260    0.791    0.485    0.316    0.256    0.282
    0.355    0.442    0.513    0.527    0.447    0.230   -0.172   -0.826
   -1.740   -2.917   -4.342   -6.021   -7.827   -9.677  -11.500
CT1859:115           10.240    9.048    7.787    6.536    5.341    4.290
    3.387    2.652    2.091    1.710    1.471    1.345    1.300    1.314
    1.354    1.393    1.407    1.360    1.218    0.942    0.484   -0.224
   -1.187   -2.411   -3.880   -5.603   -7.452   -9.345  -11.210
CT1859:110           10.400    9.261    8.075    6.908    5.810    4.867
    4.077    3.453    2.994    2.698    2.521    2.431    2.398    2.398
    2.405    2.397    2.354    2.243    2.034    1.690    1.164    0.390
   -0.635   -1.919   -3.444   -5.219   -7.119   -9.063  -10.977
CT1859:105           10.404    9.353    8.268    7.207    6.223    5.399
    4.728    4.217    3.860    3.647    3.531    3.479    3.461    3.454
    3.435    3.389    3.294    3.120    2.843    2.422    1.817    0.963
   -0.142   -1.503   -3.101   -4.946   -6.915   -8.928  -10.916
CT1859:100           10.586    9.594    8.586    7.609    6.720    5.996
    5.425    5.010    4.738    4.595    4.531    4.515    4.516    4.511
    4.479    4.406    4.271    4.043    3.699    3.203    2.516    1.577
    0.391   -1.045   -2.712   -4.616   -6.636   -8.696  -10.725
CT1859:095           10.649    9.736    8.817    7.933    7.141    6.514
    6.037    5.708    5.514    5.435    5.424    5.448    5.478    5.489
    5.459    5.374    5.210    4.935    4.527    3.953    3.177    2.147
    0.870   -0.649   -2.390   -4.358   -6.434   -8.546  -10.620
CT1859:090           10.830    9.970    9.115    8.301    7.582    7.028
    6.621    6.358    6.223    6.198    6.234    6.299    6.365    6.403
    6.388    6.304    6.122    5.805    5.336    4.685    3.820    2.696
    1.330   -0.272   -2.085   -4.110   -6.232   -8.384  -10.486
CT1859:085           10.794   10.021    9.252    8.520    7.879    7.398
    7.056    6.853    6.774    6.799    6.886    7.000    7.112    7.190
    7.204    7.133    6.943    6.593    6.069    5.343    4.392    3.177
    1.723    0.043   -1.835   -3.909   -6.067   -8.247  -10.364
CT1859:080           10.955   10.220    9.493    8.803    8.204    7.761
    7.455    7.286    7.241    7.303    7.430    7.588    7.747    7.867
    7.914    7.862    7.667    7.288    6.711    5.915    4.881    3.578
    2.041    0.287   -1.653   -3.772   -5.963   -8.168  -10.297
CT1859:075           10.765   10.123    9.472    8.851    8.309    7.910
    7.642    7.507    7.495    7.595    7.764    7.969    8.177    8.345
    8.430    8.402    8.210    7.809    7.189    6.330    5.222    3.841
    2.229    0.410   -1.583   -3.738   -5.955   -8.179  -10.317
CT1859:070           10.885   10.263    9.626    9.016    8.481    8.085
    7.819    7.687    7.681    7.795    7.987    8.224    8.469    8.676
    8.794    8.787    8.599    8.180    7.525    6.616    5.447    4.004
    2.335    0.467   -1.563   -3.741   -5.968   -8.196  -10.327
CT1859:065           10.802   10.221    9.608    9.014    8.486    8.088
    7.816    7.678    7.669    7.787    7.991    8.250    8.523    8.759
    8.905    8.917    8.736    8.308    7.628    6.684    5.472    3.983
    2.272    0.369   -1.687   -3.880   -6.115   -8.346  -10.475
CT1859:060           10.870   10.286    9.659    9.046    8.491    8.062
    7.756    7.585    7.549    7.646    7.841    8.098    8.379    8.629
    8.791    8.817    8.644    8.215    7.528    6.569    5.339    3.833
    2.108    0.198   -1.858   -4.041   -6.258   -8.468  -10.567
CT1859:055           10.971   10.364    9.701    9.048    8.445    7.962
    7.602    7.377    7.290    7.344    7.503    7.736    8.001    8.245
    8.409    8.441    8.276    7.857    7.179    6.229    5.009    3.514
    1.802   -0.090   -2.123   -4.278   -6.462   -8.635  -10.692
CT1859:050           10.987   10.359    9.657    8.956    8.297    7.750
    7.322    7.028    6.873    6.863    6.965    7.148    7.374    7.592
    7.741    7.770    7.615    7.216    6.566    5.650    4.469    3.015
    1.347   -0.501   -2.490   -4.598   -6.735   -8.859  -10.866
CT1859:045           11.145   10.461    9.689    8.914    8.172    7.536
    7.016    6.629    6.381    6.282    6.299    6.405    6.565    6.732
    6.849    6.865    6.718    6.348    5.745    4.890    3.780    2.403
    0.813   -0.957   -2.868   -4.898   -6.954   -8.995  -10.910
CT1859:040           11.121   10.401    9.573    8.732    7.912    7.189
    6.576    6.090    5.742    5.541    5.458    5.469    5.543    5.641
    5.709    5.700    5.557    5.221    4.676    3.899    2.878    1.598
    0.103   -1.576   -3.402   -5.354   -7.336   -9.306  -11.152
CT1859:035           11.128   10.363    9.469    8.553    7.647    6.827
    6.111    5.519    5.060    4.747    4.551    4.454    4.427    4.439
    4.444    4.400    4.254    3.953    3.472    2.784    1.869    0.703
   -0.679   -2.250   -3.977   -5.837   -7.733   -9.618  -11.381
CT1859:030           11.080   10.273    9.316    8.328    7.338    6.425
    5.609    4.913    4.345    3.920    3.613    3.405    3.273    3.194
    3.128    3.040    2.885    2.611    2.191    1.591    0.783   -0.267
   -1.532   -2.993   -4.616   -6.383   -8.192   -9.992  -11.675
CT1859:025           10.873   10.051    9.052    8.012    6.956    5.964
    5.063    4.276    3.615    3.092    2.684    2.376    2.147    1.979
    1.842    1.704    1.528    1.269    0.893    0.362   -0.357   -1.309
   -2.476   -3.843   -5.382   -7.076   -8.822  -10.566  -12.204
CT1859:020           10.814    9.951    8.895    7.790    6.662    5.592
    4.610    3.740    2.995    2.388    1.896    1.504    1.193    0.949
    0.746    0.558    0.354    0.095   -0.255   -0.736   -1.386   -2.255
   -3.332   -4.609   -6.059   -7.666   -9.326  -10.985  -12.536
CT1859:015           10.639    9.759    8.667    7.520    6.341    5.214
    4.173    3.244    2.440    1.775    1.227    0.776    0.407    0.104
   -0.155   -0.393   -0.634   -0.915   -1.270   -1.738   -2.359   -3.184
   -4.209   -5.429   -6.820   -8.369   -9.971  -11.573  -13.071
CT1859:010           10.578    9.664    8.532    7.341    6.116    4.943
    3.858    2.886    2.044    1.344    0.762    0.279   -0.126   -0.467
   -0.769   -1.053   -1.340   -1.660   -2.045   -2.531   -3.154   -3.965
   -4.962   -6.141   -7.480   -8.965  -10.495  -12.019  -13.430
CT1859:005           10.534    9.590    8.425    7.202    5.946    4.745
    3.634    2.643    1.784    1.073    0.481   -0.013   -0.432   -0.797
   -1.133   -1.460   -1.800   -2.179   -2.621   -3.158   -3.822   -4.656
   -5.659   -6.826   -8.137   -9.576  -11.046  -12.505  -13.836
CT1860:360           10.448    9.487    8.307    7.071    5.806    4.600
    3.490    2.502    1.652    0.951    0.370   -0.116   -0.534   -0.910
   -1.272   -1.642   -2.040   -2.490   -3.009   -3.621   -4.351   -5.234
   -6.265   -7.438   -8.733  -10.131  -11.543  -12.931  -14.175
