CT1850:360           12.069   11.281   10.219    9.074    7.862    6.656
    5.489    4.379    3.336    2.379    1.509    0.737    0.069   -0.485
   -0.949   -1.363   -1.780   -2.270   -2.887   -3.679   -4.672   -5.885
   -7.260   -8.746  -10.280  -11.776  -13.146  -14.401  -15.331
CT1850:355           12.549   11.918   11.040   10.094    9.102    8.133
    7.208    6.334    5.506    4.723    3.976    3.269    2.603    1.982
    1.392    0.802    0.168   -0.569   -1.446   -2.497   -3.736   -5.164
   -6.717   -8.339   -9.966  -11.509  -12.896  -14.150  -15.053
CT1850:350           13.039   12.557   11.859   11.106   10.326    9.584
    8.888    8.235    7.609    6.990    6.363    5.721    5.065    4.390
    3.685    2.931    2.088    1.110   -0.026   -1.337   -2.824   -4.469
   -6.205   -7.970   -9.703  -11.308  -12.732  -14.009  -14.920
CT1850:345           13.527   13.194   12.671   12.105   11.524   10.987
   10.494   10.034    9.581    9.103    8.580    7.999    7.356    6.638
    5.838    4.943    3.916    2.722    1.355   -0.189   -1.896   -3.732
   -5.622   -7.502   -9.309  -10.944  -12.366  -13.623  -14.485
CT1850:340           13.980   13.790   13.432   13.037   12.633   12.273
   11.949   11.643   11.325   10.954   10.507    9.970    9.334    8.577
    7.695    6.677    5.490    4.105    2.533    0.781   -1.123   -3.132
   -5.167   -7.160   -9.050  -10.738  -12.193  -13.473  -14.347
CT1850:335           14.385   14.338   14.137   13.901   13.656   13.445
   13.255   13.067   12.847   12.550   12.155   11.644   11.006   10.214
    9.261    8.141    6.823    5.285    3.551    1.639   -0.414   -2.550
   -4.686   -6.753   -8.691  -10.398  -11.851  -13.118  -13.958
CT1850:330           14.776   14.854   14.790   14.691   14.579   14.486
   14.399   14.294   14.139   13.887   13.517   13.012   12.359   11.525
   10.503    9.291    7.858    6.192    4.327    2.288    0.119   -2.113
   -4.328   -6.457   -8.442  -10.181  -11.659  -12.947  -13.804
CT1850:325           15.077   15.278   15.340   15.367   15.373   15.379
   15.375   15.335   15.228   15.005   14.648   14.138   13.460   12.578
   11.485   10.183    8.647    6.873    4.902    2.767    0.517   -1.782
   -4.050   -6.222   -8.246  -10.019  -11.532  -12.855  -13.755
CT1850:320           15.384   15.686   15.855   15.986   16.089   16.178
   16.243   16.258   16.191   15.995   15.648   15.131   14.426   13.490
   12.324   10.932    9.298    7.428    5.372    3.167    0.865   -1.469
   -3.761   -5.952   -7.991   -9.781  -11.311  -12.653  -13.578
CT1850:315           15.520   15.927   16.201   16.433   16.631   16.800
   16.935   17.010   16.994   16.834   16.509   15.992   15.263   14.274
   13.029   11.543    9.806    7.839    5.698    3.426    1.074   -1.295
   -3.617   -5.839   -7.915   -9.757  -11.355  -12.777  -13.811
CT1850:310           15.723   16.202   16.553   16.862   17.134   17.372
   17.572   17.708   17.749   17.639   17.349   16.847   16.107   15.076
   13.761   12.186   10.354    8.297    6.082    3.757    1.374   -1.008
   -3.334   -5.556   -7.637   -9.489  -11.105  -12.550  -13.618
CT1850:305           15.789   16.337   16.760   17.141   17.483   17.789
   18.056   18.261   18.371   18.324   18.086   17.615   16.880   15.820
   14.446   12.793   10.871    8.728    6.441    4.061    1.642   -0.758
   -3.096   -5.330   -7.428   -9.311  -10.970  -12.469  -13.612
CT1850:300           15.874   16.462   16.931   17.361   17.753   18.114
   18.440   18.708   18.885   18.905   18.725   18.297   17.581   16.510
   15.099   13.387   11.397    9.187    6.842    4.420    1.976   -0.435
   -2.775   -5.011   -7.114   -9.011  -10.695  -12.224  -13.411
CT1850:295           15.981   16.581   17.070   17.525   17.947   18.344
   18.713   19.031   19.264   19.342   19.216   18.832   18.144   17.081
   15.657   13.917   11.890    9.642    7.267    4.827    2.377   -0.028
   -2.355   -4.577   -6.667   -8.557  -10.238  -11.767  -12.957
CT1850:290           15.944   16.549   17.050   17.519   17.959   18.379
   18.776   19.128   19.399   19.518   19.433   19.086   18.428   17.384
   15.969   14.230   12.200    9.949    7.574    5.139    2.699    0.306
   -2.010   -4.226   -6.319   -8.226   -9.937  -11.504  -12.747
CT1850:285           15.986   16.559   17.038   17.489   17.917   18.331
   18.726   19.081   19.360   19.491   19.423   19.096   18.462   17.445
   16.062   14.360   12.370   10.165    7.839    5.456    3.069    0.726
   -1.546   -3.724   -5.788   -7.677   -9.375  -10.932  -12.165
CT1850:280           15.834   16.376   16.829   17.257   17.664   18.058
   18.434   18.771   19.033   19.152   19.077   18.752   18.131   17.144
   15.807   14.166   12.252   10.132    7.894    5.597    3.288    1.009
   -1.215   -3.364   -5.417   -7.319   -9.049  -10.649  -11.944
CT1850:275           15.666   16.157   16.563   16.944   17.308   17.660
   17.994   18.289   18.510   18.591   18.487   18.147   17.531   16.576
   15.298   13.743   11.938    9.942    7.834    5.663    3.469    1.286
   -0.866   -2.967   -4.997   -6.903   -8.658  -10.295  -11.644
CT1850:270           15.411   15.839   16.184   16.506   16.811   17.106
   17.383   17.620   17.785   17.816   17.672   17.310   16.695   15.775
   14.569   13.117   11.444    9.601    7.653    5.638    3.584    1.514
   -0.553   -2.600   -4.606   -6.522   -8.310   -9.995  -11.414
CT1850:265           15.202   15.537   15.795   16.032   16.257   16.476
   16.679   16.847   16.946   16.922   16.737   16.354   15.747   14.873
   13.751   12.419   10.897    9.227    7.458    5.616    3.719    1.778
   -0.192   -2.174   -4.147   -6.065   -7.880   -9.603  -11.077
CT1850:260           14.860   15.103   15.270   15.419   15.559   15.698
   15.827   15.927   15.967   15.897   15.685   15.299   14.718   13.908
   12.887   11.688   10.329    8.838    7.252    5.585    3.843    2.025
    0.145   -1.783   -3.735   -5.669   -7.524   -9.303  -10.852
CT1850:255           14.589   14.710   14.761   14.798   14.834   14.880
   14.927   14.958   14.945   14.843   14.623   14.257   13.728   13.006
   12.108   11.060    9.873    8.566    7.161    5.663    4.069    2.367
    0.571   -1.304   -3.233   -5.176   -7.060   -8.877  -10.471
CT1850:250           14.182   14.188   14.126   14.052   13.984   13.941
   13.912   13.883   13.832   13.720   13.519   13.205   12.758   12.154
   11.403   10.522    9.515    8.388    7.154    5.806    4.337    2.725
    0.987   -0.862   -2.794   -4.771   -6.709   -8.589  -10.259
CT1850:245           13.663   13.562   13.388   13.204   13.032   12.898
   12.796   12.716   12.639   12.536   12.378   12.141   11.807   11.348
   10.766   10.068    9.247    8.295    7.214    5.993    4.616    3.058
    1.339   -0.522   -2.494   -4.544   -6.578   -8.566  -10.363
CT1850:240           13.212   12.978   12.674   12.364   12.074   11.840
   11.660   11.527   11.430   11.346   11.248   11.112   10.915   10.630
   10.244    9.752    9.132    8.361    7.435    6.333    5.039    3.525
    1.820   -0.054   -2.061   -4.165   -6.263   -8.320  -10.187
CT1850:235           12.577   12.241   11.823   11.397   10.995   10.666
   10.409   10.226   10.111   10.053   10.024   10.000    9.955    9.859
    9.684    9.408    8.995    8.403    7.619    6.618    5.381    3.878
    2.149    0.222   -1.860   -4.062   -6.271   -8.447  -10.442
CT1850:230           12.096   11.621   11.060   10.496    9.962    9.519
    9.171    8.926    8.785    8.747    8.784    8.873    8.986    9.088
    9.136    9.090    8.897    8.496    7.866    6.975    5.802    4.320
    2.580    0.618   -1.516   -3.780   -6.052   -8.290  -10.338
CT1850:225           11.427   10.847   10.167    9.480    8.825    8.273
    7.834    7.523    7.348    7.321    7.416    7.609    7.873    8.167
    8.435    8.618    8.646    8.438    7.963    7.182    6.072    4.606
    2.847    0.841   -1.353   -3.689   -6.035   -8.345  -10.458
CT1850:220           10.935   10.215    9.389    8.556    7.758    7.076
    6.525    6.126    5.896    5.857    5.985    6.259    6.650    7.119
    7.591    7.994    8.241    8.230    7.919    7.261    6.231    4.799
    3.041    1.014   -1.217   -3.594   -5.979   -8.324  -10.459
CT1850:215           10.369    9.527    8.567    7.597    6.660    5.848
    5.177    4.680    4.377    4.303    4.437    4.763    5.250    5.862
    6.512    7.115    7.566    7.747    7.603    7.078    6.142    4.762
    3.025    0.995   -1.252   -3.653   -6.059   -8.422  -10.564
CT1850:210            9.884    8.912    7.812    6.698    5.616    4.662
    3.860    3.245    2.846    2.709    2.816    3.155    3.698    4.411
    5.200    5.968    6.600    6.961    6.983    6.600    5.775    4.472
    2.786    0.786   -1.445   -3.836   -6.230   -8.578  -10.698
CT1850:205            9.497    8.392    7.152    5.895    4.667    3.567
    2.623    1.877    1.362    1.134    1.179    1.491    2.044    2.811
    3.694    4.585    5.364    5.884    6.065    5.831    5.139    3.946
    2.352    0.428   -1.735   -4.060   -6.384   -8.659  -10.693
CT1850:200            9.043    7.827    6.467    5.085    3.725    2.489
    1.408    0.528   -0.113   -0.451   -0.496   -0.249    0.269    1.038
    1.958    2.920    3.798    4.440    4.754    4.658    4.100    3.032
    1.550   -0.270   -2.339   -4.577   -6.817   -9.010  -10.970
CT1850:195            8.618    7.310    5.847    4.360    2.885    1.526
    0.318   -0.692   -1.462   -1.924   -2.081   -1.931   -1.488   -0.768
    0.135    1.111    2.037    2.759    3.179    3.209    2.791    1.873
    0.545   -1.121   -3.036   -5.120   -7.207   -9.248  -11.058
CT1850:190            8.221    6.830    5.280    3.701    2.130    0.665
   -0.656   -1.786   -2.680   -3.270   -3.554   -3.526   -3.197   -2.575
   -1.748   -0.824    0.083    0.826    1.302    1.421    1.125    0.353
   -0.813   -2.307   -4.048   -5.962   -7.889   -9.779  -11.461
CT1850:185            7.843    6.388    4.775    3.131    1.489   -0.056
   -1.466   -2.694   -3.697   -4.406   -4.820   -4.929   -4.741   -4.259
   -3.563   -2.751   -1.927   -1.225   -0.747   -0.576   -0.775   -1.403
   -2.393   -3.692   -5.225   -6.931   -8.663  -10.368  -11.897
CT1850:180            7.520    6.013    4.354    2.665    0.976   -0.622
   -2.094   -3.395   -4.486   -5.301   -5.839   -6.090   -6.062   -5.753
   -5.234   -4.591   -3.913   -3.316   -2.891   -2.716   -2.848   -3.346
   -4.159   -5.247   -6.551   -8.024   -9.535  -11.033  -12.393
CT1850:175            7.317    5.764    4.073    2.356    0.642   -0.983
   -2.489   -3.837   -4.991   -5.893   -6.544   -6.936   -7.077   -6.964
   -6.656   -6.226   -5.744   -5.304   -4.981   -4.841   -4.934   -5.310
   -5.939   -6.795   -7.834   -9.026  -10.261  -11.491  -12.611
CT1850:170            7.077    5.503    3.806    2.089    0.381   -1.240
   -2.750   -4.113   -5.302   -6.269   -7.018   -7.544   -7.857   -7.954
   -7.883   -7.702   -7.460   -7.226   -7.057   -7.001   -7.097   -7.388
   -7.862   -8.509   -9.305  -10.240  -11.229  -12.226  -13.156
CT1850:165            6.861    5.293    3.619    1.930    0.255   -1.332
   -2.815   -4.165   -5.363   -6.372   -7.199   -7.847   -8.323   -8.628
   -8.799   -8.875   -8.888   -8.876   -8.876   -8.917   -9.024   -9.228
   -9.532   -9.942  -10.452  -11.064  -11.720  -12.380  -12.977
CT1850:160            6.704    5.139    3.491    1.835    0.203   -1.339
   -2.781   -4.104   -5.295   -6.333   -7.230   -7.992   -8.629   -9.145
   -9.562   -9.906  -10.188  -10.419  -10.617  -10.790  -10.951  -11.119
  -11.313  -11.553  -11.851  -12.229  -12.654  -13.093  -13.505
CT1850:155            6.390    4.876    3.291    1.703    0.144   -1.325
   -2.702   -3.975   -5.140   -6.188   -7.137   -7.996   -8.776   -9.484
  -10.130  -10.722  -11.255  -11.716  -12.102  -12.405  -12.625  -12.767
  -12.866  -12.950  -13.048  -13.194  -13.380  -13.580  -13.767
CT1850:150            6.301    4.806    3.262    1.725    0.225   -1.182
   -2.501   -3.729   -4.869   -5.926   -6.920   -7.866   -8.777   -9.658
  -10.509  -11.326  -12.086  -12.756  -13.319  -13.752  -14.045  -14.192
  -14.237  -14.218  -14.175  -14.150  -14.161  -14.187  -14.219
CT1850:145            5.928    4.508    3.047    1.593    0.180   -1.144
   -2.390   -3.557   -4.657   -5.705   -6.725   -7.735   -8.747   -9.768
  -10.787  -11.787  -12.737  -13.587  -14.307  -14.867  -15.246  -15.432
  -15.473  -15.412  -15.298  -15.179  -15.093  -15.025  -14.987
CT1850:140            5.883    4.488    3.071    1.668    0.312   -0.954
   -2.143   -3.264   -4.331   -5.368   -6.403   -7.455   -8.537   -9.657
  -10.796  -11.930  -13.020  -14.006  -14.851  -15.517  -15.978  -16.212
  -16.269  -16.191  -16.030  -15.833  -15.651  -15.480  -15.334
CT1850:135            5.631    4.299    2.951    1.620    0.336   -0.861
   -1.986   -3.050   -4.071   -5.077   -6.099   -7.158   -8.267   -9.434
  -10.640  -11.855  -13.036  -14.122  -15.070  -15.837  -16.393  -16.707
  -16.825  -16.787  -16.639  -16.428  -16.212  -15.999  -15.800
CT1850:130            5.602    4.293    2.983    1.693    0.456   -0.692
   -1.768   -2.782   -3.757   -4.722   -5.709   -6.741   -7.833   -8.998
  -10.217  -11.460  -12.688  -13.839  -14.868  -15.729  -16.386  -16.801
  -17.011  -17.046  -16.949  -16.755  -16.529  -16.288  -16.036
CT1850:125            5.586    4.299    3.021    1.768    0.570   -0.532
   -1.561   -2.524   -3.442   -4.346   -5.268   -6.235   -7.265   -8.376
   -9.554  -10.776  -12.008  -13.194  -14.287  -15.239  -16.006  -16.542
  -16.869  -17.007  -16.991  -16.841  -16.626  -16.373  -16.066
CT1850:120            5.556    4.286    3.034    1.810    0.647   -0.416
   -1.397   -2.305   -3.158   -3.982   -4.814   -5.682   -6.610   -7.622
   -8.717   -9.879  -11.086  -12.290  -13.440  -14.486  -15.379  -16.061
  -16.539  -16.820  -16.929  -16.870  -16.714  -16.500  -16.190
CT1850:115            5.651    4.373    3.124    1.909    0.762   -0.275
   -1.219   -2.076   -2.862   -3.598   -4.323   -5.069   -5.865   -6.748
   -7.729   -8.803   -9.963  -11.169  -12.371  -13.513  -14.540  -15.382
  -16.030  -16.478  -16.739  -16.805  -16.743  -16.604  -16.329
CT1850:110            5.611    4.339    3.102    1.902    0.776   -0.230
   -1.133   -1.932   -2.640   -3.274   -3.874   -4.478   -5.120   -5.851
   -6.694   -7.660   -8.753   -9.947  -11.187  -12.415  -13.568  -14.567
  -15.383  -15.998  -16.414  -16.609  -16.648  -16.590  -16.353
CT1850:105            5.712    4.417    3.164    1.952    0.822   -0.173
   -1.050   -1.805   -2.446   -2.985   -3.466   -3.928   -4.418   -4.993
   -5.698   -6.552   -7.575   -8.753  -10.026  -11.336  -12.613  -13.769
  -14.760  -15.556  -16.152  -16.514  -16.704  -16.784  -16.662
CT1850:100            5.659    4.358    3.100    1.886    0.759   -0.222
   -1.071   -1.779   -2.352   -2.795   -3.157   -3.480   -3.817   -4.239
   -4.802   -5.538   -6.479   -7.621   -8.902  -10.261  -11.624  -12.897
  -14.022  -14.960  -15.696  -16.187  -16.488  -16.666  -16.609
CT1850:095            5.700    4.368    3.081    1.840    0.694   -0.294
   -1.134   -1.815   -2.339   -2.707   -2.970   -3.176   -3.384   -3.673
   -4.111   -4.739   -5.601   -6.699   -7.972   -9.359  -10.784  -12.149
  -13.388  -14.456  -15.332  -15.967  -16.408  -16.722  -16.788
CT1850:090            5.634    4.284    2.974    1.710    0.544   -0.454
   -1.292   -1.956   -2.443   -2.752   -2.937   -3.048   -3.150   -3.326
   -3.653   -4.179   -4.954   -5.988   -7.220   -8.593  -10.028  -11.433
  -12.734  -13.881  -14.851  -15.587  -16.129  -16.540  -16.684
CT1850:085            5.734    4.329    2.962    1.644    0.428   -0.608
   -1.471   -2.145   -2.625   -2.907   -3.047   -3.099   -3.127   -3.220
   -3.458   -3.894   -4.580   -5.533   -6.695   -8.013   -9.414  -10.811
  -12.129  -13.318  -14.350  -15.167  -15.795  -16.291  -16.510
CT1850:080            5.664    4.231    2.823    1.461    0.198   -0.880
   -1.777   -2.475   -2.967   -3.246   -3.370   -3.391   -3.377   -3.413
   -3.580   -3.933   -4.524   -5.376   -6.436   -7.661   -8.985  -10.332
  -11.630  -12.829  -13.900  -14.782  -15.490  -16.071  -16.375
CT1850:075            5.929    4.408    2.909    1.455    0.104   -1.054
   -2.024   -2.782   -3.324   -3.639   -3.784   -3.813   -3.788   -3.791
   -3.901   -4.172   -4.657   -5.381   -6.304   -7.391   -8.587   -9.831
  -11.055  -12.211  -13.267  -14.163  -14.894  -15.500  -15.816
CT1850:070            5.875    4.321    2.767    1.251   -0.171   -1.403
   -2.446   -3.274   -3.879   -4.247   -4.435   -4.491   -4.475   -4.460
   -4.521   -4.712   -5.083   -5.665   -6.432   -7.359   -8.410   -9.537
  -10.679  -11.794  -12.847  -13.780  -14.573  -15.254  -15.655
CT1850:065            6.151    4.510    2.857    1.237   -0.293   -1.635
   -2.785   -3.715   -4.414   -4.865   -5.120   -5.225   -5.233   -5.206
   -5.218   -5.320   -5.563   -5.984   -6.571   -7.314   -8.190   -9.170
  -10.200  -11.240  -12.254  -13.185  -13.994  -14.697  -15.119
CT1850:060            6.138    4.467    2.755    1.064   -0.551   -1.990
   -3.241   -4.273   -5.070   -5.609   -5.935   -6.089   -6.118   -6.075
   -6.029   -6.034   -6.142   -6.398   -6.804   -7.366   -8.074   -8.918
   -9.850  -10.833  -11.831  -12.790  -13.654  -14.426  -14.932
CT1850:055            6.353    4.619    2.823    1.039   -0.682   -2.235
   -3.605   -4.755   -5.663   -6.297   -6.697   -6.897   -6.939   -6.868
   -6.753   -6.652   -6.621   -6.710   -6.940   -7.328   -7.877   -8.593
   -9.432  -10.361  -11.341  -12.321  -13.229  -14.058  -14.632
CT1850:050            6.405    4.655    2.809    0.963   -0.838   -2.488
   -3.961   -5.216   -6.222   -6.938   -7.397   -7.625   -7.661   -7.544
   -7.345   -7.130   -6.958   -6.893   -6.965   -7.202   -7.620   -8.234
   -9.005   -9.901  -10.881  -11.898  -12.866  -13.765  -14.423
CT1850:045            6.622    4.838    2.935    1.021   -0.861   -2.605
   -4.177   -5.530   -6.625   -7.410   -7.910   -8.148   -8.160   -7.982
   -7.691   -7.361   -7.061   -6.861   -6.804   -6.924   -7.245   -7.791
   -8.523   -9.409  -10.409  -11.476  -12.513  -13.491  -14.240
CT1850:040            6.759    4.982    3.057    1.109   -0.823   -2.630
   -4.271   -5.692   -6.848   -7.673   -8.188   -8.411   -8.378   -8.125
   -7.738   -7.300   -6.887   -6.580   -6.427   -6.467   -6.729   -7.241
   -7.963   -8.863   -9.898  -11.023  -12.131  -13.187  -14.018
CT1850:035            6.971    5.205    3.270    1.304   -0.658   -2.504
   -4.186   -5.646   -6.832   -7.669   -8.174   -8.363   -8.275   -7.946
   -7.472   -6.945   -6.448   -6.070   -5.863   -5.869   -6.117   -6.639
   -7.391   -8.341   -9.443  -10.655  -11.861  -13.021  -13.966
CT1850:030            7.202    5.473    3.558    1.605   -0.351   -2.197
   -3.881   -5.340   -6.517   -7.333   -7.803   -7.943   -7.792   -7.392
   -6.847   -6.254   -5.704   -5.290   -5.066   -5.074   -5.341   -5.901
   -6.706   -7.720   -8.897  -10.191  -11.481  -12.724  -13.746
CT1850:025            7.468    5.791    3.918    2.004    0.085   -1.724
   -3.369   -4.785   -5.917   -6.681   -7.094   -7.175   -6.965   -6.510
   -5.921   -5.297   -4.732   -4.327   -4.129   -4.182   -4.513   -5.152
   -6.048   -7.164   -8.448   -9.854  -11.258  -12.616  -13.752
CT1850:020            7.790    6.184    4.380    2.535    0.687   -1.044
   -2.609   -3.942   -4.989   -5.672   -6.011   -6.026   -5.764   -5.273
   -4.665   -4.042   -3.500   -3.137   -3.000   -3.131   -3.552   -4.293
   -5.295   -6.519   -7.910   -9.416  -10.910  -12.352  -13.556
CT1850:015            8.119    6.603    4.891    3.142    1.397   -0.222
   -1.668   -2.882   -3.813   -4.391   -4.643   -4.592   -4.288   -3.784
   -3.190   -2.605   -2.123   -1.845   -1.810   -2.058   -2.610   -3.491
   -4.637   -6.004   -7.534   -9.173  -10.794  -12.358  -13.680
CT1850:010            8.515    7.103    5.504    3.872    2.256    0.777
   -0.522   -1.589   -2.381   -2.840   -2.997   -2.882   -2.546   -2.046
   -1.488   -0.965   -0.572   -0.404   -0.496   -0.884   -1.584   -2.614
   -3.906   -5.410   -7.066   -8.809  -10.516  -12.155  -13.528
CT1850:005            8.914    7.619    6.148    4.652    3.182    1.862
    0.726   -0.180   -0.823   -1.158   -1.223   -1.052   -0.698   -0.221
    0.280    0.715    0.994    1.025    0.778    0.223   -0.652   -1.858
   -3.322   -4.986   -6.788   -8.659  -10.478  -12.222  -13.691
CT1851:360            9.356    8.190    6.859    5.509    4.196    3.042
    2.072    1.326    0.826    0.605    0.621    0.834    1.194    1.637
    2.068    2.407    2.563    2.448    2.040    1.313    0.263   -1.114
   -2.736   -4.542   -6.463   -8.425  -10.311  -12.107  -13.606
