CT1862:360           11.725   10.923   10.009    9.075    8.147    7.282
    6.487    5.772    5.138    4.587    4.100    3.657    3.239    2.823
    2.387    1.912    1.379    0.773    0.089   -0.686   -1.565   -2.576
   -3.717   -4.996   -6.407   -7.960   -9.578  -11.207  -12.767
CT1862:355           11.730   10.899    9.963    9.011    8.072    7.200
    6.402    5.688    5.057    4.510    4.026    3.584    3.163    2.736
    2.279    1.776    1.204    0.550   -0.187   -1.017   -1.947   -3.000
   -4.172   -5.467   -6.878   -8.413   -9.997  -11.585  -13.089
CT1862:350           11.655   10.813    9.871    8.916    7.978    7.112
    6.323    5.617    4.996    4.456    3.973    3.527    3.095    2.648
    2.161    1.619    1.002    0.296   -0.495   -1.378   -2.356   -3.448
   -4.647   -5.954   -7.363   -8.876  -10.424  -11.965  -13.405
CT1862:345           11.633   10.769    9.816    8.854    7.916    7.057
    6.277    5.584    4.972    4.437    3.951    3.492    3.035    2.551
    2.018    1.422    0.747   -0.018   -0.866   -1.801   -2.825   -3.951
   -5.173   -6.490   -7.895   -9.388  -10.903  -12.403  -13.786
CT1862:340           11.563   10.690    9.736    8.777    7.849    7.005
    6.245    5.571    4.975    4.447    3.955    3.475    2.982    2.446
    1.851    1.187    0.442   -0.388   -1.295   -2.277   -3.338   -4.487
   -5.720   -7.036   -8.427   -9.889  -11.360  -12.807  -14.122
CT1862:335           11.514   10.628    9.670    8.713    7.793    6.967
    6.228    5.575    4.996    4.473    3.972    3.463    2.923    2.321
    1.648    0.901    0.075   -0.827   -1.793   -2.822   -3.914   -5.079
   -6.315   -7.622   -8.992  -10.419  -11.842  -13.233  -14.476
CT1862:330           11.444   10.550    9.591    8.638    7.729    6.922
    6.206    5.576    5.016    4.499    3.985    3.444    2.851    2.176
    1.417    0.579   -0.334   -1.312   -2.339   -3.412   -4.531   -5.705
   -6.936   -8.226   -9.569  -10.955  -12.326  -13.658  -14.827
CT1862:325           11.362   10.461    9.502    8.551    7.652    6.861
    6.165    5.555    5.010    4.495    3.968    3.394    2.747    1.999
    1.153    0.225   -0.775   -1.829   -2.917   -4.032   -5.175   -6.355
   -7.577   -8.846  -10.155  -11.493  -12.805  -14.071  -15.157
CT1862:320           11.288   10.375    9.409    8.455    7.557    6.774
    6.088    5.489    4.951    4.435    3.891    3.285    2.588    1.774
    0.852   -0.158   -1.238   -2.362   -3.506   -4.663   -5.830   -7.017
   -8.231   -9.478  -10.754  -12.046  -13.301  -14.502  -15.513
CT1862:315           11.338   10.388    9.393    8.413    7.496    6.699
    6.003    5.396    4.848    4.317    3.752    3.113    2.373    1.505
    0.520   -0.555   -1.700   -2.882   -4.077   -5.271   -6.463   -7.657
   -8.866  -10.093  -11.336  -12.579  -13.775  -14.911  -15.844
CT1862:310           11.259   10.292    9.278    8.278    7.341    6.524
    5.808    5.181    4.613    4.061    3.471    2.806    2.036    1.133
    0.110   -1.007   -2.195   -3.419   -4.652   -5.878   -7.092   -8.297
   -9.501  -10.711  -11.923  -13.120  -14.259  -15.332  -16.190
CT1862:305           11.410   10.379    9.307    8.251    7.258    6.387
    5.619    4.941    4.326    3.731    3.106    2.411    1.617    0.694
   -0.347   -1.483   -2.691   -3.939   -5.196   -6.445   -7.678   -8.892
  -10.095  -11.290  -12.474  -13.628  -14.714  -15.728  -16.518
CT1862:300           11.335   10.282    9.176    8.082    7.043    6.118
    5.291    4.554    3.883    3.240    2.577    1.857    1.051    0.126
   -0.909   -2.038   -3.243   -4.492   -5.756   -7.015   -8.259   -9.478
  -10.677  -11.857  -13.014  -14.127  -15.160  -16.116  -16.837
CT1862:295           11.334   10.244    9.089    7.940    6.838    5.840
    4.935    4.119    3.372    2.666    1.956    1.207    0.392   -0.523
   -1.539   -2.643   -3.825   -5.057   -6.312   -7.569   -8.813  -10.031
  -11.224  -12.389  -13.522  -14.598  -15.587  -16.492  -17.154
CT1862:290           11.272   10.157    8.960    7.759    6.592    5.517
    4.527    3.624    2.795    2.018    1.257    0.478   -0.345   -1.246
   -2.232   -3.299   -4.443   -5.642   -6.871   -8.110   -9.342  -10.550
  -11.731  -12.879  -13.987  -15.028  -15.973  -16.829  -17.432
CT1862:285           11.152   10.025    8.793    7.547    6.319    5.166
    4.092    3.101    2.187    1.339    0.524   -0.287   -1.119   -2.005
   -2.960   -3.986   -5.084   -6.240   -7.433   -8.642   -9.852  -11.044
  -12.210  -13.342  -14.431  -15.447  -16.360  -17.181  -17.743
CT1862:280           11.111    9.962    8.689    7.391    6.097    4.866
    3.706    2.628    1.631    0.711   -0.159   -1.004   -1.849   -2.726
   -3.652   -4.637   -5.688   -6.797   -7.944   -9.116  -10.294  -11.462
  -12.608  -13.721  -14.791  -15.782  -16.665  -17.451  -17.968
CT1862:275           11.001    9.849    8.550    7.217    5.873    4.577
    3.347    2.195    1.127    0.145   -0.773   -1.649   -2.509   -3.380
   -4.284   -5.234   -6.241   -7.302   -8.404   -9.534  -10.680  -11.824
  -12.954  -14.056  -15.116  -16.096  -16.964  -17.732  -18.224
CT1862:270           10.990    9.825    8.497    7.126    5.734    4.382
    3.091    1.876    0.748   -0.286   -1.246   -2.152   -3.027   -3.897
   -4.785   -5.706   -6.674   -7.691   -8.748   -9.840  -10.953  -12.076
  -13.193  -14.287  -15.342  -16.315  -17.171  -17.923  -18.387
CT1862:265           10.984    9.818    8.473    7.081    5.658    4.267
    2.933    1.676    0.506   -0.566   -1.557   -2.485   -3.371   -4.239
   -5.111   -6.006   -6.938   -7.914   -8.930   -9.984  -11.068  -12.171
  -13.276  -14.363  -15.410  -16.369  -17.201  -17.920  -18.330
CT1862:260           11.010    9.843    8.489    7.083    5.642    4.228
    2.868    1.584    0.389   -0.707   -1.718   -2.660   -3.553   -4.418
   -5.277   -6.149   -7.053   -7.997   -8.986  -10.019  -11.092  -12.197
  -13.313  -14.417  -15.484  -16.461  -17.303  -18.026  -18.427
CT1862:255           11.092    9.931    8.577    7.169    5.723    4.301
    2.933    1.640    0.434   -0.670   -1.687   -2.632   -3.521   -4.374
   -5.214   -6.061   -6.935   -7.851   -8.816   -9.835  -10.904  -12.015
  -13.143  -14.262  -15.341  -16.316  -17.142  -17.836  -18.177
CT1862:250           11.157   10.010    8.669    7.274    5.838    4.426
    3.066    1.779    0.580   -0.520   -1.531   -2.467   -3.344   -4.178
   -4.995   -5.818   -6.669   -7.570   -8.530   -9.557  -10.648  -11.795
  -12.968  -14.135  -15.261  -16.277  -17.135  -17.853  -18.202
CT1862:245           11.220   10.099    8.786    7.417    6.007    4.620
    3.283    2.018    0.838   -0.242   -1.235   -2.150   -3.002   -3.808
   -4.595   -5.390   -6.221   -7.114   -8.081   -9.131  -10.261  -11.460
  -12.690  -13.915  -15.097  -16.160  -17.053  -17.799  -18.156
CT1862:240           11.320   10.227    8.946    7.611    6.236    4.884
    3.581    2.348    1.197    0.146   -0.816   -1.698   -2.516   -3.286
   -4.039   -4.807   -5.623   -6.518   -7.506   -8.595   -9.779  -11.043
  -12.343  -13.639  -14.886  -16.006  -16.945  -17.730  -18.110
CT1862:235           11.313   10.273    9.046    7.765    6.445    5.144
    3.891    2.704    1.598    0.589   -0.331   -1.171   -1.946   -2.676
   -3.396   -4.141   -4.951   -5.863   -6.888   -8.033   -9.289  -10.637
  -12.026  -13.410  -14.745  -15.948  -16.967  -17.829  -18.285
CT1862:230           11.438   10.435    9.253    8.020    6.752    5.504
    4.302    3.165    2.108    1.147    0.275   -0.517   -1.245   -1.934
   -2.623   -3.352   -4.164   -5.100   -6.168   -7.371   -8.697  -10.121
  -11.586  -13.045  -14.448  -15.710  -16.781  -17.689  -18.178
CT1862:225           11.352   10.423    9.316    8.159    6.966    5.790
    4.658    3.588    2.594    1.694    0.879    0.141   -0.541   -1.194
   -1.862   -2.587   -3.415   -4.387   -5.509   -6.780   -8.183   -9.690
  -11.239  -12.782  -14.268  -15.614  -16.767  -17.759  -18.334
CT1862:220           11.483   10.593    9.536    8.433    7.298    6.185
    5.116    4.108    3.176    2.334    1.574    0.884    0.242   -0.386
   -1.045   -1.777   -2.629   -3.643   -4.815   -6.145   -7.610   -9.179
  -10.790  -12.390  -13.932  -15.330  -16.532  -17.570  -18.184
CT1862:215           11.467   10.640    9.650    8.616    7.552    6.511
    5.514    4.578    3.715    2.937    2.233    1.587    0.976    0.363
   -0.299   -1.048   -1.933   -2.988   -4.209   -5.589   -7.106   -8.725
  -10.385  -12.034  -13.625  -15.071  -16.321  -17.407  -18.066
CT1862:210           11.583   10.791    9.846    8.861    7.852    6.871
    5.937    5.064    4.261    3.539    2.881    2.269    1.677    1.065
    0.390   -0.386   -1.305   -2.399   -3.660   -5.077   -6.629   -8.281
   -9.974  -11.657  -13.284  -14.770  -16.061  -17.189  -17.889
CT1862:205           11.694   10.931   10.025    9.082    8.121    7.193
    6.313    5.496    4.748    4.072    3.451    2.864    2.282    1.664
    0.971    0.170   -0.778   -1.901   -3.185   -4.622   -6.190   -7.856
   -9.563  -11.263  -12.909  -14.417  -15.732  -16.883  -17.603
CT1862:200           11.780   11.043   10.168    9.259    8.336    7.450
    6.615    5.842    5.136    4.495    3.900    3.326    2.747    2.120
    1.411    0.591   -0.375   -1.511   -2.805   -4.247   -5.817   -7.486
   -9.200  -10.912  -12.577  -14.112  -15.460  -16.647  -17.408
CT1862:195           11.901   11.173   10.313    9.422    8.520    7.657
    6.847    6.099    5.416    4.794    4.210    3.641    3.060    2.428
    1.711    0.886   -0.081   -1.211   -2.493   -3.921   -5.477   -7.135
   -8.844  -10.557  -12.229  -13.780  -15.148  -16.357  -17.146
CT1862:190           11.946   11.231   10.383    9.503    8.613    7.761
    6.961    6.222    5.545    4.925    4.341    3.770    3.188    2.557
    1.847    1.036    0.091   -1.013   -2.265   -3.664   -5.193   -6.831
   -8.528  -10.238  -11.916  -13.482  -14.875  -16.114  -16.943
CT1862:185           12.019   11.301   10.449    9.564    8.666    7.805
    6.994    6.241    5.547    4.912    4.314    3.735    3.151    2.530
    1.843    1.064    0.161   -0.894   -2.097   -3.447   -4.934   -6.539
   -8.211   -9.905  -11.575  -13.143  -14.543  -15.795  -16.644
CT1862:180           12.019   11.301   10.441    9.546    8.633    7.751
    6.914    6.132    5.408    4.743    4.121    3.527    2.942    2.338
    1.684    0.953    0.108   -0.882   -2.021   -3.312   -4.747   -6.312
   -7.953   -9.628  -11.290  -12.862  -14.277  -15.552  -16.440
CT1862:175           11.870   11.171   10.316    9.417    8.491    7.587
    6.720    5.903    5.141    4.440    3.789    3.179    2.594    2.010
    1.397    0.724   -0.050   -0.963   -2.024   -3.242   -4.612   -6.121
   -7.719   -9.361  -11.000  -12.563  -13.980  -15.263  -16.174
CT1862:170           11.831   11.122   10.247    9.324    8.367    7.424
    6.513    5.649    4.839    4.093    3.407    2.774    2.183    1.616
    1.040    0.421   -0.283   -1.118   -2.098   -3.236   -4.533   -5.980
   -7.526   -9.130  -10.743  -12.298  -13.720  -15.020  -15.969
CT1862:165           11.639   10.944   10.066    9.133    8.158    7.186
    6.242    5.340    4.490    3.708    2.992    2.340    1.744    1.189
    0.645    0.075   -0.565   -1.323   -2.221   -3.275   -4.490   -5.863
   -7.345   -8.896  -10.470  -12.001  -13.414  -14.715  -15.683
CT1862:160           11.566   10.856    9.955    8.998    7.993    6.990
    6.012    5.075    4.193    3.381    2.640    1.970    1.365    0.814
    0.289   -0.248   -0.841   -1.537   -2.362   -3.339   -4.475   -5.774
   -7.191   -8.689  -10.226  -11.740  -13.154  -14.468  -15.476
CT1862:155           11.731   10.960   10.008    9.001    7.952    6.911
    5.900    4.936    4.031    3.201    2.446    1.765    1.153    0.601
    0.082   -0.437   -0.998   -1.647   -2.412   -3.317   -4.374   -5.593
   -6.936   -8.367   -9.848  -11.321  -12.708  -14.002  -15.004
CT1862:150           11.637   10.851    9.883    8.863    7.803    6.756
    5.745    4.786    3.892    3.075    2.331    1.659    1.052    0.502
   -0.016   -0.532   -1.081   -1.705   -2.433   -3.290   -4.292   -5.452
   -6.740   -8.127   -9.576  -11.037  -12.430  -13.742  -14.787
CT1862:145           11.866   11.009    9.989    8.926    7.837    6.779
    5.770    4.826    3.956    3.169    2.455    1.807    1.217    0.672
    0.153   -0.367   -0.918   -1.536   -2.246   -3.072   -4.033   -5.145
   -6.384   -7.725   -9.135  -10.570  -11.947  -13.249  -14.297
CT1862:140           11.767   10.900    9.878    8.817    7.741    6.710
    5.742    4.850    4.041    3.318    2.666    2.070    1.518    0.994
    0.479   -0.047   -0.611   -1.241   -1.957   -2.783   -3.734   -4.831
   -6.054   -7.383   -8.788  -10.231  -11.629  -12.963  -14.064
CT1862:135           11.727   10.843    9.818    8.763    7.706    6.714
    5.800    4.978    4.248    3.610    3.039    2.514    2.018    1.529
    1.028    0.499   -0.080   -0.733   -1.472   -2.316   -3.281   -4.386
   -5.615   -6.950   -8.365   -9.828  -11.256  -12.626  -13.777
CT1862:130           11.634   10.746    9.730    8.693    7.669    6.730
    5.886    5.149    4.515    3.978    3.505    3.068    2.643    2.203
    1.728    1.204    0.612   -0.067   -0.838   -1.717   -2.715   -3.851
   -5.108   -6.472   -7.919   -9.418  -10.890  -12.309  -13.523
CT1862:125           11.460   10.584    9.593    8.590    7.613    6.740
    5.977    5.335    4.806    4.379    4.012    3.672    3.328    2.948
    2.510    2.001    1.402    0.700   -0.107   -1.028   -2.073   -3.258
   -4.567   -5.984   -7.486   -9.048  -10.588  -12.083  -13.387
CT1862:120           11.377   10.501    9.526    8.548    7.613    6.802
    6.117    5.564    5.135    4.813    4.548    4.303    4.043    3.728
    3.335    2.852    2.261    1.548    0.716   -0.242   -1.332   -2.568
   -3.930   -5.403   -6.963   -8.583  -10.186  -11.744  -13.118
CT1862:115           11.254   10.386    9.434    8.487    7.597    6.847
    6.236    5.768    5.430    5.202    5.030    4.872    4.690    4.441
    4.099    3.653    3.082    2.371    1.527    0.543   -0.585   -1.870
   -3.288   -4.823   -6.447   -8.136   -9.809  -11.440  -12.894
CT1862:110           11.178   10.310    9.374    8.452    7.599    6.901
    6.350    5.950    5.686    5.533    5.436    5.351    5.236    5.047
    4.758    4.355    3.817    3.126    2.287    1.296    0.146   -1.175
   -2.638   -4.226   -5.909   -7.661   -9.400  -11.099  -12.624
CT1862:105           11.141   10.267    9.341    8.436    7.609    6.949
    6.442    6.092    5.880    5.781    5.738    5.706    5.644    5.507
    5.269    4.915    4.420    3.764    2.952    1.974    0.826   -0.508
   -1.995   -3.616   -5.339   -7.136   -8.921  -10.667  -12.239
CT1862:100           11.069   10.193    9.276    8.385    7.580    6.946
    6.469    6.149    5.968    5.901    5.890    5.891    5.865    5.769
    5.575    5.267    4.820    4.209    3.436    2.489    1.360    0.032
   -1.464   -3.106   -4.862   -6.703   -8.542  -10.346  -11.985
CT1862:095           11.014   10.134    9.220    8.335    7.540    6.916
    6.450    6.140    5.967    5.909    5.908    5.924    5.918    5.849
    5.690    5.425    5.027    4.469    3.751    2.856    1.773    0.480
   -0.993   -2.625   -4.383   -6.242   -8.105   -9.939  -11.614
CT1862:090           10.943   10.058    9.143    8.257    7.460    6.833
    6.360    6.040    5.855    5.784    5.773    5.784    5.780    5.722
    5.586    5.354    5.000    4.497    3.839    3.009    1.989    0.752
   -0.676   -2.280   -4.027   -5.896   -7.787   -9.659  -11.389
CT1862:085           10.870    9.979    9.057    8.163    7.355    6.711
    6.214    5.865    5.649    5.546    5.507    5.495    5.477    5.417
    5.290    5.082    4.767    4.319    3.731    2.980    2.046    0.893
   -0.461   -2.005   -3.711   -5.564   -7.458   -9.343  -11.106
CT1862:080           10.801    9.900    8.965    8.054    7.224    6.548
    6.013    5.618    5.352    5.199    5.113    5.061    5.011    4.932
    4.802    4.606    4.323    3.930    3.415    2.755    1.922    0.872
   -0.387   -1.852   -3.500   -5.326   -7.218   -9.116  -10.920
CT1862:075           10.760    9.845    8.889    7.953    7.090    6.370
    5.781    5.326    4.994    4.773    4.624    4.514    4.418    4.307
    4.162    3.971    3.717    3.380    2.946    2.388    1.673    0.747
   -0.394   -1.756   -3.322   -5.098   -6.965   -8.854  -10.675
CT1862:070           10.697    9.769    8.790    7.826    6.925    6.152
    5.501    4.974    4.564    4.264    4.037    3.857    3.701    3.547
    3.378    3.187    2.960    2.682    2.334    1.885    1.297    0.504
   -0.510   -1.761   -3.239   -4.960   -6.802   -8.684  -10.530
CT1862:065           10.672    9.726    8.719    7.720    6.773    5.941
    5.218    4.610    4.112    3.720    3.404    3.143    2.917    2.712
    2.517    2.325    2.128    1.913    1.657    1.325    0.868    0.214
   -0.667   -1.799   -3.182   -4.839   -6.644   -8.506  -10.363
CT1862:060           10.622    9.661    8.627    7.594    6.602    5.709
    4.913    4.222    3.633    3.145    2.736    2.389    2.091    1.835
    1.615    1.426    1.264    1.117    0.955    0.739    0.412   -0.109
   -0.864   -1.885   -3.176   -4.773   -6.543   -8.388  -10.258
CT1862:055           10.573    9.600    8.541    7.476    6.439    5.487
    4.621    3.848    3.169    2.587    2.086    1.655    1.288    0.986
    0.747    0.567    0.445    0.369    0.300    0.192   -0.016   -0.418
   -1.060   -1.982   -3.193   -4.734   -6.473   -8.300  -10.180
CT1862:050           10.540    9.554    8.470    7.374    6.295    5.289
    4.357    3.510    2.749    2.082    1.498    0.993    0.566    0.228
   -0.021   -0.184   -0.261   -0.269   -0.252   -0.263   -0.371   -0.674
   -1.225   -2.067   -3.211   -4.707   -6.417   -8.227  -10.113
CT1862:045           10.553    9.553    8.443    7.316    6.199    5.143
    4.155    3.243    2.413    1.676    1.025    0.463   -0.007   -0.367
   -0.614   -0.754   -0.786   -0.731   -0.642   -0.576   -0.606   -0.836
   -1.320   -2.104   -3.197   -4.654   -6.337   -8.127  -10.006
CT1862:040           10.542    9.534    8.408    7.259    6.113    5.020
    3.990    3.032    2.153    1.368    0.674    0.077   -0.416   -0.781
   -1.015   -1.127   -1.118   -1.014   -0.874   -0.758   -0.742   -0.932
   -1.381   -2.135   -3.203   -4.641   -6.311   -8.093   -9.974
CT1862:035           10.557    9.543    8.404    7.239    6.071    4.953
    3.894    2.907    2.001    1.192    0.480   -0.126   -0.618   -0.971
   -1.184   -1.266   -1.224   -1.088   -0.920   -0.783   -0.753   -0.936
   -1.383   -2.135   -3.202   -4.639   -6.307   -8.089   -9.974
CT1862:030           10.575    9.561    8.417    7.244    6.065    4.934
    3.863    2.866    1.954    1.146    0.443   -0.147   -0.616   -0.940
   -1.121   -1.172   -1.105   -0.955   -0.783   -0.654   -0.642   -0.850
   -1.322   -2.097   -3.182   -4.630   -6.304   -8.089   -9.973
CT1862:025           10.441    9.461    8.340    7.186    6.021    4.900
    3.840    2.857    1.965    1.185    0.516   -0.033   -0.458   -0.738
   -0.879   -0.902   -0.821   -0.676   -0.528   -0.439   -0.480   -0.747
   -1.281   -2.114   -3.251   -4.741   -6.452   -8.272  -10.190
CT1862:020           10.488    9.518    8.405    7.260    6.103    4.993
    3.948    2.987    2.125    1.385    0.766    0.273   -0.093   -0.318
   -0.416   -0.411   -0.323   -0.197   -0.089   -0.059   -0.173   -0.519
   -1.128   -2.028   -3.220   -4.746   -6.478   -8.309  -10.222
CT1862:015           10.433    9.497    8.417    7.302    6.174    5.095
    4.084    3.163    2.349    1.667    1.113    0.689    0.393    0.230
    0.178    0.210    0.295    0.389    0.437    0.386    0.176   -0.272
   -0.979   -1.966   -3.229   -4.805   -6.569   -8.421  -10.335
CT1862:010           10.504    9.586    8.529    7.440    6.341    5.296
    4.325    3.451    2.692    2.074    1.591    1.242    1.017    0.916
    0.907    0.957    1.030    1.078    1.052    0.903    0.582    0.017
   -0.801   -1.885   -3.226   -4.852   -6.643   -8.508  -10.411
CT1862:005           10.601    9.705    8.678    7.623    6.564    5.566
    4.647    3.833    3.140    2.595    2.188    1.914    1.760    1.714
    1.741    1.799    1.848    1.837    1.725    1.467    1.024    0.336
   -0.595   -1.773   -3.186   -4.850   -6.652   -8.509  -10.368
CT1863:360           10.692    9.822    8.832    7.819    6.811    5.872
    5.020    4.277    3.661    3.196    2.867    2.666    2.572    2.569
    2.612    2.658    2.664    2.574    2.357    1.976    1.398    0.575
   -0.479   -1.762   -3.255   -4.967   -6.790   -8.653  -10.488
