CT1864:360           11.316   10.410    9.359    8.274    7.174    6.128
    5.167    4.323    3.620    3.092    2.726    2.512    2.430    2.465
    2.578    2.729    2.886    3.004    3.041    2.950    2.677    2.141
    1.320    0.192   -1.240   -3.014   -4.990   -7.059   -9.189
CT1864:355           11.153   10.314    9.334    8.320    7.293    6.318
    5.424    4.639    3.987    3.498    3.158    2.956    2.872    2.888
    2.963    3.061    3.149    3.181    3.123    2.932    2.561    1.935
    1.039   -0.148   -1.621   -3.420   -5.415   -7.501   -9.657
CT1864:350           11.183   10.376    9.446    8.489    7.527    6.623
    5.801    5.084    4.491    4.047    3.735    3.543    3.450    3.435
    3.460    3.491    3.494    3.428    3.265    2.967    2.494    1.783
    0.822   -0.403   -1.890   -3.673   -5.633   -7.676   -9.778
CT1864:345           11.053   10.309    9.454    8.576    7.701    6.888
    6.155    5.522    5.003    4.613    4.333    4.149    4.037    3.978
    3.934    3.877    3.775    3.591    3.303    2.879    2.289    1.477
    0.439   -0.838   -2.351   -4.130   -6.072   -8.091  -10.166
CT1864:340           11.100   10.384    9.577    8.757    7.952    7.220
    6.570    6.018    5.569    5.228    4.974    4.786    4.644    4.524
    4.395    4.234    4.012    3.699    3.280    2.731    2.028    1.126
    0.025   -1.286   -2.801   -4.551   -6.443   -8.402  -10.406
CT1864:335           11.164   10.471    9.708    8.941    8.203    7.548
    6.978    6.502    6.117    5.818    5.580    5.378    5.192    4.997
    4.769    4.491    4.141    3.698    3.153    2.489    1.689    0.718
   -0.421   -1.737   -3.226   -4.913   -6.718   -8.576  -10.457
CT1864:330           11.185   10.512    9.786    9.065    8.384    7.795
    7.294    6.881    6.547    6.276    6.038    5.807    5.561    5.276
    4.935    4.530    4.046    3.471    2.803    2.032    1.147    0.120
   -1.048   -2.364   -3.826   -5.458   -7.193   -8.971  -10.766
CT1864:325           11.299   10.621    9.910    9.213    8.566    8.020
    7.563    7.189    6.881    6.616    6.359    6.081    5.762    5.376
    4.917    4.385    3.773    3.078    2.307    1.454    0.511   -0.542
   -1.706   -2.990   -4.394   -5.942   -7.575   -9.243  -10.913
CT1864:320           11.292   10.619    9.923    9.244    8.622    8.103
    7.669    7.313    7.010    6.731    6.437    6.101    5.700    5.212
    4.637    3.984    3.254    2.454    1.595    0.678   -0.303   -1.363
   -2.510   -3.754   -5.099   -6.569   -8.116   -9.692  -11.266
CT1864:315           11.275   10.598    9.902    9.226    8.607    8.089
    7.653    7.285    6.962    6.647    6.301    5.896    5.412    4.826
    4.147    3.388    2.559    1.675    0.751   -0.207   -1.203   -2.252
   -3.364   -4.553   -5.828   -7.215   -8.670  -10.153  -11.629
CT1864:310           11.238   10.550    9.841    9.151    8.515    7.974
    7.509    7.106    6.738    6.368    5.959    5.483    4.921    4.252
    3.487    2.645    1.741    0.796   -0.170   -1.150   -2.145   -3.168
   -4.235   -5.364   -6.566   -7.869   -9.236  -10.626  -12.006
CT1864:305           11.112   10.419    9.695    8.983    8.318    7.739
    7.227    6.769    6.341    5.907    5.431    4.889    4.260    3.527
    2.702    1.805    0.853   -0.127   -1.115   -2.101   -3.084   -4.076
   -5.096   -6.165   -7.298   -8.522   -9.804  -11.106  -12.392
CT1864:300           11.049   10.329    9.569    8.815    8.099    7.458
    6.877    6.345    5.842    5.334    4.791    4.188    3.509    2.733
    1.874    0.948   -0.025   -1.019   -2.011   -2.992   -3.958   -4.919
   -5.899   -6.916   -7.989   -9.145  -10.353  -11.576  -12.774
CT1864:295           10.942   10.197    9.395    8.593    7.817    7.105
    6.447    5.834    5.251    4.671    4.067    3.416    2.702    1.907
    1.038    0.111   -0.859   -1.846   -2.830   -3.798   -4.748   -5.687
   -6.636   -7.618   -8.647   -9.750  -10.897  -12.054  -13.174
CT1864:290           10.861   10.082    9.229    8.369    7.525    6.734
    5.992    5.296    4.632    3.984    3.327    2.641    1.909    1.113
    0.257   -0.651   -1.598   -2.564   -3.528   -4.480   -5.416   -6.341
   -7.274   -8.234   -9.235  -10.300  -11.397  -12.497  -13.542
CT1864:285           10.836   10.008    9.094    8.166    7.245    6.372
    5.545    4.765    4.026    3.317    2.616    1.905    1.169    0.387
   -0.442   -1.316   -2.228   -3.163   -4.105   -5.042   -5.971   -6.895
   -7.829   -8.787   -9.782  -10.830  -11.899  -12.962  -13.952
CT1864:280           10.752    9.888    8.922    7.936    6.948    6.001
    5.101    4.250    3.450    2.693    1.962    1.240    0.511   -0.245
   -1.037   -1.868   -2.737   -3.637   -4.552   -5.476   -6.403   -7.334
   -8.279   -9.248  -10.249  -11.289  -12.337  -13.367  -14.298
CT1864:275           10.790    9.869    8.838    7.784    6.725    5.705
    4.735    3.822    2.968    2.173    1.421    0.696   -0.020   -0.746
   -1.498   -2.284   -3.111   -3.975   -4.868   -5.782   -6.713   -7.660
   -8.628   -9.619  -10.637  -11.680  -12.713  -13.716  -14.589
CT1864:270           10.717    9.765    8.692    7.592    6.482    5.412
    4.392    3.436    2.548    1.732    0.973    0.254   -0.441   -1.135
   -1.847   -2.591   -3.379   -4.214   -5.090   -6.002   -6.946   -7.921
   -8.922   -9.949  -10.997  -12.058  -13.092  -14.081  -14.909
CT1864:265           10.771    9.770    8.647    7.496    6.336    5.219
    4.159    3.169    2.257    1.429    0.669   -0.039   -0.714   -1.379
   -2.056   -2.764   -3.521   -4.335   -5.202   -6.121   -7.087   -8.096
   -9.138  -10.207  -11.293  -12.376  -13.411  -14.387  -15.166
CT1864:260           10.720    9.699    8.551    7.374    6.187    5.047
    3.968    2.965    2.048    1.222    0.472   -0.220   -0.872   -1.508
   -2.156   -2.836   -3.571   -4.373   -5.243   -6.179   -7.177   -8.231
   -9.325  -10.445  -11.577  -12.691  -13.738  -14.713  -15.456
CT1864:255           10.758    9.707    8.532    7.329    6.120    4.963
    3.874    2.867    1.952    1.135    0.397   -0.276   -0.908   -1.523
   -2.149   -2.812   -3.538   -4.344   -5.231   -6.199   -7.244   -8.357
   -9.516  -10.702  -11.895  -13.058  -14.139  -15.135  -15.875
CT1864:250           10.735    9.676    8.494    7.286    6.075    4.921
    3.838    2.843    1.943    1.145    0.428   -0.224   -0.834   -1.428
   -2.038   -2.690   -3.414   -4.232   -5.145   -6.153   -7.249   -8.423
   -9.645  -10.892  -12.137  -13.334  -14.432  -15.430  -16.139
CT1864:245           10.752    9.685    8.500    7.292    6.085    4.941
    3.873    2.896    2.016    1.240    0.546   -0.085   -0.675   -1.254
   -1.855   -2.507   -3.243   -4.087   -5.039   -6.101   -7.262   -8.507
   -9.803  -11.118  -12.423  -13.666  -14.793  -15.810  -16.514
CT1864:240           10.755    9.693    8.517    7.320    6.129    5.005
    3.960    3.009    2.156    1.406    0.738    0.129   -0.443   -1.011
   -1.610   -2.269   -3.025   -3.904   -4.904   -6.025   -7.253   -8.569
   -9.931  -11.306  -12.659  -13.932  -15.070  -16.085  -16.759
CT1864:235           10.760    9.707    8.547    7.369    6.201    5.103
    4.086    3.164    2.340    1.619    0.975    0.387   -0.171   -0.734
   -1.338   -2.015   -2.802   -3.725   -4.782   -5.968   -7.265   -8.651
  -10.076  -11.505  -12.898  -14.193  -15.335  -16.343  -16.983
CT1864:230           10.784    9.744    8.602    7.445    6.301    5.231
    4.243    3.350    2.554    1.859    1.236    0.664    0.114   -0.452
   -1.072   -1.777   -2.605   -3.583   -4.702   -5.956   -7.323   -8.773
  -10.256  -11.729  -13.155  -14.464  -15.606  -16.603  -17.211
CT1864:225           10.802    9.780    8.661    7.528    6.411    5.369
    4.409    3.543    2.774    2.100    1.494    0.930    0.380   -0.199
   -0.844   -1.587   -2.466   -3.504   -4.689   -6.009   -7.440   -8.947
  -10.475  -11.982  -13.429  -14.742  -15.876  -16.857  -17.431
CT1864:220           10.839    9.834    8.735    7.624    6.530    5.512
    4.576    3.732    2.981    2.321    1.723    1.160    0.599   -0.003
   -0.684   -1.475   -2.410   -3.512   -4.761   -6.144   -7.629   -9.180
  -10.740  -12.266  -13.720  -15.027  -16.144  -17.101  -17.640
CT1864:215           10.870    9.883    8.804    7.713    6.640    5.641
    4.722    3.892    3.151    2.496    1.895    1.320    0.738    0.102
   -0.626   -1.471   -2.469   -3.634   -4.945   -6.382   -7.913   -9.496
  -11.077  -12.614  -14.069  -15.369  -16.476  -17.420  -17.943
CT1864:210           10.912    9.941    8.879    7.803    6.744    5.756
    4.844    4.019    3.277    2.614    1.999    1.401    0.786    0.107
   -0.671   -1.574   -2.631   -3.853   -5.214   -6.691   -8.249   -9.844
  -11.425  -12.951  -14.386  -15.659  -16.733  -17.643  -18.129
CT1864:205           10.935    9.983    8.934    7.871    6.819    5.834
    4.920    4.086    3.331    2.647    2.002    1.368    0.710   -0.019
   -0.853   -1.814   -2.926   -4.198   -5.600   -7.107   -8.682  -10.281
  -11.855  -13.368  -14.786  -16.042  -17.103  -18.004  -18.492
CT1864:200           10.974   10.036    8.996    7.937    6.885    5.891
    4.963    4.107    3.323    2.604    1.918    1.237    0.528   -0.255
   -1.142   -2.153   -3.309   -4.615   -6.039   -7.554   -9.124  -10.704
  -12.249  -13.726  -15.104  -16.317  -17.337  -18.198  -18.650
CT1864:195           10.910   10.003    8.980    7.931    6.880    5.874
    4.925    4.039    3.215    2.448    1.709    0.972    0.207   -0.630
   -1.566   -2.619   -3.808   -5.134   -6.566   -8.078   -9.633  -11.188
  -12.703  -14.147  -15.493  -16.680  -17.682  -18.532  -18.990
CT1864:190           10.942   10.046    9.023    7.969    6.902    5.869
    4.882    3.949    3.071    2.241    1.438    0.637   -0.188   -1.077
   -2.054   -3.136   -4.342   -5.669   -7.090   -8.579  -10.100  -11.613
  -13.081  -14.474  -15.771  -16.912  -17.873  -18.685  -19.114
CT1864:185           10.869   10.005    8.994    7.943    6.865    5.805
    4.779    3.795    2.855    1.959    1.087    0.221   -0.663   -1.597
   -2.607   -3.706   -4.913   -6.227   -7.623   -9.076  -10.554  -12.017
  -13.434  -14.777  -16.026  -17.125  -18.052  -18.834  -19.243
CT1864:180           10.891   10.037    9.022    7.960    6.859    5.761
    4.685    3.641    2.633    1.663    0.719   -0.213   -1.153   -2.129
   -3.162   -4.269   -5.468   -6.757   -8.117   -9.526  -10.954  -12.364
  -13.728  -15.021  -16.224  -17.284  -18.179  -18.934  -19.326
CT1864:175           11.103   10.227    9.184    8.090    6.949    5.801
    4.666    3.554    2.474    1.429    0.414   -0.581   -1.572   -2.582
   -3.631   -4.736   -5.916   -7.172   -8.487   -9.842  -11.211  -12.558
  -13.859  -15.091  -16.235  -17.239  -18.078  -18.776  -19.107
CT1864:170           11.115   10.251    9.208    8.105    6.946    5.766
    4.588    3.426    2.288    1.184    0.112   -0.932   -1.962   -2.996
   -4.054   -5.156   -6.317   -7.542   -8.817  -10.127  -11.447  -12.748
  -14.006  -15.200  -16.314  -17.297  -18.121  -18.810  -19.139
CT1864:165           11.351   10.461    9.391    8.261    7.069    5.851
    4.630    3.420    2.233    1.081   -0.035   -1.117   -2.175   -3.226
   -4.289   -5.384   -6.527   -7.725   -8.964  -10.232  -11.508  -12.764
  -13.979  -15.135  -16.216  -17.171  -17.968  -18.630  -18.930
CT1864:160           11.363   10.490    9.429    8.302    7.108    5.880
    4.644    3.416    2.208    1.035   -0.099   -1.197   -2.265   -3.321
   -4.385   -5.474   -6.606   -7.786   -9.003  -10.246  -11.496  -12.728
  -13.924  -15.068  -16.144  -17.102  -17.909  -18.584  -18.902
CT1864:155           11.249   10.422    9.393    8.295    7.122    5.908
    4.683    3.464    2.264    1.099   -0.027   -1.117   -2.179   -3.230
   -4.288   -5.373   -6.500   -7.673   -8.881  -10.114  -11.354  -12.579
  -13.774  -14.923  -16.011  -16.989  -17.820  -18.523  -18.872
CT1864:150           11.264   10.460    9.453    8.375    7.222    6.030
    4.828    3.634    2.462    1.325    0.226   -0.838   -1.880   -2.916
   -3.968   -5.051   -6.179   -7.356   -8.568   -9.806  -11.051  -12.286
  -13.496  -14.666  -15.780  -16.789  -17.655  -18.393  -18.781
CT1864:145           11.179   10.421    9.457    8.422    7.312    6.165
    5.012    3.869    2.751    1.669    0.622   -0.397   -1.402   -2.413
   -3.451   -4.530   -5.663   -6.848   -8.072   -9.323  -10.585  -11.840
  -13.073  -14.270  -15.413  -16.452  -17.343  -18.104  -18.505
CT1864:140           11.192   10.462    9.531    8.533    7.466    6.369
    5.273    4.194    3.144    2.131    1.149    0.187   -0.771   -1.752
   -2.775   -3.850   -4.991   -6.193   -7.440   -8.720  -10.017  -11.312
  -12.591  -13.839  -15.037  -16.133  -17.082  -17.899  -18.354
CT1864:135           11.379   10.650    9.738    8.765    7.735    6.688
    5.653    4.644    3.671    2.736    1.829    0.934    0.030   -0.912
   -1.910   -2.975   -4.116   -5.328   -6.592   -7.894   -9.217  -10.543
  -11.855  -13.133  -14.356  -15.464  -16.410  -17.212  -17.620
CT1864:130           11.389   10.689    9.817    8.890    7.916    6.937
    5.980    5.055    4.170    3.324    2.500    1.678    0.833   -0.066
   -1.038   -2.091   -3.234   -4.461   -5.752   -7.090   -8.461   -9.845
  -11.221  -12.570  -13.866  -15.048  -16.065  -16.936  -17.412
CT1864:125           11.580   10.880   10.027    9.129    8.198    7.278
    6.391    5.546    4.747    3.987    3.244    2.494    1.711    0.860
   -0.078   -1.109   -2.241   -3.470   -4.772   -6.133   -7.535   -8.957
  -10.376  -11.766  -13.098  -14.304  -15.330  -16.198  -16.640
CT1864:120           11.585   10.911   10.097    9.245    8.369    7.519
    6.709    5.949    5.237    4.563    3.900    3.221    2.498    1.694
    0.792   -0.214   -1.334   -2.562   -3.878   -5.265   -6.707   -8.184
   -9.666  -11.126  -12.533  -13.814  -14.914  -15.857  -16.375
CT1864:115           11.628   10.970   10.185    9.369    8.541    7.750
    7.009    6.324    5.690    5.092    4.500    3.885    3.218    2.461
    1.598    0.624   -0.472   -1.688   -3.003   -4.403   -5.871   -7.387
   -8.919  -10.434  -11.899  -13.240  -14.397  -15.396  -15.968
CT1864:110           11.621   10.981   10.225    9.444    8.660    7.923
    7.243    6.622    6.055    5.522    4.991    4.431    3.814    3.102
    2.280    1.343    0.278   -0.916   -2.218   -3.618   -5.100   -6.645
   -8.217   -9.782  -11.304  -12.707  -13.932  -15.002  -15.653
CT1864:105           11.615   10.984   10.246    9.489    8.736    8.039
    7.404    6.833    6.315    5.831    5.346    4.830    4.254    3.583
    2.801    1.905    0.878   -0.282   -1.558   -2.943   -4.424   -5.983
   -7.583   -9.188  -10.762  -12.229  -13.529  -14.682  -15.434
CT1864:100           11.590   10.965   10.241    9.500    8.768    8.098
    7.494    6.955    6.471    6.020    5.567    5.083    4.541    3.907
    3.167    2.316    1.339    0.227   -1.005   -2.353   -3.807   -5.354
   -6.955   -8.575  -10.175  -11.685  -13.038  -14.252  -15.084
CT1864:095           11.601   10.966   10.236    9.492    8.763    8.100
    7.506    6.979    6.508    6.070    5.632    5.166    4.648    4.045
    3.345    2.542    1.619    0.567   -0.607   -1.902   -3.312   -4.829
   -6.416   -8.040   -9.660  -11.213  -12.628  -13.918  -14.857
CT1864:090           11.554   10.913   10.176    9.426    8.691    8.024
    7.426    6.896    6.422    5.983    5.548    5.090    4.588    4.013
    3.354    2.605    1.747    0.768   -0.329   -1.547   -2.887   -4.346
   -5.890   -7.489   -9.103  -10.673  -12.125  -13.465  -14.482
CT1864:085           11.549   10.883   10.122    9.346    8.587    7.895
    7.273    6.719    6.223    5.766    5.318    4.857    4.363    3.812
    3.192    2.498    1.711    0.814   -0.192   -1.320   -2.573   -3.958
   -5.446   -7.008   -8.611  -10.198  -11.695  -13.098  -14.216
CT1864:080           11.481   10.798   10.012    9.210    8.420    7.695
    7.037    6.448    5.918    5.432    4.963    4.492    4.002    3.473
    2.895    2.262    1.554    0.753   -0.148   -1.166   -2.311   -3.601
   -5.009   -6.514   -8.082   -9.667  -11.188  -12.633  -13.828
CT1864:075           11.434   10.722    9.900    9.058    8.225    7.454
    6.748    6.111    5.534    5.008    4.510    4.022    3.531    3.023
    2.489    1.920    1.297    0.601   -0.186   -1.082   -2.109   -3.291
   -4.609   -6.047   -7.575   -9.154  -10.699  -12.187  -13.464
CT1864:070           11.351   10.614    9.755    8.874    7.994    7.172
    6.412    5.720    5.092    4.522    3.990    3.484    2.993    2.508
    2.021    1.520    0.988    0.402   -0.262   -1.031   -1.930   -2.996
   -4.216   -5.580   -7.060   -8.628  -10.190  -11.717  -13.073
CT1864:065           11.258   10.495    9.599    8.674    7.746    6.870
    6.054    5.306    4.625    4.011    3.447    2.924    2.436    1.978
    1.541    1.113    0.676    0.202   -0.336   -0.974   -1.744   -2.692
   -3.812   -5.098   -6.527   -8.079   -9.656  -11.215  -12.641
CT1864:060           11.168   10.377    9.442    8.475    7.498    6.569
    5.699    4.898    4.169    3.515    2.924    2.391    1.912    1.486
    1.103    0.749    0.407    0.044   -0.375   -0.888   -1.536   -2.373
   -3.401   -4.618   -6.003   -7.547   -9.146  -10.747  -12.254
CT1864:055           11.105   10.284    9.310    8.299    7.276    6.297
    5.379    4.532    3.763    3.079    2.473    1.941    1.480    1.093
    0.770    0.493    0.242   -0.015   -0.321   -0.719   -1.256   -1.992
   -2.935   -4.087   -5.432   -6.967   -8.582  -10.217  -11.791
CT1864:050           11.016   10.172    9.166    8.121    7.060    6.043
    5.088    4.209    3.415    2.718    2.112    1.595    1.164    0.825
    0.566    0.365    0.201    0.037   -0.172   -0.474   -0.920   -1.577
   -2.455   -3.562   -4.883   -6.425   -8.074   -9.759  -11.417
CT1864:045           10.979   10.107    9.070    7.993    6.900    5.853
    4.872    3.973    3.169    2.475    1.884    1.397    1.011    0.729
    0.537    0.411    0.327    0.245    0.116   -0.109   -0.483   -1.078
   -1.907   -2.981   -4.287   -5.838   -7.518   -9.249  -10.979
CT1864:040           10.901   10.015    8.961    7.866    6.754    5.693
    4.702    3.802    3.006    2.333    1.776    1.335    1.005    0.789
    0.667    0.613    0.599    0.582    0.515    0.345    0.018   -0.539
   -1.342   -2.404   -3.715   -5.293   -7.021   -8.813  -10.630
CT1864:035           10.809    9.920    8.861    7.760    6.644    5.583
    4.598    3.712    2.940    2.304    1.795    1.413    1.149    1.004
    0.954    0.967    1.015    1.052    1.029    0.896    0.598    0.059
   -0.733   -1.796   -3.120   -4.731   -6.507   -8.357  -10.252
CT1864:030           10.748    9.858    8.799    7.700    6.589    5.537
    4.569    3.708    2.970    2.381    1.930    1.613    1.420    1.347
    1.365    1.440    1.539    1.615    1.621    1.507    1.220    0.683
   -0.117   -1.196   -2.548   -4.204   -6.040   -7.960   -9.942
CT1864:025           10.684    9.806    8.761    7.678    6.585    5.557
    4.618    3.793    3.100    2.566    2.178    1.931    1.810    1.809
    1.891    2.022    2.165    2.273    2.301    2.199    1.917    1.378
    0.571   -0.523   -1.896   -3.583   -5.456   -7.418   -9.444
CT1864:020           10.643    9.778    8.751    7.690    6.622    5.625
    4.722    3.940    3.297    2.820    2.496    2.315    2.261    2.321
    2.459    2.633    2.809    2.935    2.969    2.865    2.572    2.015
    1.181    0.052   -1.365   -3.107   -5.047   -7.081   -9.189
CT1864:015           10.641    9.795    8.795    7.765    6.733    5.777
    4.919    4.187    3.598    3.181    2.919    2.801    2.809    2.925
    3.109    3.321    3.522    3.662    3.701    3.595    3.293    2.723
    1.872    0.722   -0.720   -2.490   -4.457   -6.516   -8.637
CT1864:010           10.620    9.798    8.834    7.844    6.857    5.951
    5.147    4.471    3.942    3.585    3.383    3.322    3.382    3.541
    3.758    3.992    4.203    4.341    4.370    4.245    3.917    3.314
    2.423    1.227   -0.267   -2.099   -4.132   -6.259   -8.450
CT1864:005           10.559    9.778    8.866    7.930    7.003    6.160
    5.422    4.813    4.350    4.057    3.915    3.908    4.013    4.208
    4.448    4.694    4.905    5.033    5.043    4.891    4.531    3.889
    2.956    1.714    0.170   -1.713   -3.797   -5.972   -8.204
CT1865:360           10.553    9.806    8.942    8.061    7.195    6.420
    5.752    5.213    4.819    4.591    4.507    4.549    4.692    4.912
    5.164    5.410    5.609    5.712    5.689    5.496    5.089    4.394
    3.405    2.104    0.501   -1.442   -3.583   -5.815   -8.097
