CT1992:360           -5.398   -4.264   -2.988   -1.671   -0.322    1.006
    2.281    3.472    4.545    5.455    6.194    6.758    7.153    7.384
    7.493    7.524    7.508    7.481    7.468    7.485    7.543    7.655
    7.816    8.019    8.252    8.488    8.677    8.810    8.761
CT1992:355           -5.349   -4.279   -3.076   -1.835   -0.571    0.663
    1.837    2.924    3.897    4.718    5.386    5.900    6.270    6.503
    6.634    6.701    6.734    6.762    6.807    6.884    7.005    7.180
    7.404    7.670    7.964    8.256    8.496    8.678    8.672
CT1992:350           -5.472   -4.450   -3.309   -2.139   -0.954    0.192
    1.274    2.268    3.153    3.896    4.503    4.976    5.326    5.562
    5.717    5.824    5.908    5.995    6.103    6.246    6.433    6.672
    6.957    7.280    7.627    7.967    8.251    8.474    8.505
CT1992:345           -5.591   -4.633   -3.569   -2.481   -1.385   -0.333
    0.656    1.559    2.360    3.032    3.584    4.020    4.353    4.595
    4.775    4.923    5.061    5.212    5.389    5.601    5.853    6.151
    6.487    6.854    7.237    7.604    7.910    8.150    8.191
CT1992:340           -5.758   -4.864   -3.882   -2.881   -1.879   -0.922
   -0.026    0.790    1.512    2.120    2.624    3.031    3.355    3.609
    3.823    4.023    4.227    4.453    4.709    4.999    5.324    5.686
    6.077    6.489    6.909    7.309    7.647    7.919    7.997
CT1992:335           -5.965   -5.140   -4.245   -3.337   -2.433   -1.576
   -0.776   -0.049    0.597    1.145    1.607    1.992    2.316    2.594
    2.853    3.114    3.394    3.704    4.044    4.413    4.806    5.221
    5.650    6.086    6.520    6.925    7.264    7.537    7.616
CT1992:330           -6.162   -5.413   -4.611   -3.804   -3.008   -2.258
   -1.560   -0.924   -0.356    0.136    0.564    0.939    1.276    1.595
    1.917    2.257    2.628    3.033    3.466    3.918    4.381    4.847
    5.312    5.772    6.221    6.638    6.993    7.287    7.400
CT1992:325           -6.379   -5.706   -5.001   -4.297   -3.612   -2.973
   -2.380   -1.838   -1.346   -0.905   -0.500   -0.121    0.248    0.626
    1.028    1.463    1.935    2.440    2.962    3.490    4.011    4.515
    4.999    5.466    5.914    6.327    6.683    6.983    7.119
CT1992:320           -6.588   -5.993   -5.387   -4.789   -4.218   -3.693
   -3.207   -2.757   -2.337   -1.938   -1.544   -1.143   -0.723   -0.265
    0.234    0.775    1.354    1.956    2.562    3.154    3.719    4.245
    4.736    5.199    5.638    6.045    6.403    6.714    6.882
CT1992:315           -6.827   -6.299   -5.782   -5.283   -4.818   -4.401
   -4.015   -3.650   -3.291   -2.919   -2.518   -2.076   -1.584   -1.030
   -0.420    0.234    0.918    1.609    2.284    2.923    3.514    4.047
    4.534    4.986    5.413    5.817    6.186    6.520    6.744
CT1992:310           -7.026   -6.569   -6.143   -5.739   -5.377   -5.062
   -4.769   -4.479   -4.170   -3.812   -3.388   -2.890   -2.313   -1.653
   -0.931   -0.171    0.606    1.364    2.082    2.742    3.333    3.849
    4.310    4.734    5.134    5.520    5.887    6.229    6.488
CT1992:305           -7.294   -6.881   -6.520   -6.188   -5.906   -5.671
   -5.449   -5.214   -4.934   -4.570   -4.107   -3.538   -2.868   -2.101
   -1.272   -0.417    0.433    1.238    1.977    2.636    3.210    3.699
    4.131    4.529    4.912    5.298    5.684    6.061    6.393
CT1992:300           -7.463   -7.105   -6.809   -6.546   -6.336   -6.168
   -6.002   -5.805   -5.540   -5.160   -4.652   -4.014   -3.257   -2.397
   -1.484   -0.560    0.334    1.153    1.883    2.514    3.047    3.490
    3.878    4.237    4.591    4.963    5.352    5.744    6.119
CT1992:295           -7.707   -7.372   -7.110   -6.884   -6.713   -6.580
   -6.440   -6.256   -5.985   -5.576   -5.019   -4.317   -3.489   -2.560
   -1.590   -0.628    0.278    1.086    1.785    2.372    2.855    3.250
    3.596    3.925    4.262    4.636    5.045    5.471    5.911
CT1992:290           -7.833   -7.529   -7.297   -7.099   -6.953   -6.837
   -6.705   -6.517   -6.230   -5.791   -5.196   -4.451   -3.581   -2.620
   -1.633   -0.673    0.211    0.977    1.624    2.152    2.578    2.922
    3.230    3.533    3.858    4.237    4.668    5.127    5.622
CT1992:285           -8.012   -7.712   -7.479   -7.279   -7.125   -6.994
   -6.841   -6.627   -6.310   -5.841   -5.219   -4.456   -3.579   -2.628
   -1.668   -0.751    0.076    0.776    1.354    1.816    2.184    2.483
    2.760    3.048    3.372    3.767    4.225    4.720    5.268
CT1992:280           -8.090   -7.795   -7.554   -7.338   -7.159   -6.994
   -6.802   -6.549   -6.197   -5.706   -5.078   -4.328   -3.486   -2.590
   -1.703   -0.870   -0.132    0.480    0.977    1.371    1.687    1.955
    2.220    2.513    2.858    3.290    3.798    4.349    4.966
CT1992:275           -8.159   -7.856   -7.587   -7.336   -7.109   -6.886
   -6.636   -6.330   -5.940   -5.434   -4.820   -4.115   -3.345   -2.549
   -1.779   -1.069   -0.453    0.049    0.453    0.776    1.044    1.291
    1.556    1.867    2.244    2.722    3.280    3.885    4.560
CT1992:270           -8.196   -7.875   -7.564   -7.259   -6.966   -6.669
   -6.346   -5.978   -5.547   -5.035   -4.454   -3.819   -3.156   -2.497
   -1.880   -1.326   -0.857   -0.481   -0.177    0.077    0.307    0.549
    0.836    1.190    1.626    2.175    2.811    3.496    4.253
CT1992:265           -8.172   -7.834   -7.475   -7.109   -6.740   -6.358
   -5.954   -5.521   -5.051   -4.543   -4.010   -3.469   -2.939   -2.447
   -2.012   -1.642   -1.343   -1.109   -0.913   -0.731   -0.534   -0.287
    0.034    0.445    0.954    1.586    2.307    3.076    3.912
CT1992:260           -8.180   -7.808   -7.385   -6.943   -6.483   -6.005
   -5.513   -5.009   -4.502   -4.003   -3.528   -3.094   -2.714   -2.407
   -2.172   -2.002   -1.887   -1.804   -1.722   -1.611   -1.443   -1.179
   -0.810   -0.325    0.274    1.005    1.824    2.690    3.615
CT1992:255           -8.122   -7.724   -7.239   -6.724   -6.174   -5.602
   -5.024   -4.457   -3.917   -3.435   -3.028   -2.710   -2.488   -2.373
   -2.347   -2.385   -2.460   -2.534   -2.568   -2.528   -2.384   -2.096
   -1.667   -1.097   -0.397    0.444    1.370    2.339    3.355
CT1992:250           -8.116   -7.678   -7.124   -6.527   -5.884   -5.217
   -4.557   -3.928   -3.362   -2.902   -2.564   -2.362   -2.297   -2.372
   -2.553   -2.796   -3.059   -3.288   -3.436   -3.464   -3.338   -3.021
   -2.527   -1.866   -1.060   -0.109    0.922    1.991    3.092
CT1992:245           -8.042   -7.580   -6.969   -6.305   -5.582   -4.835
   -4.106   -3.431   -2.850   -2.419   -2.154   -2.067   -2.154   -2.410
   -2.785   -3.223   -3.665   -4.040   -4.296   -4.386   -4.276   -3.927
   -3.368   -2.621   -1.717   -0.668    0.450    1.599    2.757
CT1992:240           -8.040   -7.543   -6.873   -6.141   -5.343   -4.524
   -3.737   -3.025   -2.437   -2.039   -1.844   -1.862   -2.085   -2.502
   -3.050   -3.659   -4.258   -4.759   -5.104   -5.240   -5.133   -4.743
   -4.113   -3.274   -2.269   -1.120    0.091    1.325    2.552
CT1992:235           -7.892   -7.396   -6.699   -5.931   -5.088   -4.228
   -3.409   -2.685   -2.109   -1.753   -1.630   -1.747   -2.091   -2.648
   -3.344   -4.098   -4.828   -5.432   -5.849   -6.020   -5.910   -5.483
   -4.794   -3.884   -2.806   -1.591   -0.330    0.943    2.181
CT1992:230           -7.905   -7.389   -6.656   -5.849   -4.965   -4.070
   -3.231   -2.503   -1.944   -1.628   -1.567   -1.764   -2.203   -2.867
   -3.672   -4.530   -5.350   -6.022   -6.477   -6.657   -6.526   -6.050
   -5.296   -4.313   -3.160   -1.876   -0.553    0.775    2.056
CT1992:225           -7.833   -7.324   -6.585   -5.767   -4.871   -3.972
   -3.138   -2.429   -1.901   -1.631   -1.627   -1.890   -2.401   -3.139
   -4.016   -4.940   -5.813   -6.518   -6.986   -7.158   -7.001   -6.485
   -5.685   -4.656   -3.464   -2.153   -0.817    0.515    1.780
CT1992:220           -7.866   -7.356   -6.611   -5.789   -4.892   -4.001
   -3.185   -2.503   -2.011   -1.782   -1.821   -2.126   -2.677   -3.449
   -4.353   -5.295   -6.174   -6.872   -7.319   -7.458   -7.260   -6.698
   -5.853   -4.786   -3.561   -2.227   -0.873    0.473    1.749
CT1992:215           -8.079   -7.549   -6.792   -5.964   -5.069   -4.194
   -3.402   -2.752   -2.294   -2.099   -2.164   -2.487   -3.044   -3.811
   -4.699   -5.616   -6.461   -7.118   -7.520   -7.615   -7.375   -6.782
   -5.917   -4.843   -3.624   -2.311   -0.988    0.323    1.554
CT1992:210           -8.134   -7.623   -6.891   -6.091   -5.231   -4.398
   -3.653   -3.048   -2.632   -2.466   -2.546   -2.866   -3.402   -4.129
   -4.961   -5.812   -6.584   -7.165   -7.497   -7.530   -7.241   -6.616
   -5.737   -4.664   -3.459   -2.170   -0.874    0.409    1.616
CT1992:205           -8.335   -7.830   -7.118   -6.345   -5.522   -4.733
   -4.033   -3.472   -3.089   -2.940   -3.015   -3.308   -3.793   -4.447
   -5.189   -5.939   -6.608   -7.091   -7.338   -7.302   -6.967   -6.323
   -5.448   -4.400   -3.237   -2.002   -0.764    0.460    1.612
CT1992:200           -8.416   -7.947   -7.282   -6.561   -5.796   -5.067
   -4.424   -3.910   -3.559   -3.418   -3.476   -3.724   -4.138   -4.694
   -5.321   -5.946   -6.489   -6.857   -7.005   -6.894   -6.512   -5.852
   -4.988   -3.973   -2.859   -1.685   -0.510    0.653    1.753
CT1992:195           -8.248   -7.870   -7.296   -6.665   -5.988   -5.340
   -4.768   -4.308   -3.991   -3.853   -3.885   -4.076   -4.406   -4.850
   -5.347   -5.834   -6.240   -6.483   -6.526   -6.337   -5.908   -5.236
   -4.387   -3.410   -2.351   -1.244   -0.137    0.961    2.011
CT1992:190           -8.345   -8.013   -7.497   -6.928   -6.317   -5.730
   -5.209   -4.784   -4.479   -4.326   -4.314   -4.432   -4.662   -4.982
   -5.340   -5.681   -5.944   -6.059   -5.996   -5.731   -5.257   -4.577
   -3.750   -2.821   -1.828   -0.802    0.222    1.237    2.213
CT1992:185           -8.217   -7.974   -7.549   -7.068   -6.541   -6.027
   -5.562   -5.172   -4.879   -4.705   -4.643   -4.684   -4.811   -5.006
   -5.225   -5.422   -5.545   -5.535   -5.369   -5.028   -4.510   -3.820
   -3.014   -2.130   -1.201   -0.254    0.688    1.622    2.533
CT1992:180           -8.303   -8.108   -7.740   -7.319   -6.851   -6.386
   -5.955   -5.580   -5.277   -5.066   -4.940   -4.893   -4.912   -4.980
   -5.061   -5.118   -5.107   -4.979   -4.716   -4.305   -3.749   -3.056
   -2.276   -1.444   -0.588    0.270    1.118    1.957    2.781
CT1992:175           -8.645   -8.441   -8.088   -7.687   -7.244   -6.797
   -6.373   -5.987   -5.653   -5.385   -5.180   -5.033   -4.936   -4.875
   -4.820   -4.742   -4.604   -4.366   -4.016   -3.546   -2.959   -2.272
   -1.526   -0.752    0.025    0.787    1.531    2.268    2.995
CT1992:170           -8.703   -8.539   -8.232   -7.877   -7.475   -7.055
   -6.640   -6.243   -5.874   -5.544   -5.256   -5.006   -4.792   -4.603
   -4.419   -4.215   -3.962   -3.629   -3.207   -2.691   -2.089   -1.418
   -0.714   -0.005    0.689    1.355    2.000    2.636    3.273
CT1992:165           -9.012   -8.831   -8.523   -8.170   -7.771   -7.343
   -6.907   -6.470   -6.041   -5.628   -5.236   -4.868   -4.524   -4.202
   -3.886   -3.561   -3.203   -2.791   -2.316   -1.776   -1.180   -0.546
    0.096    0.724    1.323    1.883    2.418    2.947    3.483
CT1992:160           -9.037   -8.882   -8.601   -8.271   -7.886   -7.456
   -6.998   -6.519   -6.024   -5.519   -5.016   -4.522   -4.043   -3.584
   -3.141   -2.702   -2.254   -1.782   -1.277   -0.739   -0.174    0.401
    0.965    1.500    1.999    2.453    2.887    3.316    3.765
CT1992:155           -9.109   -8.961   -8.686   -8.359   -7.968   -7.515
   -7.017   -6.476   -5.897   -5.285   -4.655   -4.023   -3.400   -2.801
   -2.231   -1.687   -1.164   -0.654   -0.146    0.361    0.865    1.352
    1.812    2.235    2.616    2.955    3.277    3.599    3.949
CT1992:150           -9.093   -8.954   -8.682   -8.353   -7.948   -7.463
   -6.914   -6.301   -5.628   -4.898   -4.136   -3.359   -2.590   -1.852
   -1.162   -0.523    0.060    0.588    1.077    1.530    1.950    2.332
    2.676    2.981    3.247    3.480    3.706    3.938    4.213
CT1992:145           -9.119   -8.968   -8.680   -8.329   -7.893   -7.360
   -6.745   -6.048   -5.272   -4.421   -3.524   -2.606   -1.697   -0.830
   -0.033    0.684    1.308    1.834    2.282    2.660    2.976    3.235
    3.448    3.622    3.764    3.884    4.006    4.139    4.321
CT1992:140           -9.063   -8.903   -8.596   -8.220   -7.749   -7.162
   -6.480   -5.699   -4.823   -3.858   -2.838   -1.795   -0.764    0.212
    1.097    1.873    2.521    3.033    3.430    3.727    3.940    4.080
    4.173    4.232    4.271    4.303    4.352    4.419    4.546
CT1992:135           -9.015   -8.833   -8.496   -8.085   -7.569   -6.925
   -6.173   -5.312   -4.347   -3.284   -2.164   -1.022    0.101    1.155
    2.098    2.910    3.564    4.049    4.391    4.607    4.720    4.750
    4.731    4.686    4.630    4.582    4.558    4.555    4.613
CT1992:130           -8.922   -8.714   -8.343   -7.894   -7.332   -6.634
   -5.821   -4.894   -3.860   -2.728   -1.539   -0.335    0.843    1.940
    2.911    3.735    4.381    4.835    5.128    5.279    5.316    5.265
    5.169    5.055    4.940    4.849    4.790    4.757    4.785
CT1992:125           -8.797   -8.559   -8.151   -7.662   -7.057   -6.312
   -5.452   -4.480   -3.403   -2.235   -1.019    0.205    1.395    2.495
    3.463    4.274    4.900    5.323    5.577    5.682    5.668    5.568
    5.427    5.275    5.132    5.021    4.948    4.900    4.905
CT1992:120           -8.673   -8.397   -7.948   -7.418   -6.771   -5.989
   -5.098   -4.103   -3.015   -1.848   -0.645    0.557    1.717    2.785
    3.718    4.497    5.092    5.488    5.716    5.799    5.767    5.653
    5.504    5.352    5.216    5.118    5.056    5.017    5.019
CT1992:115           -8.486   -8.176   -7.691   -7.126   -6.448   -5.644
   -4.744   -3.753   -2.685   -1.557   -0.406    0.734    1.828    2.830
    3.704    4.433    4.991    5.364    5.581    5.664    5.641    5.548
    5.428    5.310    5.213    5.156    5.131    5.122    5.136
CT1992:110           -8.340   -7.983   -7.455   -6.851   -6.144   -5.327
   -4.431   -3.465   -2.442   -1.379   -0.309    0.740    1.741    2.653
    3.449    4.116    4.631    4.983    5.199    5.298    5.309    5.261
    5.197    5.141    5.108    5.112    5.138    5.172    5.203
CT1992:105           -8.197   -7.786   -7.212   -6.570   -5.836   -5.016
   -4.138   -3.211   -2.252   -1.275   -0.306    0.634    1.523    2.331
    3.036    3.630    4.097    4.428    4.647    4.773    4.829    4.845
    4.854    4.876    4.923    4.999    5.084    5.165    5.209
CT1992:100           -8.034   -7.569   -6.951   -6.272   -5.517   -4.700
   -3.846   -2.969   -2.082   -1.200   -0.340    0.482    1.252    1.948
    2.556    3.072    3.486    3.794    4.017    4.173    4.282    4.371
    4.465    4.580    4.720    4.881    5.037    5.176    5.246
CT1992:095           -7.753   -7.252   -6.602   -5.897   -5.130   -4.322
   -3.499   -2.676   -1.863   -1.075   -0.323    0.385    1.039    1.623
    2.132    2.568    2.925    3.205    3.429    3.614    3.779    3.948
    4.138    4.357    4.606    4.872    5.124    5.352    5.489
CT1992:090           -7.578   -7.018   -6.320   -5.575   -4.781   -3.970
   -3.165   -2.380   -1.625   -0.916   -0.255    0.352    0.901    1.382
    1.795    2.146    2.438    2.678    2.888    3.085    3.288    3.517
    3.783    4.087    4.420    4.764    5.080    5.360    5.520
CT1992:085           -7.215   -6.625   -5.896   -5.125   -4.314   -3.501
   -2.708   -1.951   -1.240   -0.590    0.000    0.527    0.988    1.378
    1.702    1.971    2.194    2.388    2.574    2.774    3.005    3.289
    3.628    4.017    4.443    4.883    5.290    5.658    5.898
CT1992:080           -7.028   -6.374   -5.589   -4.765   -3.911   -3.070
   -2.261   -1.502   -0.802   -0.179    0.371    0.845    1.242    1.557
    1.800    1.989    2.137    2.268    2.409    2.583    2.811    3.113
    3.484    3.915    4.386    4.868    5.309    5.703    5.950
CT1992:075           -6.849   -6.126   -5.275   -4.389   -3.479   -2.590
   -1.744   -0.955   -0.238    0.389    0.928    1.376    1.733    1.993
    2.170    2.286    2.360    2.422    2.507    2.639    2.843    3.140
    3.521    3.971    4.469    4.978    5.446    5.865    6.129
CT1992:070           -6.658   -5.870   -4.952   -3.998   -3.022   -2.071
   -1.166   -0.326    0.434    1.090    1.644    2.089    2.426    2.648
    2.770    2.821    2.823    2.813    2.830    2.903    3.060    3.322
    3.678    4.112    4.598    5.098    5.556    5.965    6.215
CT1992:065           -6.568   -5.697   -4.694   -3.655   -2.593   -1.557
   -0.569    0.348    1.175    1.884    2.472    2.933    3.267    3.464
    3.546    3.542    3.481    3.403    3.350    3.356    3.449    3.654
    3.958    4.345    4.787    5.247    5.667    6.038    6.251
CT1992:060           -6.390   -5.455   -4.379   -3.262   -2.114   -0.988
    0.091    1.096    2.001    2.772    3.403    3.887    4.223    4.403
    4.453    4.407    4.294    4.158    4.044    3.985    4.012    4.149
    4.387    4.708    5.088    5.493    5.863    6.189    6.365
CT1992:055           -6.328   -5.317   -4.155   -2.948   -1.703   -0.472
    0.712    1.817    2.811    3.650    4.327    4.833    5.172    5.336
    5.358    5.277    5.125    4.943    4.777    4.659    4.616    4.674
    4.825    5.054    5.340    5.649    5.926    6.161    6.248
CT1992:050           -6.181   -5.114   -3.883   -2.599   -1.265    0.064
    1.350    2.552    3.631    4.533    5.249    5.771    6.105    6.251
    6.249    6.142    5.965    5.759    5.563    5.407    5.315    5.311
    5.388    5.536    5.737    5.965    6.170    6.338    6.376
CT1992:045           -6.227   -5.087   -3.774   -2.403   -0.976    0.456
    1.845    3.144    4.306    5.268    6.016    6.545    6.867    6.987
    6.957    6.827    6.632    6.412    6.199    6.016    5.881    5.812
    5.804    5.852    5.940    6.045    6.124    6.164    6.070
CT1992:040           -6.133   -4.954   -3.590   -2.161   -0.665    0.845
    2.314    3.690    4.918    5.921    6.689    7.215    7.518    7.611
    7.557    7.412    7.213    6.999    6.795    6.615    6.471    6.373
    6.318    6.302    6.318    6.347    6.353    6.327    6.181
CT1992:035           -6.324   -5.078   -3.648   -2.152   -0.586    0.996
    2.536    3.977    5.258    6.296    7.077    7.598    7.881    7.949
    7.872    7.715    7.519    7.319    7.132    6.964    6.817    6.694
    6.592    6.507    6.436    6.362    6.257    6.114    5.844
CT1992:030           -6.309   -5.048   -3.598   -2.081   -0.491    1.120
    2.690    4.158    5.459    6.508    7.288    7.798    8.065    8.116
    8.030    7.875    7.696    7.525    7.373    7.240    7.120    7.008
    6.899    6.791    6.682    6.560    6.406    6.213    5.902
CT1992:025           -6.302   -5.045   -3.600   -2.088   -0.503    1.102
    2.664    4.125    5.419    6.459    7.231    7.733    7.993    8.044
    7.967    7.831    7.683    7.555    7.453    7.372    7.300    7.225
    7.141    7.046    6.941    6.816    6.660    6.470    6.178
CT1992:020           -6.383   -5.136   -3.711   -2.223   -0.668    0.899
    2.421    3.842    5.099    6.111    6.864    7.360    7.624    7.691
    7.641    7.540    7.435    7.356    7.307    7.278    7.255    7.220
    7.167    7.090    6.989    6.856    6.682    6.472    6.156
CT1992:015           -6.087   -4.934   -3.598   -2.199   -0.737    0.735
    2.163    3.494    4.675    5.630    6.352    6.840    7.120    7.223
    7.222    7.180    7.141    7.133    7.159    7.209    7.269    7.321
    7.356    7.368    7.358    7.322    7.258    7.170    7.013
CT1992:010           -6.253   -5.134   -3.852   -2.518   -1.134    0.244
    1.573    2.807    3.902    4.796    5.483    5.968    6.271    6.421
    6.481    6.506    6.535    6.593    6.683    6.797    6.919    7.032
    7.123    7.185    7.217    7.208    7.159    7.079    6.918
CT1992:005           -6.166   -5.137   -3.956   -2.729   -1.464   -0.214
    0.984    2.094    3.081    3.897    4.543    5.021    5.351    5.555
    5.687    5.790    5.899    6.038    6.208    6.405    6.614    6.820
    7.008    7.171    7.306    7.401    7.459    7.490    7.459
CT1993:360           -6.392   -5.416   -4.312   -3.172   -2.010   -0.879
    0.196    1.187    2.070    2.813    3.417    3.888    4.243    4.500
    4.698    4.875    5.059    5.269    5.510    5.776    6.057    6.336
    6.597    6.831    7.028    7.174    7.271    7.331    7.312
