CT1999:360           -3.708   -2.894   -2.018   -1.137   -0.275    0.514
    1.214    1.805    2.272    2.594    2.793    2.886    2.900    2.863
    2.816    2.791    2.821    2.931    3.128    3.418    3.803    4.287
    4.850    5.479    6.154    6.848    7.506    8.114    8.543
CT1999:355           -4.015   -3.209   -2.361   -1.519   -0.713   -0.004
    0.601    1.084    1.434    1.639    1.727    1.721    1.651    1.551
    1.461    1.414    1.441    1.570    1.802    2.140    2.584    3.135
    3.767    4.463    5.204    5.961    6.681    7.351    7.847
CT1999:350           -4.196   -3.433   -2.642   -1.864   -1.137   -0.524
   -0.027    0.338    0.568    0.655    0.635    0.534    0.386    0.228
    0.102    0.040    0.074    0.231    0.507    0.906    1.421    2.050
    2.764    3.543    4.364    5.202    6.005    6.761    7.355
CT1999:345           -4.573   -3.829   -3.077   -2.350   -1.690   -1.163
   -0.766   -0.508   -0.389   -0.409   -0.529   -0.717   -0.936   -1.146
   -1.302   -1.376   -1.332   -1.144   -0.819   -0.359    0.229    0.935
    1.726    2.579    3.470    4.371    5.236    6.053    6.712
CT1999:340           -4.798   -4.109   -3.425   -2.772   -2.198   -1.768
   -1.475   -1.327   -1.318   -1.444   -1.661   -1.933   -2.222   -2.482
   -2.667   -2.748   -2.689   -2.464   -2.085   -1.556   -0.890   -0.100
    0.775    1.710    2.678    3.653    4.590    5.484    6.230
CT1999:335           -5.132   -4.483   -3.853   -3.263   -2.763   -2.418
   -2.216   -2.163   -2.251   -2.471   -2.774   -3.123   -3.475   -3.779
   -3.988   -4.073   -3.995   -3.728   -3.288   -2.686   -1.937   -1.060
   -0.097    0.922    1.973    3.029    4.052    5.035    5.892
CT1999:330           -5.394   -4.806   -4.246   -3.730   -3.308   -3.048
   -2.933   -2.969   -3.146   -3.450   -3.833   -4.253   -4.664   -5.010
   -5.242   -5.329   -5.233   -4.926   -4.432   -3.763   -2.942   -1.989
   -0.954    0.134    1.248    2.363    3.446    4.493    5.426
CT1999:325           -5.671   -5.140   -4.643   -4.192   -3.840   -3.652
   -3.611   -3.720   -3.969   -4.343   -4.790   -5.266   -5.723   -6.101
   -6.348   -6.432   -6.313   -5.966   -5.418   -4.685   -3.792   -2.765
   -1.656   -0.495    0.691    1.883    3.050    4.191    5.247
CT1999:320           -5.954   -5.485   -5.053   -4.666   -4.379   -4.254
   -4.274   -4.443   -4.748   -5.175   -5.670   -6.187   -6.678   -7.077
   -7.332   -7.413   -7.276   -6.900   -6.313   -5.536   -4.597   -3.524
   -2.371   -1.169    0.057    1.288    2.498    3.687    4.808
CT1999:315           -5.959   -5.596   -5.256   -4.956   -4.747   -4.690
   -4.772   -4.995   -5.348   -5.813   -6.340   -6.882   -7.388   -7.793
   -8.046   -8.115   -7.960   -7.557   -6.939   -6.126   -5.147   -4.032
   -2.833   -1.580   -0.296    1.006    2.305    3.598    4.864
CT1999:310           -6.244   -5.941   -5.655   -5.406   -5.242   -5.223
   -5.338   -5.586   -5.957   -6.435   -6.967   -7.507   -8.008   -8.403
   -8.644   -8.701   -8.534   -8.123   -7.499   -6.682   -5.702   -4.585
   -3.382   -2.123   -0.830    0.489    1.815    3.142    4.464
CT1999:305           -6.203   -6.009   -5.810   -5.637   -5.535   -5.562
   -5.709   -5.980   -6.362   -6.838   -7.361   -7.884   -8.362   -8.734
   -8.953   -8.994   -8.819   -8.406   -7.787   -6.977   -6.004   -4.889
   -3.682   -2.407   -1.085    0.284    1.683    3.102    4.561
CT1999:300           -6.463   -6.323   -6.166   -6.028   -5.951   -5.991
   -6.140   -6.402   -6.766   -7.215   -7.703   -8.189   -8.630   -8.970
   -9.165   -9.194   -9.021   -8.627   -8.036   -7.263   -6.330   -5.254
   -4.079   -2.829   -1.520   -0.150    1.265    2.709    4.217
CT1999:295           -7.001   -6.857   -6.695   -6.551   -6.462   -6.481
   -6.601   -6.826   -7.146   -7.545   -7.981   -8.416   -8.810   -9.113
   -9.287   -9.311   -9.152   -8.790   -8.246   -7.529   -6.657   -5.641
   -4.522   -3.320   -2.051   -0.710    0.683    2.111    3.611
CT1999:290           -7.223   -7.126   -6.994   -6.872   -6.791   -6.800
   -6.897   -7.087   -7.363   -7.711   -8.094   -8.479   -8.832   -9.106
   -9.268   -9.297   -9.161   -8.838   -8.345   -7.685   -6.872   -5.910
   -4.836   -3.667   -2.418   -1.078    0.330    1.784    3.331
CT1999:285           -7.890   -7.755   -7.591   -7.435   -7.315   -7.276
   -7.319   -7.447   -7.657   -7.940   -8.264   -8.599   -8.916   -9.174
   -9.338   -9.386   -9.288   -9.018   -8.588   -7.999   -7.259   -6.370
   -5.365   -4.259   -3.069   -1.784   -0.432    0.963    2.436
CT1999:280           -8.082   -7.989   -7.849   -7.707   -7.587   -7.530
   -7.541   -7.628   -7.790   -8.026   -8.308   -8.612   -8.912   -9.170
   -9.350   -9.428   -9.370   -9.148   -8.768   -8.228   -7.533   -6.681
   -5.703   -4.612   -3.424   -2.126   -0.747    0.682    2.205
CT1999:275           -8.262   -8.210   -8.095   -7.971   -7.853   -7.783
   -7.770   -7.825   -7.952   -8.155   -8.414   -8.709   -9.012   -9.290
   -9.504   -9.625   -9.614   -9.441   -9.107   -8.610   -7.951   -7.127
   -6.169   -5.091   -3.908   -2.608   -1.224    0.212    1.739
CT1999:270           -8.431   -8.417   -8.327   -8.220   -8.108   -8.030
   -8.003   -8.039   -8.148   -8.339   -8.595   -8.899   -9.225   -9.537
   -9.793   -9.959   -9.991   -9.854   -9.547   -9.066   -8.413   -7.584
   -6.611   -5.509   -4.293   -2.951   -1.519   -0.033    1.547
CT1999:265           -8.361   -8.429   -8.400   -8.343   -8.269   -8.216
   -8.205   -8.255   -8.377   -8.587   -8.871   -9.212   -9.583   -9.947
  -10.255  -10.468  -10.540  -10.428  -10.133   -9.650   -8.981   -8.121
   -7.109   -5.959   -4.691   -3.292   -1.803   -0.260    1.372
CT1999:260           -8.507   -8.611   -8.611   -8.582   -8.532   -8.500
   -8.511   -8.586   -8.739   -8.988   -9.318   -9.711  -10.140  -10.561
  -10.922  -11.179  -11.280  -11.179  -10.878  -10.371   -9.661   -8.747
   -7.669   -6.449   -5.106   -3.632   -2.074   -0.464    1.223
CT1999:255           -8.401   -8.585   -8.654   -8.688   -8.695   -8.719
   -8.786   -8.919   -9.135   -9.451   -9.853  -10.320  -10.820  -11.307
  -11.723  -12.021  -12.146  -12.047  -11.728  -11.182  -10.415   -9.427
   -8.266   -6.957   -5.526   -3.970   -2.339   -0.665    1.066
CT1999:250           -8.519   -8.734   -8.838   -8.909   -8.958   -9.030
   -9.153   -9.349   -9.634  -10.026  -10.504  -11.046  -11.616  -12.165
  -12.630  -12.963  -13.104  -12.998  -12.650  -12.052  -11.214  -10.135
   -8.874   -7.460   -5.924   -4.272   -2.557   -0.810    0.971
CT1999:245           -8.486   -8.756   -8.914   -9.041   -9.150   -9.288
   -9.482   -9.755  -10.122  -10.595  -11.154  -11.771  -12.411  -13.018
  -13.530  -13.895  -14.051  -13.938  -13.561  -12.912  -11.999  -10.828
   -9.462   -7.940   -6.300   -4.556   -2.766   -0.957    0.855
CT1999:240           -8.564   -8.856   -9.046   -9.211   -9.365   -9.558
   -9.816  -10.157  -10.594  -11.138  -11.763  -12.441  -13.135  -13.789
  -14.338  -14.731  -14.901  -14.783  -14.380  -13.682  -12.698  -11.435
   -9.966   -8.337   -6.591   -4.754   -2.887   -1.014    0.834
CT1999:235           -8.505   -8.836   -9.068   -9.279   -9.483   -9.734
  -10.051  -10.453  -10.950  -11.549  -12.222  -12.943  -13.674  -14.361
  -14.939  -15.356  -15.541  -15.425  -15.005  -14.271  -13.229  -11.887
  -10.325   -8.598   -6.755   -4.831   -2.891   -0.955    0.930
CT1999:230           -8.531   -8.870   -9.120   -9.352   -9.586   -9.870
  -10.224  -10.661  -11.189  -11.813  -12.506  -13.242  -13.986  -14.686
  -15.281  -15.717  -15.919  -15.812  -15.391  -14.639  -13.562  -12.167
  -10.541   -8.743   -6.831   -4.847   -2.862   -0.892    1.001
CT1999:225           -8.326   -8.702   -8.986   -9.251   -9.516   -9.830
  -10.208  -10.664  -11.202  -11.826  -12.511  -13.236  -13.970  -14.665
  -15.262  -15.707  -15.923  -15.832  -15.420  -14.666  -13.574  -12.148
  -10.480   -8.632   -6.667   -4.631   -2.599   -0.587    1.338
CT1999:220           -8.288   -8.653   -8.929   -9.188   -9.448   -9.754
  -10.120  -10.557  -11.068  -11.655  -12.300  -12.983  -13.678  -14.345
  -14.927  -15.370  -15.598  -15.527  -15.139  -14.409  -13.335  -11.919
  -10.255   -8.406   -6.437   -4.401   -2.377   -0.377    1.519
CT1999:215           -8.100   -8.463   -8.732   -8.981   -9.226   -9.510
   -9.844  -10.239  -10.698  -11.225  -11.804  -12.421  -13.056  -13.674
  -14.222  -14.649  -14.878  -14.825  -14.465  -13.771  -12.734  -11.355
   -9.721   -7.898   -5.950   -3.929   -1.917    0.072    1.960
CT1999:210           -7.991   -8.320   -8.552   -8.760   -8.960   -9.190
   -9.462   -9.786  -10.166  -10.607  -11.098  -11.629  -12.184  -12.734
  -13.233  -13.629  -13.850  -13.812  -13.487  -12.844  -11.871  -10.563
   -9.005   -7.256   -5.380   -3.427   -1.481    0.441    2.260
CT1999:205           -7.918   -8.187   -8.356   -8.499   -8.628   -8.778
   -8.963   -9.192   -9.471   -9.807  -10.193  -10.623  -11.084  -11.553
  -11.986  -12.336  -12.534  -12.501  -12.206  -11.616  -10.717   -9.499
   -8.037   -6.386   -4.606   -2.741   -0.875    0.974    2.729
CT1999:200           -7.741   -7.954   -8.057   -8.129   -8.178   -8.237
   -8.323   -8.447   -8.616   -8.841   -9.118   -9.443   -9.805  -10.186
  -10.546  -10.840  -11.005  -10.968  -10.699  -10.164   -9.349   -8.238
   -6.899   -5.378   -3.728   -1.990   -0.242    1.492    3.142
CT1999:195           -7.671   -7.793   -7.799   -7.770   -7.713   -7.659
   -7.627   -7.629   -7.677   -7.783   -7.946   -8.163   -8.425   -8.715
   -8.994   -9.223   -9.345   -9.293   -9.040   -8.554   -7.821   -6.823
   -5.617   -4.242   -2.743   -1.151    0.458    2.059    3.586
CT1999:190           -7.438   -7.486   -7.406   -7.284   -7.124   -6.958
   -6.809   -6.693   -6.623   -6.616   -6.672   -6.788   -6.956   -7.159
   -7.360   -7.521   -7.592   -7.516   -7.269   -6.823   -6.165   -5.279
   -4.209   -2.987   -1.647   -0.214    1.243    2.697    4.091
CT1999:185           -7.272   -7.224   -7.038   -6.806   -6.529   -6.240
   -5.967   -5.727   -5.538   -5.420   -5.374   -5.396   -5.476   -5.597
   -5.722   -5.815   -5.831   -5.724   -5.474   -5.059   -4.468   -3.688
   -2.753   -1.685   -0.511    0.752    2.044    3.337    4.577
CT1999:180           -6.998   -6.868   -6.585   -6.249   -5.861   -5.456
   -5.064   -4.708   -4.408   -4.188   -4.049   -3.986   -3.987   -4.034
   -4.089   -4.117   -4.079   -3.937   -3.676   -3.282   -2.747   -2.061
   -1.249   -0.325    0.690    1.790    2.920    4.055    5.145
CT1999:175           -6.687   -6.475   -6.097   -5.661   -5.165   -4.646
   -4.141   -3.674   -3.269   -2.954   -2.728   -2.588   -2.518   -2.497
   -2.488   -2.456   -2.367   -2.189   -1.914   -1.533   -1.043   -0.437
    0.269    1.064    1.937    2.887    3.868    4.856    5.807
CT1999:170           -6.393   -6.095   -5.621   -5.085   -4.481   -3.852
   -3.237   -2.664   -2.159   -1.752   -1.444   -1.230   -1.094   -1.012
   -0.946   -0.863   -0.730   -0.523   -0.237    0.131    0.581    1.117
    1.725    2.403    3.142    3.946    4.777    5.611    6.409
CT1999:165           -5.960   -5.604   -5.056   -4.440   -3.749   -3.026
   -2.316   -1.648   -1.052   -0.561   -0.176    0.108    0.307    0.444
    0.559    0.686    0.853    1.082    1.375    1.731    2.148    2.626
    3.157    3.738    4.367    5.047    5.748    6.449    7.111
CT1999:160           -5.663   -5.226   -4.592   -3.886   -3.103   -2.286
   -1.481   -0.719   -0.031    0.546    1.011    1.367    1.631    1.824
    1.984    2.147    2.339    2.579    2.870    3.210    3.594    4.021
    4.483    4.980    5.509    6.072    6.645    7.210    7.722
CT1999:155           -5.358   -4.848   -4.138   -3.356   -2.493   -1.593
   -0.704    0.143    0.916    1.578    2.123    2.554    2.885    3.132
    3.336    3.528    3.737    3.981    4.263    4.582    4.934    5.316
    5.720    6.146    6.589    7.047    7.498    7.930    8.289
CT1999:150           -5.069   -4.489   -3.711   -2.860   -1.928   -0.959
    0.003    0.925    1.777    2.519    3.145    3.654    4.055    4.363
    4.611    4.835    5.058    5.301    5.572    5.870    6.194    6.539
    6.899    7.269    7.643    8.013    8.357    8.671    8.890
CT1999:145           -4.992   -4.311   -3.447   -2.517   -1.512   -0.474
    0.557    1.551    2.478    3.301    4.010    4.602    5.082    5.458
    5.761    6.022    6.265    6.511    6.771    7.051    7.349    7.663
    7.983    8.304    8.617    8.903    9.145    9.343    9.419
CT1999:140           -4.726   -3.990   -3.080   -2.107   -1.063    0.012
    1.083    2.123    3.103    3.990    4.774    5.445    6.007    6.458
    6.825    7.135    7.408    7.666    7.924    8.192    8.472    8.760
    9.049    9.328    9.588    9.801    9.951   10.045    9.991
CT1999:135           -4.609   -3.801   -2.837   -1.819   -0.740    0.366
    1.466    2.539    3.563    4.506    5.359    6.111    6.760    7.300
    7.747    8.124    8.446    8.732    9.003    9.268    9.535    9.801
   10.058   10.297   10.503   10.642   10.700   10.689   10.505
CT1999:130           -4.378   -3.529   -2.542   -1.506   -0.419    0.690
    1.795    2.877    3.921    4.904    5.814    6.642    7.381    8.019
    8.562    9.025    9.416    9.750   10.049   10.325   10.587   10.833
   11.060   11.257   11.408   11.476   11.446   11.336   11.032
CT1999:125           -4.150   -3.271   -2.272   -1.231   -0.150    0.947
    2.039    3.116    4.165    5.174    6.133    7.033    7.863    8.607
    9.260    9.827   10.308   10.709   11.052   11.350   11.611   11.839
   12.032   12.179   12.268   12.257   12.133   11.920   11.491
CT1999:120           -3.957   -3.050   -2.044   -1.006    0.062    1.137
    2.207    3.267    4.312    5.338    6.339    7.307    8.230    9.086
    9.858   10.543   11.129   11.612   12.014   12.345   12.615   12.826
   12.984   13.081   13.107   13.018   12.805   12.496   11.958
CT1999:115           -3.739   -2.818   -1.817   -0.792    0.253    1.297
    2.337    3.373    4.407    5.444    6.482    7.513    8.524    9.488
   10.381   11.186   11.883   12.457   12.926   13.297   13.581   13.778
   13.901   13.945   13.904   13.734   13.432   13.029   12.386
CT1999:110           -3.583   -2.645   -1.646   -0.633    0.390    1.406
    2.419    3.432    4.457    5.506    6.579    7.669    8.761    9.826
   10.830   11.749   12.552   13.217   13.755   14.171   14.473   14.660
   14.750   14.743   14.636   14.389   14.002   13.511   12.773
CT1999:105           -3.366   -2.428   -1.445   -0.452    0.543    1.528
    2.512    3.506    4.524    5.585    6.689    7.830    8.989   10.138
   11.235   12.248   13.143   13.888   14.491   14.951   15.274   15.455
   15.518   15.465   15.297   14.976   14.510   13.935   13.109
CT1999:100           -3.245   -2.294   -1.315   -0.332    0.646    1.612
    2.581    3.568    4.589    5.667    6.803    7.987    9.201   10.414
   11.579   12.663   13.628   14.437   15.094   15.595   15.941   16.124
   16.169   16.080   15.862   15.479   14.945   14.300   13.401
CT1999:095           -2.998   -2.065   -1.109   -0.151    0.800    1.745
    2.699    3.680    4.706    5.800    6.961    8.176    9.425   10.674
   11.878   13.002   14.008   14.859   15.554   16.088   16.456   16.645
   16.679   16.564   16.305   15.868   15.272   14.562   13.592
CT1999:090           -2.905   -1.961   -1.005   -0.051    0.896    1.837
    2.793    3.783    4.824    5.940    7.123    8.360    9.627   10.892
   12.108   13.245   14.267   15.138   15.858   16.417   16.808   17.011
   17.049   16.925   16.645   16.175   15.542   14.789   13.774
CT1999:085           -2.708   -1.780   -0.840    0.100    1.033    1.969
    2.926    3.923    4.977    6.107    7.302    8.544    9.810   11.064
   12.265   13.388   14.399   15.268   15.994   16.566   16.974   17.193
   17.240   17.116   16.827   16.335   15.672   14.884   13.825
CT1999:080           -2.641   -1.702   -0.757    0.187    1.126    2.071
    3.041    4.053    5.123    6.265    7.464    8.700    9.948   11.173
   12.341   13.428   14.410   15.260   15.980   16.558   16.981   17.222
   17.290   17.184   16.907   16.419   15.753   14.959   13.887
CT1999:075           -2.586   -1.641   -0.689    0.261    1.208    2.165
    3.149    4.175    5.257    6.402    7.593    8.808   10.022   11.202
   12.317   13.352   14.288   15.104   15.804   16.377   16.809   17.069
   17.162   17.082   16.828   16.356   15.700   14.911   13.835
CT1999:070           -2.546   -1.591   -0.631    0.329    1.289    2.260
    3.259    4.298    5.386    6.526    7.697    8.878   10.043   11.162
   12.212   13.183   14.061   14.832   15.504   16.065   16.501   16.781
   16.905   16.861   16.645   16.211   15.586   14.827   13.773
CT1999:065           -2.568   -1.597   -0.621    0.357    1.334    2.324
    3.340    4.392    5.482    6.609    7.751    8.886    9.991   11.039
   12.012   12.908   13.718   14.437   15.071   15.613   16.048   16.346
   16.501   16.499   16.332   15.947   15.371   14.656   13.639
CT1999:060           -2.559   -1.582   -0.596    0.393    1.385    2.391
    3.420    4.478    5.564    6.670    7.773    8.852    9.886   10.851
   11.739   12.551   13.287   13.945   14.535   15.051   15.481   15.793
   15.981   16.024   15.912   15.589   15.074   14.420   13.456
CT1999:055           -2.502   -1.532   -0.546    0.447    1.447    2.463
    3.500    4.558    5.633    6.711    7.767    8.781    9.736   10.612
   11.407   12.130   12.786   13.380   13.921   14.408   14.829   15.157
   15.380   15.476   15.431   15.187   14.755   14.185   13.305
CT1999:050           -2.528   -1.558   -0.566    0.435    1.447    2.475
    3.520    4.578    5.640    6.684    7.690    8.635    9.506   10.289
   10.988   11.618   12.190   12.714   13.202   13.654   14.061   14.398
   14.650   14.795   14.814   14.648   14.298   13.811   13.012
CT1999:045           -2.404   -1.468   -0.496    0.491    1.495    2.518
    3.556    4.601    5.638    6.640    7.586    8.456    9.240    9.926
   10.527   11.064   11.552   12.007   12.443   12.861   13.255   13.605
   13.894   14.097   14.194   14.125   13.883   13.510   12.831
CT1999:040           -2.464   -1.536   -0.566    0.420    1.426    2.449
    3.482    4.513    5.523    6.481    7.366    8.160    8.856    9.448
    9.953   10.399   10.806   11.192   11.574   11.957   12.335   12.692
   13.009   13.263   13.428   13.446   13.300   13.026   12.449
CT1999:035           -2.406   -1.516   -0.573    0.390    1.377    2.382
    3.393    4.393    5.361    6.263    7.077    7.790    8.397    8.895
    9.309    9.670   10.000   10.325   10.661   11.014   11.383   11.754
   12.107   12.419   12.664   12.783   12.752   12.601   12.156
CT1999:030           -2.497   -1.625   -0.698    0.250    1.221    2.206
    3.190    4.154    5.073    5.911    6.651    7.280    7.799    8.208
    8.537    8.819    9.083    9.354    9.650    9.979   10.340   10.725
   11.112   11.478   11.796   12.007   12.079   12.038   11.709
CT1999:025           -2.524   -1.691   -0.798    0.116    1.054    2.002
    2.940    3.850    4.704    5.467    6.122    6.663    7.092    7.415
    7.667    7.881    8.088    8.318    8.586    8.902    9.268    9.677
   10.108   10.536   10.936   11.250   11.441   11.526   11.336
CT1999:020           -2.642   -1.840   -0.979   -0.099    0.802    1.703
    2.588    3.432    4.212    4.889    5.455    5.904    6.245    6.488
    6.669    6.824    6.986    7.185    7.435    7.748    8.124    8.562
    9.038    9.528   10.005   10.416   10.714   10.913   10.848
CT1999:015           -2.726   -1.968   -1.154   -0.323    0.524    1.363
    2.176    2.940    3.630    4.213    4.682    5.038    5.291    5.458
    5.577    5.683    5.810    5.990    6.235    6.556    6.955    7.431
    7.959    8.518    9.077    9.587    9.997   10.316   10.381
CT1999:010           -2.864   -2.149   -1.385   -0.608    0.177    0.943
    1.674    2.346    2.938    3.419    3.789    4.052    4.223    4.320
    4.385    4.452    4.555    4.726    4.976    5.315    5.745    6.266
    6.853    7.481    8.124    8.731    9.249    9.684    9.876
CT1999:005           -2.939   -2.286   -1.590   -0.886   -0.181    0.494
    1.123    1.688    2.169    2.540    2.806    2.976    3.066    3.101
    3.118    3.153    3.241    3.411    3.674    4.037    4.503    5.072
    5.716    6.412    7.130    7.823    8.434    8.965    9.261
CT2000:360           -3.090   -2.490   -1.859   -1.226   -0.605   -0.028
    0.495    0.946    1.310    1.569    1.733    1.814    1.832    1.812
    1.794    1.810    1.893    2.075    2.362    2.761    3.275    3.903
    4.615    5.387    6.190    6.980    7.696    8.339    8.759
