CT1990:360           -4.241   -3.029   -1.689   -0.312    1.093    2.479
    3.816    5.071    6.211    7.184    7.978    8.583    9.002    9.228
    9.298    9.249    9.102    8.880    8.609    8.302    7.973    7.641
    7.331    7.066    6.861    6.743    6.687    6.656    6.632
CT1990:355           -4.591   -3.444   -2.190   -0.906    0.403    1.700
    2.960    4.158    5.264    6.233    7.052    7.708    8.199    8.514
    8.682    8.735    8.688    8.557    8.368    8.130    7.856    7.562
    7.273    7.016    6.808    6.683    6.621    6.589    6.579
CT1990:350           -4.867   -3.821   -2.688   -1.528   -0.344    0.836
    1.997    3.119    4.179    5.140    5.986    6.702    7.279    7.704
    7.993    8.169    8.240    8.216    8.118    7.954    7.734    7.474
    7.204    6.949    6.735    6.595    6.521    6.480    6.475
CT1990:345           -5.205   -4.263   -3.257   -2.231   -1.185   -0.133
    0.917    1.952    2.956    3.904    4.776    5.556    6.231    6.782
    7.212    7.533    7.743    7.843    7.850    7.771    7.615    7.397
    7.152    6.910    6.700    6.562    6.494    6.466    6.493
CT1990:340           -5.535   -4.714   -3.852   -2.975   -2.082   -1.175
   -0.254    0.676    1.609    2.529    3.417    4.255    5.026    5.707
    6.288    6.766    7.130    7.368    7.493    7.507    7.420    7.246
    7.025    6.793    6.582    6.437    6.364    6.333    6.371
CT1990:335           -5.963   -5.250   -4.524   -3.792   -3.053   -2.294
   -1.509   -0.694    0.153    1.029    1.918    2.801    3.661    4.469
    5.203    5.847    6.378    6.770    7.030    7.156    7.155    7.042
    6.862    6.656    6.462    6.330    6.272    6.261    6.333
CT1990:330           -6.315   -5.729   -5.153   -4.580   -4.005   -3.408
   -2.775   -2.093   -1.352   -0.543    0.322    1.228    2.154    3.073
    3.950    4.757    5.455    6.009    6.415    6.665    6.765    6.725
    6.599    6.429    6.258    6.140    6.095    6.098    6.189
CT1990:325           -6.676   -6.211   -5.781   -5.361   -4.947   -4.513
   -4.036   -3.495   -2.873   -2.148   -1.327   -0.423    0.547    1.556
    2.559    3.515    4.378    5.096    5.657    6.047    6.266    6.321
    6.271    6.161    6.038    5.958    5.951    5.991    6.128
CT1990:320           -7.016   -6.669   -6.378   -6.104   -5.846   -5.569
   -5.245   -4.848   -4.353   -3.725   -2.968   -2.086   -1.099   -0.027
    1.076    2.159    3.168    4.040    4.752    5.282    5.627    5.789
    5.827    5.789    5.723    5.688    5.718    5.793    5.963
CT1990:315           -7.195   -6.980   -6.834   -6.710   -6.605   -6.482
   -6.309   -6.054   -5.686   -5.161   -4.479   -3.639   -2.656   -1.549
   -0.376    0.806    1.935    2.941    3.793    4.462    4.940    5.223
    5.370    5.430    5.452    5.496    5.601    5.751    6.001
CT1990:310           -7.490   -7.370   -7.332   -7.322   -7.337   -7.338
   -7.287   -7.150   -6.891   -6.458   -5.847   -5.054   -4.093   -2.976
   -1.765   -0.522    0.690    1.796    2.757    3.541    4.134    4.529
    4.780    4.933    5.039    5.153    5.319    5.525    5.821
CT1990:305           -7.599   -7.585   -7.655   -7.752   -7.876   -7.983
   -8.036   -7.997   -7.829   -7.475   -6.929   -6.186   -5.258   -4.155
   -2.939   -1.673   -0.418    0.749    1.786    2.659    3.351    3.850
    4.208    4.467    4.674    4.883    5.140    5.432    5.812
CT1990:300           -7.821   -7.867   -7.999   -8.160   -8.347   -8.517
   -8.632   -8.652   -8.539   -8.237   -7.739   -7.041   -6.152   -5.083
   -3.892   -2.642   -1.390   -0.208    0.861    1.783    2.540    3.118
    3.562    3.910    4.206    4.499    4.831    5.193    5.630
CT1990:295           -7.959   -8.055   -8.229   -8.429   -8.651   -8.852
   -8.994   -9.040   -8.954   -8.680   -8.215   -7.556   -6.714   -5.697
   -4.560   -3.362   -2.154   -1.001    0.058    0.991    1.780    2.413
    2.928    3.358    3.742    4.124    4.540    4.982    5.487
CT1990:290           -8.089   -8.206   -8.389   -8.591   -8.809   -9.001
   -9.132   -9.169   -9.077   -8.809   -8.364   -7.741   -6.951   -6.004
   -4.950   -3.837   -2.711   -1.627   -0.618    0.288    1.077    1.739
    2.305    2.804    3.267    3.734    4.230    4.750    5.317
CT1990:285           -8.200   -8.313   -8.473   -8.646   -8.824   -8.970
   -9.054   -9.049   -8.926   -8.646   -8.211   -7.625   -6.898   -6.040
   -5.093   -4.097   -3.086   -2.105   -1.179   -0.328    0.435    1.105
    1.709    2.268    2.808    3.362    3.945    4.547    5.184
CT1990:280           -8.240   -8.334   -8.450   -8.566   -8.676   -8.744
   -8.754   -8.682   -8.508   -8.206   -7.781   -7.239   -6.591   -5.844
   -5.031   -4.179   -3.314   -2.464   -1.648   -0.878   -0.160    0.504
    1.133    1.744    2.356    2.991    3.656    4.336    5.036
CT1990:275           -8.282   -8.335   -8.376   -8.407   -8.416   -8.378
   -8.284   -8.122   -7.883   -7.551   -7.138   -6.651   -6.098   -5.486
   -4.833   -4.154   -3.460   -2.766   -2.079   -1.405   -0.744   -0.095
    0.555    1.215    1.895    2.610    3.352    4.104    4.859
CT1990:270           -8.247   -8.249   -8.202   -8.129   -8.018   -7.852
   -7.637   -7.371   -7.057   -6.696   -6.302   -5.883   -5.446   -4.993
   -4.527   -4.045   -3.545   -3.024   -2.478   -1.906   -1.305   -0.666
    0.009    0.725    1.479    2.278    3.101    3.929    4.742
CT1990:265           -8.318   -8.238   -8.073   -7.868   -7.608   -7.289
   -6.931   -6.545   -6.147   -5.754   -5.386   -5.049   -4.748   -4.477
   -4.223   -3.964   -3.681   -3.351   -2.961   -2.501   -1.966   -1.345
   -0.653    0.101    0.907    1.754    2.609    3.455    4.246
CT1990:260           -8.234   -8.085   -7.805   -7.469   -7.060   -6.586
   -6.083   -5.575   -5.093   -4.675   -4.340   -4.097   -3.945   -3.874
   -3.847   -3.825   -3.766   -3.627   -3.386   -3.025   -2.534   -1.905
   -1.167   -0.342    0.548    1.481    2.412    3.326    4.166
CT1990:255           -8.295   -8.048   -7.633   -7.148   -6.573   -5.932
   -5.274   -4.639   -4.070   -3.626   -3.327   -3.186   -3.192   -3.330
   -3.541   -3.765   -3.938   -3.996   -3.905   -3.642   -3.197   -2.565
   -1.793   -0.917    0.026    0.999    1.947    2.861    3.656
CT1990:250           -8.199   -7.879   -7.348   -6.731   -6.008   -5.213
   -4.414   -3.663   -3.018   -2.555   -2.298   -2.258   -2.421   -2.764
   -3.205   -3.663   -4.054   -4.289   -4.327   -4.138   -3.713   -3.052
   -2.221   -1.268   -0.243    0.804    1.813    2.779    3.607
CT1990:245           -8.125   -7.732   -7.091   -6.351   -5.489   -4.555
   -3.628   -2.773   -2.061   -1.583   -1.368   -1.424   -1.732   -2.262
   -2.912   -3.579   -4.161   -4.548   -4.693   -4.560   -4.144   -3.449
   -2.558   -1.533   -0.435    0.676    1.738    2.748    3.607
CT1990:240           -8.051   -7.598   -6.863   -6.019   -5.040   -3.990
   -2.958   -2.020   -1.257   -0.774   -0.598   -0.738   -1.169   -1.854
   -2.674   -3.510   -4.243   -4.747   -4.971   -4.877   -4.462   -3.736
   -2.798   -1.718   -0.568    0.586    1.680    2.716    3.588
CT1990:235           -7.967   -7.465   -6.658   -5.733   -4.667   -3.530
   -2.424   -1.430   -0.636   -0.156   -0.015   -0.221   -0.743   -1.537
   -2.472   -3.418   -4.245   -4.817   -5.081   -5.000   -4.573   -3.815
   -2.834   -1.708   -0.510    0.688    1.824    2.904    3.825
CT1990:230           -7.938   -7.401   -6.543   -5.563   -4.439   -3.252
   -2.105   -1.086   -0.284    0.183    0.293    0.043   -0.533   -1.384
   -2.374   -3.367   -4.229   -4.822   -5.095   -5.011   -4.575   -3.805
   -2.812   -1.678   -0.477    0.719    1.851    2.925    3.841
CT1990:225           -7.951   -7.387   -6.499   -5.489   -4.339   -3.137
   -1.985   -0.972   -0.187    0.257    0.342    0.072   -0.517   -1.369
   -2.347   -3.317   -4.148   -4.706   -4.946   -4.835   -4.379   -3.599
   -2.605   -1.475   -0.280    0.913    2.048    3.131    4.072
CT1990:220           -7.976   -7.410   -6.522   -5.517   -4.380   -3.202
   -2.085   -1.114   -0.370    0.038    0.102   -0.170   -0.737   -1.541
   -2.449   -3.337   -4.082   -4.561   -4.737   -4.583   -4.108   -3.334
   -2.363   -1.266   -0.110    1.044    2.145    3.198    4.118
CT1990:215           -8.020   -7.463   -6.599   -5.625   -4.534   -3.415
   -2.366   -1.464   -0.784   -0.421   -0.374   -0.630   -1.145   -1.860
   -2.651   -3.407   -4.017   -4.375   -4.453   -4.232   -3.723   -2.946
   -1.992   -0.926    0.196    1.324    2.410    3.458    4.396
CT1990:210           -8.095   -7.566   -6.750   -5.835   -4.817   -3.788
   -2.834   -2.025   -1.425   -1.114   -1.084   -1.315   -1.761   -2.362
   -3.009   -3.604   -4.053   -4.267   -4.230   -3.930   -3.380   -2.601
   -1.673   -0.648    0.425    1.504    2.547    3.556    4.467
CT1990:205           -8.220   -7.725   -6.970   -6.129   -5.205   -4.284
   -3.442   -2.739   -2.228   -1.972   -1.957   -2.156   -2.525   -3.003
   -3.494   -3.917   -4.192   -4.249   -4.083   -3.688   -3.081   -2.285
   -1.365   -0.366    0.671    1.712    2.723    3.705    4.601
CT1990:200           -8.327   -7.882   -7.207   -6.460   -5.647   -4.850
   -4.133   -3.544   -3.126   -2.927   -2.926   -3.095   -3.388   -3.746
   -4.087   -4.344   -4.450   -4.352   -4.053   -3.556   -2.881   -2.050
   -1.123   -0.137    0.876    1.887    2.868    3.821    4.690
CT1990:195           -8.576   -8.167   -7.563   -6.902   -6.196   -5.519
   -4.919   -4.438   -4.106   -3.957   -3.965   -4.103   -4.325   -4.574
   -4.780   -4.887   -4.840   -4.598   -4.172   -3.571   -2.817   -1.937
   -0.984    0.009    1.015    2.007    2.965    3.892    4.734
CT1990:190           -8.696   -8.348   -7.836   -7.279   -6.692   -6.141
   -5.663   -5.288   -5.038   -4.936   -4.954   -5.065   -5.226   -5.383
   -5.475   -5.457   -5.279   -4.910   -4.367   -3.663   -2.825   -1.883
   -0.885    0.135    1.153    2.145    3.094    4.009    4.831
CT1990:185           -8.844   -8.554   -8.128   -7.668   -7.190   -6.754
   -6.384   -6.103   -5.924   -5.858   -5.880   -5.963   -6.069   -6.146
   -6.141   -6.017   -5.730   -5.253   -4.607   -3.809   -2.887   -1.874
   -0.820    0.245    1.296    2.310    3.274    4.199    5.027
CT1990:180           -8.958   -8.729   -8.387   -8.019   -7.644   -7.311
   -7.037   -6.836   -6.714   -6.675   -6.695   -6.748   -6.801   -6.806
   -6.719   -6.506   -6.130   -5.567   -4.839   -3.966   -2.976   -1.904
   -0.800    0.305    1.386    2.417    3.388    4.313    5.127
CT1990:175           -8.942   -8.791   -8.539   -8.265   -7.987   -7.748
   -7.558   -7.425   -7.350   -7.329   -7.339   -7.356   -7.353   -7.287
   -7.120   -6.828   -6.375   -5.743   -4.953   -4.024   -2.982   -1.864
   -0.715    0.430    1.549    2.612    3.610    4.560    5.392
CT1990:170           -9.029   -8.927   -8.737   -8.529   -8.319   -8.146
   -8.013   -7.924   -7.873   -7.851   -7.835   -7.804   -7.735   -7.590
   -7.342   -6.973   -6.455   -5.772   -4.945   -3.989   -2.929   -1.797
   -0.635    0.524    1.655    2.729    3.732    4.682    5.502
CT1990:165           -9.021   -8.974   -8.842   -8.691   -8.537   -8.412
   -8.318   -8.253   -8.209   -8.169   -8.112   -8.019   -7.871   -7.637
   -7.302   -6.857   -6.280   -5.562   -4.720   -3.766   -2.719   -1.602
   -0.454    0.698    1.829    2.908    3.917    4.873    5.693
CT1990:160           -9.064   -9.049   -8.950   -8.830   -8.703   -8.597
   -8.512   -8.443   -8.379   -8.297   -8.178   -8.004   -7.761   -7.428
   -7.000   -6.477   -5.850   -5.114   -4.283   -3.362   -2.364   -1.300
   -0.201    0.910    2.013    3.074    4.072    5.016    5.820
CT1990:155           -9.070   -9.082   -9.003   -8.900   -8.781   -8.670
   -8.570   -8.472   -8.362   -8.215   -8.012   -7.739   -7.388   -6.947
   -6.424   -5.830   -5.164   -4.430   -3.636   -2.780   -1.865   -0.892
    0.123    1.162    2.206    3.227    4.190    5.102    5.870
CT1990:150           -9.064   -9.088   -9.013   -8.907   -8.774   -8.634
   -8.491   -8.335   -8.152   -7.914   -7.606   -7.217   -6.747   -6.192
   -5.575   -4.916   -4.224   -3.510   -2.772   -2.005   -1.198   -0.339
    0.568    1.516    2.489    3.461    4.390    5.273    6.018
CT1990:145           -9.007   -9.044   -8.966   -8.848   -8.689   -8.503
   -8.297   -8.062   -7.784   -7.435   -7.005   -6.490   -5.895   -5.231
   -4.530   -3.820   -3.122   -2.448   -1.792   -1.138   -0.466    0.251
    1.024    1.851    2.721    3.611    4.470    5.288    5.964
CT1990:140           -8.952   -8.984   -8.887   -8.742   -8.540   -8.289
   -8.001   -7.666   -7.273   -6.796   -6.233   -5.584   -4.865   -4.097
   -3.321   -2.573   -1.879   -1.257   -0.690   -0.156    0.379    0.955
    1.594    2.305    3.080    3.901    4.709    5.484    6.128
CT1990:135           -8.854   -8.880   -8.762   -8.585   -8.335   -8.013
   -7.635   -7.194   -6.680   -6.071   -5.373   -4.596   -3.761   -2.902
   -2.068   -1.298   -0.624   -0.064    0.407    0.820    1.218    1.652
    2.156    2.747    3.419    4.159    4.901    5.618    6.211
CT1990:130           -8.755   -8.763   -8.614   -8.398   -8.095   -7.699
   -7.230   -6.682   -6.048   -5.312   -4.489   -3.596   -2.661   -1.728
   -0.852   -0.072    0.576    1.074    1.457    1.763    2.040    2.351
    2.738    3.223    3.805    4.476    5.161    5.829    6.383
CT1990:125           -8.741   -8.705   -8.509   -8.242   -7.877   -7.405
   -6.847   -6.198   -5.454   -4.606   -3.675   -2.686   -1.672   -0.686
    0.216    0.995    1.615    2.060    2.371    2.589    2.772    2.985
    3.279    3.678    4.183    4.790    5.423    6.044    6.560
CT1990:120           -8.604   -8.540   -8.311   -8.007   -7.597   -7.068
   -6.442   -5.716   -4.891   -3.960   -2.952   -1.898   -0.835    0.180
    1.090    1.859    2.452    2.855    3.115    3.276    3.395    3.544
    3.773    4.109    4.554    5.106    5.688    6.262    6.735
CT1990:115           -8.561   -8.443   -8.165   -7.813   -7.355   -6.775
   -6.094   -5.310   -4.426   -3.441   -2.387   -1.297   -0.213    0.808
    1.711    2.465    3.037    3.417    3.653    3.790    3.885    4.006
    4.204    4.504    4.911    5.421    5.960    6.492    6.925
CT1990:110           -8.392   -8.237   -7.929   -7.548   -7.063   -6.455
   -5.746   -4.936   -4.028   -3.025   -1.961   -0.871    0.203    1.207
    2.088    2.822    3.378    3.751    3.989    4.134    4.240    4.369
    4.567    4.856    5.241    5.717    6.217    6.706    7.095
CT1990:105           -8.104   -7.926   -7.599   -7.202   -6.704   -6.089
   -5.377   -4.568   -3.666   -2.678   -1.636   -0.577    0.462    1.428
    2.278    2.989    3.539    3.925    4.193    4.380    4.533    4.708
    4.941    5.253    5.646    6.116    6.604    7.079    7.459
CT1990:100           -7.903   -7.680   -7.321   -6.899   -6.387   -5.769
   -5.064   -4.271   -3.396   -2.444   -1.448   -0.441    0.543    1.458
    2.267    2.954    3.502    3.912    4.224    4.470    4.690    4.924
    5.204    5.542    5.940    6.393    6.849    7.286    7.620
CT1990:095           -7.559   -7.306   -6.929   -6.495   -5.980   -5.373
   -4.691   -3.932   -3.103   -2.208   -1.278   -0.339    0.577    1.431
    2.196    2.860    3.413    3.858    4.229    4.551    4.853    5.166
    5.509    5.891    6.312    6.765    7.211    7.635    7.958
CT1990:090           -7.321   -7.011   -6.594   -6.130   -5.600   -4.996
   -4.333   -3.608   -2.828   -1.996   -1.136   -0.273    0.570    1.362
    2.082    2.725    3.284    3.766    4.196    4.592    4.973    5.357
    5.753    6.167    6.596    7.032    7.448    7.834    8.112
CT1990:085           -7.078   -6.703   -6.238   -5.735   -5.182   -4.576
   -3.927   -3.235   -2.501   -1.731   -0.943   -0.154    0.618    1.350
    2.028    2.651    3.217    3.733    4.215    4.675    5.122    5.562
    5.998    6.431    6.857    7.268    7.645    7.986    8.212
CT1990:080           -6.803   -6.358   -5.836   -5.285   -4.700   -4.081
   -3.437   -2.766   -2.072   -1.355   -0.629    0.093    0.801    1.479
    2.120    2.725    3.296    3.836    4.358    4.865    5.358    5.835
    6.293    6.731    7.147    7.530    7.871    8.171    8.356
CT1990:075           -6.536   -6.009   -5.418   -4.805   -4.171   -3.524
   -2.867   -2.201   -1.527   -0.848   -0.169    0.501    1.156    1.788
    2.395    2.980    3.545    4.094    4.632    5.158    5.667    6.150
    6.604    7.025    7.413    7.756    8.052    8.306    8.440
CT1990:070           -6.232   -5.619   -4.949   -4.264   -3.567   -2.873
   -2.184   -1.502   -0.828   -0.165    0.486    1.119    1.735    2.329
    2.902    3.460    4.006    4.542    5.068    5.582    6.075    6.536
    6.962    7.349    7.698    8.000    8.255    8.467    8.565
CT1990:065           -5.920   -5.213   -4.452   -3.678   -2.901   -2.139
   -1.394   -0.671    0.029    0.701    1.345    1.961    2.550    3.111
    3.648    4.170    4.678    5.176    5.662    6.134    6.583    6.999
    7.379    7.724    8.034    8.304    8.534    8.727    8.820
CT1990:060           -5.597   -4.794   -3.933   -3.061   -2.188   -1.339
   -0.517    0.271    1.020    1.723    2.380    2.992    3.561    4.088
    4.580    5.047    5.493    5.922    6.335    6.730    7.102    7.443
    7.753    8.033    8.286    8.508    8.698    8.856    8.921
CT1990:055           -5.305   -4.394   -3.420   -2.434   -1.448   -0.492
    0.428    1.303    2.123    2.876    3.562    4.181    4.734    5.224
    5.660    6.056    6.420    6.758    7.075    7.374    7.652    7.906
    8.141    8.358    8.562    8.751    8.921    9.066    9.133
CT1990:050           -4.985   -3.975   -2.890   -1.788   -0.685    0.387
    1.417    2.389    3.291    4.102    4.821    5.447    5.980    6.422
    6.788    7.097    7.359    7.586    7.789    7.973    8.143    8.300
    8.450    8.597    8.745    8.894    9.034    9.155    9.207
CT1990:045           -4.761   -3.639   -2.431   -1.204    0.029    1.227
    2.374    3.452    4.441    5.311    6.062    6.688    7.194    7.577
    7.861    8.070    8.220    8.327    8.408    8.474    8.531    8.588
    8.650    8.725    8.813    8.916    9.015    9.098    9.109
CT1990:040           -4.473   -3.260   -1.945   -0.605    0.745    2.059
    3.316    4.489    5.554    6.472    7.240    7.854    8.319    8.635
    8.830    8.937    8.976    8.968    8.937    8.896    8.856    8.830
    8.824    8.846    8.897    8.979    9.066    9.142    9.151
CT1990:035           -4.420   -3.090   -1.651   -0.185    1.291    2.723
    4.086    5.347    6.477    7.429    8.201    8.790    9.204    9.444
    9.548    9.554    9.487    9.373    9.240    9.101    8.971    8.863
    8.786    8.746    8.742    8.774    8.807    8.824    8.756
CT1990:030           -4.194   -2.795   -1.273    0.279    1.845    3.362
    4.799    6.119    7.285    8.245    9.000    9.547    9.899   10.062
   10.080   10.000    9.848    9.655    9.449    9.245    9.058    8.906
    8.796    8.734    8.720    8.752    8.792    8.818    8.761
CT1990:025           -4.214   -2.726   -1.114    0.527    2.178    3.769
    5.265    6.625    7.810    8.763    9.486    9.983   10.271   10.362
   10.306   10.154    9.935    9.684    9.424    9.173    8.944    8.755
    8.614    8.525    8.488    8.498    8.511    8.504    8.396
CT1990:020           -4.082   -2.558   -0.905    0.779    2.471    4.094
    5.612    6.978    8.152    9.075    9.754   10.196   10.423   10.451
   10.339   10.137    9.878    9.596    9.314    9.046    8.807    8.614
    8.473    8.392    8.368    8.396    8.430    8.446    8.358
CT1990:015           -3.997   -2.460   -0.791    0.907    2.610    4.237
    5.748    7.097    8.242    9.125    9.757   10.148   10.324   10.307
   10.157    9.926    9.649    9.357    9.072    8.806    8.573    8.389
    8.262    8.196    8.190    8.239    8.293    8.328    8.257
CT1990:010           -3.979   -2.448   -0.788    0.899    2.586    4.189
    5.671    6.985    8.090    8.931    9.521    9.873   10.017    9.976
    9.811    9.573    9.298    9.016    8.745    8.498    8.285    8.124
    8.021    7.981    8.002    8.078    8.159    8.221    8.177
CT1990:005           -3.972   -2.476   -0.857    0.785    2.424    3.975
    5.404    6.666    7.723    8.524    9.083    9.415    9.548    9.505
    9.348    9.125    8.869    8.611    8.368    8.151    7.969    7.841
    7.770    7.762    7.814    7.921    8.034    8.129    8.120
CT1991:360           -4.071   -2.623   -1.064    0.514    2.083    3.563
    4.923    6.125    7.134    7.903    8.447    8.778    8.923    8.904
    8.777    8.589    8.370    8.150    7.945    7.765    7.621    7.528
    7.490    7.513    7.593    7.726    7.865    7.986    8.005
