CT1994:360           -7.958   -6.901   -5.685   -4.421   -3.114   -1.810
   -0.538    0.675    1.805    2.816    3.698    4.443    5.052    5.519
    5.866    6.120    6.295    6.408    6.475    6.506    6.505    6.473
    6.417    6.339    6.245    6.131    5.995    5.840    5.632
CT1994:355           -8.005   -7.030   -5.913   -4.755   -3.563   -2.380
   -1.227   -0.121    0.920    1.868    2.713    3.446    4.059    4.544
    4.914    5.194    5.398    5.544    5.655    5.742    5.809    5.859
    5.891    5.905    5.899    5.867    5.808    5.728    5.596
CT1994:350           -8.154   -7.248   -6.219   -5.156   -4.068   -2.993
   -1.944   -0.932    0.029    0.920    1.728    2.440    3.047    3.533
    3.908    4.195    4.410    4.576    4.719    4.853    4.984    5.112
    5.232    5.337    5.420    5.467    5.479    5.463    5.385
CT1994:345           -8.226   -7.407   -6.475   -5.512   -4.529   -3.557
   -2.604   -1.678   -0.788    0.049    0.820    1.506    2.095    2.567
    2.930    3.207    3.417    3.591    3.756    3.931    4.124    4.333
    4.546    4.750    4.934    5.078    5.179    5.248    5.251
CT1994:340           -8.397   -7.649   -6.799   -5.922   -5.027   -4.140
   -3.266   -2.411   -1.579   -0.788   -0.053    0.605    1.169    1.617
    1.956    2.211    2.405    2.574    2.752    2.959    3.204    3.486
    3.785    4.082    4.361    4.595    4.777    4.924    4.994
CT1994:335           -8.392   -7.747   -7.000   -6.224   -5.427   -4.630
   -3.838   -3.055   -2.284   -1.543   -0.849   -0.227    0.305    0.722
    1.032    1.261    1.436    1.599    1.787    2.023    2.319    2.671
    3.056    3.448    3.825    4.156    4.433    4.672    4.832
CT1994:330           -8.567   -7.990   -7.318   -6.619   -5.898   -5.175
   -4.453   -3.733   -3.020   -2.328   -1.676   -1.091   -0.591   -0.202
    0.084    0.292    0.454    0.616    0.816    1.081    1.421    1.836
    2.293    2.766    3.227    3.642    3.999    4.317    4.551
CT1994:325           -8.541   -8.068   -7.496   -6.895   -6.268   -5.634
   -4.996   -4.355   -3.714   -3.086   -2.489   -1.948   -1.484   -1.121
   -0.852   -0.652   -0.489   -0.316   -0.094    0.204    0.589    1.060
    1.583    2.127    2.662    3.154    3.587    3.981    4.291
CT1994:320           -8.701   -8.291   -7.790   -7.261   -6.710   -6.153
   -5.594   -5.031   -4.465   -3.904   -3.366   -2.870   -2.438   -2.089
   -1.821   -1.611   -1.427   -1.225   -0.968   -0.629   -0.198    0.324
    0.900    1.502    2.099    2.655    3.157    3.621    4.006
CT1994:315           -8.745   -8.417   -8.000   -7.556   -7.091   -6.623
   -6.154   -5.681   -5.202   -4.720   -4.248   -3.802   -3.399   -3.058
   -2.778   -2.540   -2.318   -2.072   -1.768   -1.384   -0.910   -0.347
    0.270    0.913    1.554    2.160    2.717    3.240    3.690
CT1994:310           -8.875   -8.603   -8.251   -7.877   -7.488   -7.102
   -6.718   -6.333   -5.939   -5.535   -5.125   -4.724   -4.343   -4.000
   -3.694   -3.415   -3.140   -2.837   -2.479   -2.046   -1.532   -0.937
   -0.292    0.380    1.053    1.700    2.308    2.889    3.413
CT1994:305           -9.067   -8.833   -8.533   -8.216   -7.893   -7.580
   -7.274   -6.968   -6.653   -6.318   -5.964   -5.599   -5.234   -4.879
   -4.542   -4.215   -3.883   -3.522   -3.113   -2.640   -2.098   -1.489
   -0.834   -0.156    0.527    1.195    1.834    2.454    3.028
CT1994:300           -9.158   -8.969   -8.724   -8.467   -8.210   -7.968
   -7.735   -7.502   -7.255   -6.979   -6.671   -6.335   -5.978   -5.609
   -5.238   -4.864   -4.479   -4.066   -3.614   -3.111   -2.553   -1.939
   -1.286   -0.608    0.082    0.772    1.451    2.120    2.766
CT1994:295           -9.383   -9.207   -8.991   -8.770   -8.556   -8.363
   -8.181   -7.999   -7.800   -7.564   -7.286   -6.966   -6.612   -6.231
   -5.833   -5.425   -5.002   -4.558   -4.084   -3.574   -3.024   -2.431
   -1.805   -1.153   -0.484    0.198    0.880    1.560    2.222
CT1994:290           -9.431   -9.286   -9.108   -8.927   -8.757   -8.609
   -8.471   -8.328   -8.165   -7.957   -7.701   -7.395   -7.046   -6.659
   -6.248   -5.821   -5.380   -4.922   -4.442   -3.937   -3.401   -2.828
   -2.222   -1.584   -0.916   -0.213    0.509    1.239    1.974
CT1994:285           -9.554   -9.416   -9.253   -9.092   -8.945   -8.820
   -8.705   -8.583   -8.438   -8.248   -8.007   -7.716   -7.380   -7.005
   -6.604   -6.186   -5.755   -5.310   -4.851   -4.372   -3.868   -3.331
   -2.757   -2.144   -1.490   -0.788   -0.055    0.691    1.444
CT1994:280           -9.557   -9.430   -9.283   -9.137   -9.006   -8.896
   -8.793   -8.683   -8.550   -8.375   -8.155   -7.890   -7.586   -7.246
   -6.882   -6.502   -6.106   -5.695   -5.268   -4.819   -4.341   -3.821
   -3.256   -2.637   -1.962   -1.219   -0.430    0.380    1.209
CT1994:275           -9.494   -9.378   -9.239   -9.100   -8.975   -8.868
   -8.768   -8.662   -8.539   -8.385   -8.199   -7.981   -7.735   -7.465
   -7.174   -6.865   -6.536   -6.182   -5.801   -5.385   -4.928   -4.414
   -3.838   -3.194   -2.481   -1.683   -0.831    0.046    0.945
CT1994:270           -9.449   -9.326   -9.177   -9.028   -8.890   -8.770
   -8.660   -8.552   -8.438   -8.312   -8.175   -8.028   -7.873   -7.707
   -7.526   -7.324   -7.090   -6.812   -6.485   -6.100   -5.649   -5.116
   -4.502   -3.802   -3.020   -2.142   -1.207   -0.246    0.732
CT1994:265           -9.136   -9.037   -8.898   -8.752   -8.610   -8.484
   -8.369   -8.265   -8.171   -8.091   -8.027   -7.981   -7.951   -7.928
   -7.895   -7.835   -7.724   -7.538   -7.268   -6.904   -6.438   -5.853
   -5.162   -4.366   -3.473   -2.477   -1.423   -0.342    0.754
CT1994:260           -9.043   -8.918   -8.745   -8.564   -8.385   -8.224
   -8.084   -7.971   -7.891   -7.860   -7.880   -7.953   -8.071   -8.220
   -8.367   -8.479   -8.516   -8.439   -8.236   -7.892   -7.400   -6.749
   -5.962   -5.054   -4.042   -2.929   -1.767   -0.588    0.584
CT1994:255           -8.825   -8.683   -8.480   -8.264   -8.046   -7.849
   -7.683   -7.562   -7.501   -7.526   -7.641   -7.848   -8.133   -8.475
   -8.823   -9.127   -9.330   -9.373   -9.239   -8.908   -8.377   -7.636
   -6.728   -5.681   -4.523   -3.271   -1.983   -0.687    0.582
CT1994:250           -8.685   -8.500   -8.246   -7.975   -7.701   -7.454
   -7.252   -7.115   -7.068   -7.148   -7.359   -7.702   -8.159   -8.700
   -9.257   -9.763  -10.141  -10.312  -10.252   -9.937   -9.364   -8.530
   -7.498   -6.310   -5.010   -3.629   -2.234   -0.844    0.485
CT1994:245           -8.803   -8.521   -8.172   -7.810   -7.448   -7.128
   -6.869   -6.701   -6.654   -6.776   -7.072   -7.539   -8.155   -8.884
   -9.640  -10.340  -10.889  -11.186  -11.201  -10.904  -10.293   -9.371
   -8.223   -6.906   -5.479   -3.990   -2.511   -1.054    0.307
CT1994:240           -8.630   -8.296   -7.883   -7.455   -7.027   -6.649
   -6.347   -6.157   -6.116   -6.281   -6.655   -7.235   -7.994   -8.891
   -9.825  -10.699  -11.400  -11.811  -11.893  -11.611  -10.966   -9.965
   -8.711   -7.278   -5.738   -4.154   -2.601   -1.085    0.306
CT1994:235           -8.743   -8.304   -7.788   -7.260   -6.738   -6.281
   -5.918   -5.689   -5.638   -5.826   -6.255   -6.918   -7.787   -8.813
   -9.887  -10.897  -11.720  -12.223  -12.362  -12.100  -11.437  -10.386
   -9.066   -7.564   -5.962   -4.337   -2.766   -1.249    0.112
CT1994:230           -8.562   -8.066   -7.484   -6.887   -6.297   -5.780
   -5.371   -5.115   -5.055   -5.261   -5.728   -6.449   -7.390   -8.502
   -9.665  -10.764  -11.664  -12.225  -12.401  -12.151  -11.477  -10.397
   -9.040   -7.499   -5.865   -4.221   -2.644   -1.128    0.218
CT1994:225           -8.456   -7.894   -7.238   -6.566   -5.904   -5.324
   -4.865   -4.574   -4.496   -4.699   -5.177   -5.919   -6.888   -8.032
   -9.229  -10.360  -11.289  -11.874  -12.068  -11.832  -11.169  -10.101
   -8.760   -7.244   -5.644   -4.047   -2.526   -1.071    0.204
CT1994:220           -8.287   -7.672   -6.953   -6.217   -5.491   -4.855
   -4.348   -4.019   -3.913   -4.096   -4.557   -5.280   -6.228   -7.347
   -8.516   -9.619  -10.523  -11.092  -11.281  -11.054  -10.417   -9.391
   -8.107   -6.660   -5.137   -3.621   -2.178   -0.798    0.414
CT1994:215           -8.097   -7.438   -6.665   -5.873   -5.089   -4.401
   -3.847   -3.476   -3.331   -3.474   -3.887   -4.554   -5.434   -6.473
   -7.557   -8.576   -9.408   -9.927  -10.093   -9.875   -9.282   -8.336
   -7.158   -5.834   -4.442   -3.056   -1.735   -0.468    0.653
CT1994:210           -7.959   -7.254   -6.429   -5.582   -4.743   -4.001
   -3.396   -2.975   -2.776   -2.855   -3.191   -3.764   -4.532   -5.443
   -6.392   -7.280   -7.999   -8.438   -8.566   -8.359   -7.826   -6.990
   -5.956   -4.798   -3.581   -2.364   -1.195   -0.067    0.949
CT1994:205           -7.771   -7.039   -6.176   -5.288   -4.406   -3.619
   -2.965   -2.490   -2.228   -2.227   -2.462   -2.911   -3.534   -4.281
   -5.059   -5.781   -6.358   -6.698   -6.778   -6.583   -6.122   -5.418
   -4.557   -3.596   -2.586   -1.568   -0.577    0.388    1.280
CT1994:200           -7.672   -6.908   -6.006   -5.078   -4.152   -3.317
   -2.612   -2.075   -1.737   -1.638   -1.752   -2.055   -2.509   -3.067
   -3.649   -4.186   -4.604   -4.834   -4.861   -4.677   -4.294   -3.733
   -3.057   -2.308   -1.521   -0.717    0.081    0.871    1.632
CT1994:195           -7.479   -6.710   -5.794   -4.846   -3.895   -3.027
   -2.276   -1.681   -1.266   -1.064   -1.048   -1.196   -1.470   -1.832
   -2.215   -2.562   -2.819   -2.938   -2.911   -2.738   -2.432   -2.012
   -1.521   -0.985   -0.422    0.164    0.764    1.371    1.988
CT1994:190           -7.422   -6.635   -5.698   -4.726   -3.746   -2.840
   -2.041   -1.381   -0.881   -0.568   -0.415   -0.402   -0.495   -0.662
   -0.850   -1.016   -1.121   -1.134   -1.057   -0.893   -0.656   -0.364
   -0.042    0.300    0.656    1.038    1.450    1.883    2.362
CT1994:185           -7.164   -6.409   -5.489   -4.528   -3.548   -2.627
   -1.795   -1.082   -0.505   -0.086    0.197    0.365    0.442    0.454
    0.443    0.438    0.465    0.541    0.662    0.818    0.998    1.183
    1.364    1.542    1.722    1.928    2.175    2.454    2.810
CT1994:180           -7.141   -6.384   -5.459   -4.492   -3.499   -2.552
   -1.679   -0.904   -0.242    0.288    0.706    1.025    1.264    1.441
    1.584    1.715    1.850    1.995    2.145    2.292    2.422    2.520
    2.587    2.630    2.663    2.715    2.813    2.948    3.178
CT1994:175           -6.817   -6.126   -5.251   -4.323   -3.355   -2.411
   -1.518   -0.698    0.036    0.668    1.209    1.667    2.052    2.371
    2.642    2.881    3.094    3.283    3.448    3.580    3.669    3.701
    3.685    3.630    3.555    3.491    3.474    3.496    3.625
CT1994:170           -6.817   -6.138   -5.274   -4.354   -3.388   -2.428
   -1.500   -0.621    0.196    0.938    1.608    2.205    2.731    3.180
    3.560    3.883    4.151    4.363    4.526    4.634    4.682    4.661
    4.579    4.451    4.293    4.137    4.020    3.940    3.968
CT1994:165           -6.655   -6.027   -5.206   -4.323   -3.380   -2.421
   -1.471   -0.545    0.348    1.194    1.985    2.713    3.369    3.934
    4.407    4.795    5.096    5.312    5.457    5.532    5.538    5.470
    5.340    5.159    4.945    4.722    4.530    4.371    4.313
CT1994:160           -6.663   -6.058   -5.261   -4.398   -3.467   -2.501
   -1.523   -0.543    0.428    1.378    2.291    3.147    3.928    4.603
    5.161    5.604    5.929    6.138    6.255    6.291    6.253    6.140
    5.969    5.749    5.494    5.224    4.975    4.752    4.618
CT1994:155           -6.801   -6.195   -5.407   -4.553   -3.626   -2.647
   -1.638   -0.605    0.444    1.494    2.522    3.500    4.400    5.179
    5.818    6.314    6.660    6.861    6.950    6.945    6.861    6.707
    6.500    6.251    5.968    5.668    5.381    5.115    4.925
CT1994:150           -6.806   -6.228   -5.471   -4.645   -3.738   -2.761
   -1.734   -0.661    0.449    1.582    2.708    3.791    4.795    5.669
    6.382    6.929    7.299    7.495    7.560    7.517    7.391    7.196
    6.955    6.678    6.373    6.049    5.732    5.430    5.189
CT1994:145           -7.097   -6.491   -5.723   -4.891   -3.978   -2.985
   -1.929   -0.813    0.357    1.565    2.777    3.951    5.047    6.006
    6.792    7.394    7.796    8.001    8.056    7.989    7.831    7.605
    7.338    7.041    6.722    6.387    6.056    5.737    5.468
CT1994:140           -7.090   -6.512   -5.776   -4.974   -4.084   -3.102
   -2.042   -0.908    0.294    1.549    2.815    4.051    5.212    6.234
    7.078    7.729    8.166    8.390    8.448    8.372    8.197    7.948
    7.660    7.346    7.014    6.669    6.325    5.989    5.690
CT1994:135           -7.256   -6.669   -5.938   -5.142   -4.259   -3.275
   -2.208   -1.057    0.169    1.454    2.755    4.029    5.230    6.296
    7.184    7.877    8.353    8.606    8.685    8.619    8.444    8.189
    7.892    7.568    7.228    6.876    6.522    6.172    5.848
CT1994:130           -7.232   -6.669   -5.963   -5.193   -4.332   -3.362
   -2.302   -1.152    0.076    1.367    2.674    3.957    5.169    6.251
    7.160    7.883    8.392    8.681    8.793    8.755    8.601    8.359
    8.069    7.750    7.414    7.066    6.714    6.364    6.027
CT1994:125           -7.223   -6.674   -5.988   -5.237   -4.393   -3.435
   -2.383   -1.240   -0.019    1.261    2.555    3.822    5.020    6.091
    7.000    7.732    8.263    8.585    8.735    8.737    8.617    8.402
    8.131    7.824    7.495    7.148    6.794    6.435    6.073
CT1994:120           -7.174   -6.638   -5.968   -5.233   -4.402   -3.456
   -2.414   -1.282   -0.075    1.183    2.449    3.682    4.843    5.881
    6.767    7.491    8.031    8.380    8.569    8.617    8.546    8.376
    8.143    7.869    7.568    7.245    6.909    6.566    6.209
CT1994:115           -7.127   -6.595   -5.932   -5.204   -4.381   -3.441
   -2.406   -1.285   -0.096    1.134    2.362    3.548    4.657    5.644
    6.486    7.180    7.710    8.070    8.289    8.379    8.358    8.239
    8.054    7.821    7.555    7.259    6.946    6.618    6.260
CT1994:110           -7.046   -6.513   -5.852   -5.127   -4.306   -3.369
   -2.340   -1.230   -0.059    1.141    2.327    3.459    4.507    5.429
    6.211    6.857    7.357    7.711    7.946    8.071    8.099    8.036
    7.909    7.731    7.516    7.265    6.989    6.694    6.355
CT1994:105           -6.927   -6.391   -5.728   -5.001   -4.178   -3.242
   -2.218   -1.118    0.034    1.204    2.346    3.423    4.403    5.252
    5.962    6.543    6.994    7.323    7.556    7.701    7.769    7.760
    7.693    7.577    7.421    7.222    6.992    6.736    6.417
CT1994:100           -6.811   -6.259   -5.582   -4.844   -4.014   -3.074
   -2.052   -0.962    0.172    1.312    2.412    3.433    4.347    5.119
    5.750    6.255    6.643    6.930    7.143    7.295    7.393    7.434
    7.429    7.379    7.290    7.154    6.977    6.769    6.480
CT1994:095           -6.631   -6.066   -5.377   -4.628   -3.790   -2.851
   -1.835   -0.759    0.351    1.457    2.511    3.476    4.321    5.015
    5.561    5.983    6.297    6.527    6.707    6.850    6.963    7.044
    7.093    7.105    7.078    6.998    6.866    6.692    6.412
CT1994:090           -6.478   -5.882   -5.167   -4.395   -3.542   -2.599
   -1.591   -0.532    0.550    1.617    2.622    3.529    4.307    4.925
    5.390    5.731    5.971    6.143    6.285    6.415    6.541    6.662
    6.768    6.849    6.896    6.887    6.818    6.699    6.454
CT1994:085           -6.279   -5.653   -4.911   -4.116   -3.249   -2.307
   -1.314   -0.283    0.759    1.774    2.721    3.562    4.270    4.812
    5.199    5.462    5.631    5.745    5.847    5.958    6.090    6.240
    6.392    6.529    6.636    6.681    6.654    6.566    6.323
CT1994:080           -6.094   -5.424   -4.641   -3.812   -2.923   -1.979
   -1.002   -0.006    0.987    1.941    2.819    3.589    4.223    4.693
    5.012    5.211    5.323    5.392    5.465    5.566    5.708    5.890
    6.091    6.288    6.461    6.572    6.603    6.566    6.356
CT1994:075           -5.848   -5.136   -4.313   -3.449   -2.537   -1.592
   -0.636    0.319    1.253    2.133    2.932    3.620    4.178    4.578
    4.835    4.981    5.051    5.090    5.144    5.240    5.392    5.600
    5.840    6.087    6.315    6.482    6.563    6.571    6.389
CT1994:070           -5.638   -4.870   -3.991   -3.077   -2.128   -1.172
   -0.228    0.690    1.565    2.369    3.083    3.688    4.167    4.502
    4.707    4.815    4.857    4.879    4.924    5.018    5.176    5.402
    5.668    5.948    6.214    6.422    6.541    6.584    6.425
CT1994:065           -5.526   -4.675   -3.717   -2.730   -1.721   -0.733
    0.219    1.117    1.947    2.684    3.321    3.846    4.253    4.529
    4.693    4.773    4.800    4.815    4.856    4.949    5.107    5.337
    5.613    5.911    6.202    6.441    6.594    6.672    6.549
CT1994:060           -5.305   -4.390   -3.359   -2.300   -1.227   -0.194
    0.780    1.676    2.477    3.162    3.733    4.188    4.529    4.752
    4.877    4.933    4.946    4.952    4.982    5.059    5.199    5.407
    5.664    5.947    6.230    6.469    6.627    6.711    6.596
CT1994:055           -5.417   -4.373   -3.216   -2.035   -0.850    0.275
    1.320    2.260    3.078    3.750    4.289    4.701    4.996    5.177
    5.271    5.305    5.301    5.289    5.296    5.341    5.439    5.599
    5.807    6.046    6.294    6.509    6.651    6.725    6.608
CT1994:050           -5.209   -4.099   -2.857   -1.585   -0.303    0.916
    2.042    3.046    3.907    4.595    5.127    5.515    5.777    5.922
    5.981    5.984    5.950    5.903    5.865    5.855    5.886    5.972
    6.105    6.274    6.461    6.630    6.740    6.791    6.664
CT1994:045           -5.234   -4.021   -2.662   -1.268    0.142    1.490
    2.739    3.853    4.802    5.551    6.118    6.516    6.768    6.889
    6.916    6.881    6.804    6.704    6.604    6.517    6.460    6.449
    6.484    6.561    6.668    6.775    6.840    6.857    6.719
CT1994:040           -5.067   -3.799   -2.356   -0.866    0.656    2.129
    3.507    4.745    5.806    6.642    7.268    7.697    7.954    8.057
    8.050    7.968    7.833    7.665    7.483    7.303    7.142    7.019
    6.942    6.913    6.923    6.955    6.961    6.932    6.774
CT1994:035           -4.924   -3.609   -2.093   -0.515    1.114    2.712
    4.225    5.598    6.787    7.729    8.436    8.916    9.194    9.289
    9.250    9.121    8.924    8.682    8.416    8.142    7.877    7.646
    7.462    7.332    7.254    7.218    7.179    7.121    6.969
CT1994:030           -4.822   -3.474   -1.899   -0.250    1.469    3.179
    4.814    6.316    7.628    8.681    9.473   10.012   10.319   10.412
   10.346   10.172    9.916    9.602    9.255    8.892    8.531    8.197
    7.909    7.678    7.506    7.391    7.291    7.182    7.007
CT1994:025           -4.810   -3.436   -1.816   -0.113    1.675    3.471
    5.204    6.810    8.227    9.375   10.245   10.840   11.179   11.278
   11.196   10.990   10.688   10.320    9.912    9.482    9.048    8.636
    8.265    7.952    7.701    7.516    7.358    7.202    7.002
CT1994:020           -4.791   -3.416   -1.784   -0.062    1.757    3.597
    5.383    7.051    8.534    9.745   10.672   11.309   11.677   11.786
   11.702   11.482   11.159   10.765   10.327    9.864    9.392    8.937
    8.518    8.152    7.847    7.612    7.412    7.221    7.005
CT1994:015           -4.978   -3.595   -1.958   -0.231    1.593    3.442
    5.242    6.929    8.436    9.674   10.628   11.292   11.681   11.806
   11.732   11.520   11.203   10.812   10.378    9.914    9.438    8.968
    8.525    8.125    7.776    7.487    7.230    6.981    6.708
CT1994:010           -5.052   -3.705   -2.110   -0.428    1.348    3.148
    4.904    6.552    8.028    9.248   10.194   10.860   11.261   11.407
   11.360   11.180   10.899   10.551   10.160    9.742    9.308    8.875
    8.459    8.075    7.732    7.441    7.179    6.925    6.655
CT1994:005           -5.302   -3.989   -2.447   -0.827    0.876    2.596
    4.268    5.836    7.242    8.407    9.318    9.969   10.373   10.540
   10.531   10.400   10.179    9.897    9.578    9.232    8.869    8.497
    8.132    7.784    7.461    7.170    6.896    6.622    6.322
CT1995:360           -5.465   -4.222   -2.772   -1.252    0.338    1.934
    3.481    4.928    6.226    7.305    8.156    8.774    9.173    9.364
    9.400    9.332    9.188    8.996    8.774    8.530    8.269    7.996
    7.721    7.451    7.193    6.950    6.712    6.471    6.198
