CT1998:360           -3.708   -2.624   -1.391   -0.125    1.151    2.351
    3.438    4.374    5.128    5.664    6.008    6.184    6.225    6.169
    6.069    5.966    5.890    5.865    5.890    5.966    6.088    6.256
    6.459    6.697    6.966    7.269    7.586    7.901    8.182
CT1998:355           -3.877   -2.840   -1.672   -0.482    0.700    1.787
    2.748    3.550    4.169    4.578    4.810    4.894    4.868    4.770
    4.653    4.555    4.506    4.525    4.611    4.762    4.970    5.231
    5.532    5.867    6.231    6.623    7.025    7.425    7.794
CT1998:350           -4.057   -3.081   -1.995   -0.897    0.178    1.140
    1.968    2.633    3.118    3.405    3.532    3.532    3.444    3.310
    3.179    3.086    3.061    3.124    3.271    3.497    3.794    4.156
    4.562    5.003    5.471    5.960    6.454    6.944    7.402
CT1998:345           -4.235   -3.338   -2.351   -1.359   -0.405    0.425
    1.117    1.646    2.002    2.175    2.205    2.128    1.983    1.813
    1.667    1.576    1.572    1.675    1.878    2.178    2.563    3.024
    3.535    4.082    4.652    5.236    5.816    6.387    6.920
CT1998:340           -4.457   -3.641   -2.754   -1.872   -1.039   -0.338
    0.223    0.624    0.862    0.930    0.873    0.725    0.528    0.325
    0.163    0.074    0.090    0.233    0.494    0.868    1.344    1.909
    2.532    3.193    3.874    4.563    5.243    5.910    6.536
CT1998:335           -4.723   -3.991   -3.208   -2.437   -1.724   -1.149
   -0.713   -0.430   -0.302   -0.329   -0.467   -0.681   -0.930   -1.167
   -1.347   -1.437   -1.405   -1.225   -0.910   -0.465    0.096    0.757
    1.482    2.244    3.022    3.798    4.554    5.291    5.974
CT1998:330           -4.973   -4.332   -3.655   -2.996   -2.403   -1.949
   -1.630   -1.458   -1.431   -1.546   -1.760   -2.036   -2.334   -2.604
   -2.800   -2.891   -2.839   -2.620   -2.246   -1.726   -1.075   -0.313
    0.518    1.388    2.272    3.149    4.001    4.831    5.605
CT1998:325           -5.295   -4.737   -4.158   -3.603   -3.118   -2.772
   -2.559   -2.486   -2.549   -2.744   -3.026   -3.359   -3.702   -4.003
   -4.214   -4.303   -4.231   -3.971   -3.540   -2.947   -2.211   -1.356
   -0.429    0.537    1.515    2.480    3.415    4.326    5.178
CT1998:320           -5.560   -5.094   -4.616   -4.163   -3.784   -3.540
   -3.425   -3.443   -3.589   -3.856   -4.201   -4.587   -4.971   -5.299
   -5.521   -5.605   -5.509   -5.208   -4.720   -4.057   -3.243   -2.302
   -1.286   -0.232    0.833    1.881    2.898    3.891    4.828
CT1998:315           -5.990   -5.588   -5.185   -4.810   -4.511   -4.346
   -4.306   -4.395   -4.606   -4.931   -5.327   -5.755   -6.171   -6.519
   -6.747   -6.823   -6.706   -6.369   -5.835   -5.118   -4.245   -3.243
   -2.169   -1.059    0.058    1.151    2.207    3.236    4.200
CT1998:310           -6.260   -5.944   -5.625   -5.335   -5.115   -5.023
   -5.049   -5.199   -5.464   -5.836   -6.272   -6.731   -7.169   -7.528
   -7.755   -7.819   -7.678   -7.307   -6.732   -5.969   -5.046   -3.993
   -2.866   -1.702   -0.531    0.620    1.739    2.833    3.873
CT1998:305           -6.812   -6.526   -6.247   -5.996   -5.815   -5.758
   -5.816   -5.994   -6.285   -6.679   -7.133   -7.606   -8.053   -8.414
   -8.637   -8.691   -8.538   -8.151   -7.561   -6.786   -5.853   -4.796
   -3.669   -2.511   -1.350   -0.216    0.877    1.938    2.924
CT1998:300           -7.082   -6.871   -6.656   -6.462   -6.328   -6.304
   -6.387   -6.581   -6.882   -7.281   -7.737   -8.209   -8.652   -9.006
   -9.220   -9.265   -9.100   -8.705   -8.109   -7.328   -6.393   -5.332
   -4.200   -3.030   -1.851   -0.686    0.448    1.558    2.610
CT1998:295           -7.446   -7.281   -7.102   -6.940   -6.825   -6.806
   -6.883   -7.065   -7.349   -7.729   -8.165   -8.618   -9.046   -9.387
   -9.593   -9.636   -9.475   -9.091   -8.510   -7.751   -6.840   -5.803
   -4.693   -3.540   -2.369   -1.201   -0.053    1.077    2.158
CT1998:290           -7.714   -7.610   -7.475   -7.344   -7.244   -7.220
   -7.278   -7.430   -7.677   -8.017   -8.417   -8.840   -9.245   -9.574
   -9.779   -9.829   -9.687   -9.330   -8.783   -8.062   -7.191   -6.192
   -5.112   -3.979   -2.816   -1.636   -0.460    0.709    1.850
CT1998:285           -7.696   -7.696   -7.630   -7.553   -7.481   -7.456
   -7.494   -7.611   -7.814   -8.107   -8.464   -8.853   -9.235   -9.557
   -9.769   -9.839   -9.727   -9.408   -8.903   -8.226   -7.394   -6.426
   -5.364   -4.232   -3.048   -1.818   -0.565    0.701    1.979
CT1998:280           -7.951   -8.001   -7.964   -7.903   -7.828   -7.778
   -7.775   -7.838   -7.981   -8.216   -8.523   -8.875   -9.238   -9.561
   -9.792   -9.896   -9.830   -9.565   -9.119   -8.498   -7.721   -6.798
   -5.771   -4.659   -3.481   -2.236   -0.953    0.353    1.687
CT1998:275           -7.836   -7.999   -8.037   -8.034   -7.991   -7.942
   -7.921   -7.952   -8.053   -8.246   -8.519   -8.850   -9.209   -9.547
   -9.809   -9.957   -9.943   -9.733   -9.339   -8.766   -8.026   -7.126
   -6.105   -4.982   -3.774   -2.475   -1.117    0.276    1.725
CT1998:270           -8.061   -8.265   -8.329   -8.343   -8.303   -8.241
   -8.196   -8.194   -8.261   -8.422   -8.672   -8.995   -9.360   -9.723
  -10.026  -10.223  -10.263  -10.107   -9.761   -9.226   -8.513   -7.625
   -6.602   -5.464   -4.228   -2.890   -1.485   -0.041    1.464
CT1998:265           -8.155   -8.415   -8.522   -8.571   -8.555   -8.506
   -8.465   -8.462   -8.525   -8.687   -8.944   -9.282   -9.674  -10.074
  -10.422  -10.668  -10.757  -10.641  -10.323   -9.802   -9.084   -8.172
   -7.110   -5.918   -4.619   -3.206   -1.721   -0.193    1.401
CT1998:260           -8.337   -8.630   -8.768   -8.847   -8.859   -8.835
   -8.820   -8.843   -8.934   -9.126   -9.417   -9.795  -10.231  -10.679
  -11.077  -11.372  -11.501  -11.411  -11.104  -10.574   -9.826   -8.865
   -7.740   -6.476   -5.100   -3.611   -2.056   -0.462    1.186
CT1998:255           -8.452   -8.779   -8.953   -9.071   -9.125   -9.150
   -9.188   -9.269   -9.421   -9.676  -10.030  -10.469  -10.964  -11.468
  -11.915  -12.250  -12.405  -12.322  -11.998  -11.426  -10.611   -9.559
   -8.325   -6.944   -5.446   -3.837   -2.165   -0.458    1.300
CT1998:250           -8.580   -8.932   -9.141   -9.300   -9.405   -9.494
   -9.605   -9.767  -10.006  -10.348  -10.786  -11.304  -11.871  -12.437
  -12.935  -13.308  -13.484  -13.398  -13.046  -12.418  -11.522  -10.365
   -9.015   -7.514   -5.900   -4.189   -2.433   -0.652    1.152
CT1998:245           -8.542   -8.934   -9.193   -9.408   -9.579   -9.749
   -9.953  -10.215  -10.557  -11.002  -11.535  -12.139  -12.781  -13.410
  -13.956  -14.361  -14.548  -14.445  -14.048  -13.344  -12.344  -11.058
   -9.565   -7.914   -6.153   -4.306   -2.426   -0.529    1.380
CT1998:240           -8.600   -9.003   -9.291   -9.544   -9.769  -10.011
  -10.299  -10.655  -11.095  -11.636  -12.259  -12.944  -13.656  -14.342
  -14.933  -15.368  -15.566  -15.449  -15.011  -14.239  -13.145  -11.743
  -10.123   -8.347   -6.469   -4.525   -2.569   -0.611    1.327
CT1998:235           -8.564   -8.978   -9.292   -9.580   -9.854  -10.160
  -10.522  -10.959  -11.482  -12.102  -12.797  -13.546  -14.313  -15.045
  -15.672  -16.131  -16.338  -16.207  -15.732  -14.898  -13.718  -12.210
  -10.475   -8.581   -6.591   -4.549   -2.511   -0.482    1.508
CT1998:230           -8.538   -8.944   -9.266   -9.569   -9.872  -10.219
  -10.630  -11.119  -11.693  -12.361  -13.100  -13.885  -14.684  -15.444
  -16.094  -16.573  -16.789  -16.655  -16.161  -15.290  -14.056  -12.479
  -10.669   -8.701   -6.643   -4.549   -2.473   -0.418    1.574
CT1998:225           -8.507   -8.886   -9.195   -9.493   -9.800  -10.159
  -10.586  -11.091  -11.680  -12.357  -13.100  -13.887  -14.687  -15.449
  -16.105  -16.590  -16.814  -16.684  -16.188  -15.307  -14.053  -12.447
  -10.604   -8.601   -6.511   -4.391   -2.299   -0.234    1.755
CT1998:220           -8.394   -8.741   -9.027   -9.304   -9.595   -9.941
  -10.353  -10.840  -11.405  -12.053  -12.764  -13.517  -14.287  -15.024
  -15.664  -16.143  -16.370  -16.253  -15.774  -14.914  -13.681  -12.097
  -10.273   -8.289   -6.217   -4.117   -2.046   -0.005    1.949
CT1998:215           -8.220   -8.528   -8.777   -9.018   -9.273   -9.579
   -9.946  -10.381  -10.888  -11.472  -12.115  -12.802  -13.509  -14.193
  -14.793  -15.248  -15.471  -15.370  -14.925  -14.114  -12.942  -11.427
   -9.674   -7.760   -5.753   -3.712   -1.697    0.291    2.190
CT1998:210           -8.024   -8.277   -8.469   -8.653   -8.847   -9.087
   -9.380   -9.735  -10.155  -10.645  -11.193  -11.784  -12.401  -13.005
  -13.542  -13.955  -14.162  -14.075  -13.674  -12.933  -11.855  -10.448
   -8.810   -7.009   -5.110   -3.162   -1.229    0.682    2.512
CT1998:205           -7.783   -7.973   -8.098   -8.212   -8.330   -8.486
   -8.688   -8.944   -9.259   -9.638  -10.072  -10.552  -11.060  -11.567
  -12.023  -12.377  -12.557  -12.482  -12.131  -11.476  -10.516   -9.253
   -7.769   -6.123   -4.371   -2.556   -0.743    1.053    2.775
CT1998:200           -7.516   -7.631   -7.674   -7.702   -7.729   -7.787
   -7.885   -8.030   -8.230   -8.490   -8.804   -9.163   -9.553   -9.951
  -10.314  -10.597  -10.737  -10.666  -10.360   -9.792   -8.957   -7.847
   -6.530   -5.052   -3.460   -1.786   -0.097    1.586    3.209
CT1998:195           -7.360   -7.368   -7.304   -7.223   -7.139   -7.083
   -7.064   -7.092   -7.171   -7.311   -7.505   -7.745   -8.019   -8.308
   -8.574   -8.781   -8.877   -8.803   -8.537   -8.054   -7.344   -6.393
   -5.253   -3.956   -2.540   -1.029    0.510    2.049    3.533
CT1998:190           -7.045   -6.966   -6.805   -6.626   -6.440   -6.278
   -6.153   -6.073   -6.046   -6.079   -6.167   -6.302   -6.473   -6.664
   -6.842   -6.976   -7.026   -6.942   -6.705   -6.291   -5.687   -4.874
   -3.889   -2.753   -1.496   -0.132    1.273    2.684    4.050
CT1998:185           -6.864   -6.667   -6.390   -6.094   -5.793   -5.520
   -5.286   -5.102   -4.975   -4.914   -4.910   -4.957   -5.042   -5.151
   -5.256   -5.330   -5.338   -5.242   -5.023   -4.662   -4.142   -3.444
   -2.591   -1.597   -0.484    0.739    2.006    3.281    4.508
CT1998:180           -6.529   -6.240   -5.866   -5.472   -5.074   -4.707
   -4.385   -4.117   -3.911   -3.777   -3.707   -3.691   -3.717   -3.770
   -3.825   -3.855   -3.832   -3.722   -3.511   -3.180   -2.713   -2.090
   -1.329   -0.438    0.565    1.674    2.824    3.979    5.080
CT1998:175           -6.202   -5.821   -5.352   -4.865   -4.375   -3.924
   -3.524   -3.186   -2.919   -2.733   -2.618   -2.563   -2.556   -2.581
   -2.609   -2.617   -2.576   -2.456   -2.242   -1.919   -1.475   -0.890
   -0.180    0.645    1.568    2.583    3.625    4.663    5.627
CT1998:170           -5.870   -5.401   -4.843   -4.268   -3.696   -3.171
   -2.706   -2.313   -2.002   -1.782   -1.643   -1.573   -1.557   -1.577
   -1.603   -1.608   -1.560   -1.430   -1.203   -0.866   -0.411    0.177
    0.877    1.677    2.558    3.505    4.459    5.396    6.230
CT1998:165           -5.491   -4.949   -4.315   -3.666   -3.024   -2.440
   -1.924   -1.492   -1.152   -0.917   -0.773   -0.707   -0.702   -0.739
   -0.782   -0.799   -0.755   -0.615   -0.365    0.004    0.499    1.124
    1.851    2.661    3.529    4.431    5.311    6.155    6.862
CT1998:160           -5.181   -4.560   -3.851   -3.129   -2.420   -1.780
   -1.220   -0.756   -0.396   -0.153   -0.014    0.037    0.018   -0.047
   -0.118   -0.155   -0.118    0.036    0.316    0.735    1.290    1.976
    2.755    3.597    4.471    5.339    6.151    6.905    7.481
CT1998:155           -4.928   -4.227   -3.442   -2.649   -1.877   -1.185
   -0.583   -0.089    0.289    0.535    0.668    0.702    0.658    0.564
    0.467    0.411    0.446    0.619    0.941    1.419    2.047    2.809
    3.654    4.542    5.434    6.278    7.031    7.703    8.157
CT1998:150           -4.655   -3.890   -3.044   -2.193   -1.366   -0.629
    0.009    0.532    0.928    1.182    1.313    1.337    1.277    1.164
    1.052    0.988    1.030    1.230    1.596    2.136    2.836    3.669
    4.573    5.498    6.397    7.206    7.886    8.463    8.779
CT1998:145           -4.547   -3.701   -2.783   -1.864   -0.976   -0.185
    0.500    1.062    1.491    1.770    1.920    1.956    1.905    1.800
    1.697    1.648    1.714    1.950    2.364    2.958    3.715    4.599
    5.539    6.475    7.358    8.108    8.696    9.158    9.319
CT1998:140           -4.325   -3.432   -2.470   -1.507   -0.576    0.258
    0.987    1.591    2.062    2.383    2.574    2.652    2.643    2.581
    2.521    2.518    2.630    2.913    3.374    4.011    4.804    5.711
    6.655    7.574    8.415    9.089    9.574    9.917    9.932
CT1998:135           -4.151   -3.220   -2.223   -1.224   -0.254    0.623
    1.399    2.057    2.588    2.975    3.240    3.398    3.474    3.498
    3.524    3.601    3.785    4.124    4.625    5.285    6.080    6.965
    7.866    8.719    9.471   10.030   10.378   10.572   10.413
CT1998:130           -3.992   -3.033   -2.010   -0.984    0.016    0.933
    1.759    2.480    3.087    3.567    3.939    4.218    4.424    4.584
    4.741    4.938    5.220    5.629    6.168    6.834    7.602    8.428
    9.246    9.996   10.629   11.054   11.259   11.304   10.991
CT1998:125           -3.690   -2.747   -1.734   -0.713    0.293    1.232
    2.099    2.879    3.568    4.158    4.664    5.097    5.473    5.809
    6.138    6.489    6.895    7.383    7.958    8.613    9.329   10.064
   10.763   11.377   11.864   12.137   12.193   12.092   11.642
CT1998:120           -3.594   -2.642   -1.625   -0.599    0.418    1.385
    2.296    3.145    3.930    4.648    5.311    5.928    6.505    7.053
    7.585    8.117    8.665    9.243    9.851   10.485   11.127   11.741
   12.289   12.735   13.044   13.139   13.024   12.757   12.155
CT1998:115           -3.327   -2.411   -1.427   -0.429    0.570    1.540
    2.477    3.381    4.253    5.098    5.923    6.732    7.525    8.299
    9.051    9.780   10.485   11.162   11.812   12.428   12.997   13.490
   13.889   14.168   14.309   14.245   13.988   13.592   12.895
CT1998:110           -3.281   -2.372   -1.405   -0.423    0.563    1.536
    2.498    3.454    4.412    5.383    6.370    7.370    8.378    9.377
   10.346   11.271   12.133   12.910   13.602   14.201   14.697   15.065
   15.307   15.411   15.368   15.126   14.702   14.150   13.318
CT1998:105           -3.145   -2.269   -1.340   -0.397    0.556    1.513
    2.481    3.471    4.497    5.576    6.706    7.881    9.083   10.288
   11.458   12.566   13.576   14.454   15.197   15.795   16.238   16.509
   16.623   16.582   16.388   16.001   15.449   14.780   13.861
CT1998:100           -3.130   -2.271   -1.374   -0.465    0.456    1.393
    2.360    3.375    4.455    5.625    6.877    8.199    9.566   10.945
   12.285   13.546   14.685   15.653   16.447   17.051   17.460   17.655
   17.665   17.501   17.173   16.653   15.976   15.189   14.171
CT1998:095           -3.112   -2.277   -1.416   -0.546    0.336    1.244
    2.200    3.225    4.343    5.580    6.925    8.360    9.853   11.365
   12.834   14.214   15.453   16.496   17.338   17.960   18.356   18.507
   18.449   18.200   17.778   17.161   16.390   15.515   14.421
CT1998:090           -3.114   -2.300   -1.474   -0.642    0.200    1.078
    2.016    3.043    4.183    5.467    6.876    8.389    9.968   11.567
   13.121   14.579   15.886   16.983   17.862   18.507   18.907   19.042
   18.952   18.657   18.181   17.503   16.673   15.740   14.593
CT1998:085           -3.201   -2.393   -1.588   -0.782    0.031    0.885
    1.808    2.833    3.986    5.298    6.746    8.303    9.929   11.572
   13.166   14.661   15.999   17.123   18.026   18.689   19.100   19.238
   19.144   18.836   18.338   17.632   16.770   15.801   14.615
CT1998:080           -3.210   -2.418   -1.639   -0.861   -0.078    0.751
    1.657    2.674    3.828    5.149    6.609    8.177    9.811   11.458
   13.051   14.542   15.877   17.001   17.910   18.584   19.012   19.171
   19.098   18.810   18.331   17.639   16.786   15.824   14.637
CT1998:075           -3.327   -2.527   -1.753   -0.982   -0.210    0.610
    1.510    2.524    3.677    4.994    6.446    7.999    9.610   11.225
   12.780   14.233   15.533   16.631   17.524   18.195   18.635   18.817
   18.778   18.530   18.092   17.438   16.616   15.680   14.504
CT1998:070           -3.335   -2.541   -1.776   -1.014   -0.249    0.565
    1.460    2.468    3.611    4.911    6.334    7.845    9.401   10.952
   12.438   13.822   15.059   16.107   16.966   17.623   18.068   18.279
   18.286   18.096   17.725   17.140   16.384   15.508   14.380
CT1998:065           -3.307   -2.522   -1.761   -1.002   -0.237    0.579
    1.476    2.480    3.610    4.881    6.258    7.706    9.184   10.644
   12.034   13.323   14.473   15.450   16.257   16.885   17.327   17.562
   17.615   17.492   17.199   16.699   16.025   15.227   14.162
CT1998:060           -3.314   -2.523   -1.750   -0.978   -0.196    0.637
    1.546    2.553    3.670    4.906    6.226    7.595    8.976   10.325
   11.599   12.773   13.819   14.710   15.451   16.038   16.468   16.723
   16.823   16.769   16.563   16.162   15.588   14.888   13.909
CT1998:055           -3.138   -2.372   -1.605   -0.832   -0.040    0.805
    1.722    2.727    3.825    5.017    6.267    7.542    8.810   10.031
   11.171   12.216   13.143   13.933   14.598   15.135   15.544   15.813
   15.956   15.972   15.857   15.564   15.103   14.516   13.642
CT1998:050           -3.146   -2.364   -1.570   -0.765    0.062    0.941
    1.882    2.896    3.982    5.131    6.310    7.489    8.637    9.723
   10.723   11.629   12.429   13.112   13.692   14.171   14.551   14.825
   15.004   15.083   15.054   14.867   14.519   14.048   13.283
CT1998:045           -2.971   -2.204   -1.403   -0.583    0.267    1.170
    2.128    3.143    4.208    5.308    6.409    7.484    8.509    9.455
   10.310   11.076   11.746   12.319   12.812   13.231   13.582   13.862
   14.078   14.223   14.287   14.220   14.007   13.677   13.062
CT1998:040           -2.986   -2.200   -1.365   -0.507    0.385    1.324
    2.306    3.328    4.376    5.428    6.452    7.425    8.326    9.134
    9.847   10.474   11.016   11.479   11.884   12.239   12.552   12.827
   13.066   13.262   13.400   13.432   13.332   13.121   12.627
CT1998:035           -2.933   -2.140   -1.281   -0.394    0.530    1.496
    2.493    3.512    4.533    5.529    6.472    7.340    8.120    8.795
    9.373    9.869   10.292   10.656   10.982   11.282   11.567   11.843
   12.111   12.364   12.584   12.728   12.759   12.691   12.359
CT1998:030           -2.963   -2.153   -1.267   -0.349    0.606    1.593
    2.598    3.604    4.590    5.523    6.379    7.141    7.802    8.350
    8.800    9.176    9.491    9.765   10.020   10.271   10.529   10.803
   11.092   11.388   11.674   11.907   12.042   12.088   11.880
CT1998:025           -3.061   -2.228   -1.313   -0.367    0.613    1.613
    2.614    3.595    4.533    5.392    6.155    6.809    7.352    7.780
    8.115    8.385    8.609    8.810    9.011    9.226    9.468    9.747
   10.061   10.399   10.744   11.058   11.290   11.439   11.348
CT1998:020           -3.116   -2.277   -1.350   -0.394    0.592    1.583
    2.557    3.493    4.364    5.135    5.795    6.336    6.763    7.079
    7.311    7.492    7.643    7.792    7.958    8.156    8.398    8.696
    9.042    9.429    9.838   10.234   10.563   10.820   10.850
CT1998:015           -3.282   -2.428   -1.490   -0.526    0.457    1.427
    2.362    3.237    4.028    4.700    5.249    5.677    5.991    6.203
    6.346    6.453    6.550    6.664    6.812    7.008    7.262    7.584
    7.967    8.398    8.861    9.323    9.726   10.062   10.180
CT1998:010           -3.373   -2.529   -1.603   -0.657    0.299    1.223
    2.094    2.887    3.579    4.139    4.573    4.885    5.091    5.210
    5.277    5.327    5.388    5.487    5.639    5.854    6.140    6.507
    6.942    7.435    7.968    8.511    9.007    9.442    9.677
CT1998:005           -3.574   -2.732   -1.820   -0.894    0.026    0.893
    1.688    2.388    2.972    3.416    3.732    3.933    4.040    4.075
    4.079    4.086    4.125    4.223    4.390    4.636    4.964    5.382
    5.875    6.429    7.026    7.638    8.208    8.722    9.044
CT1999:360           -3.708   -2.894   -2.018   -1.137   -0.275    0.514
    1.214    1.805    2.272    2.594    2.793    2.886    2.900    2.863
    2.816    2.791    2.821    2.931    3.128    3.418    3.803    4.287
    4.850    5.479    6.154    6.848    7.506    8.114    8.543
