CT1997:360           -6.707   -5.477   -4.052   -2.570   -1.048    0.433
    1.826    3.087    4.179    5.055    5.722    6.188    6.474    6.593
    6.594    6.521    6.404    6.273    6.149    6.046    5.973    5.939
    5.945    5.996    6.091    6.242    6.434    6.649    6.895
CT1997:355           -6.686   -5.534   -4.211   -2.844   -1.458   -0.138
    1.079    2.155    3.064    3.773    4.302    4.667    4.892    4.996
    5.020    4.999    4.960    4.925    4.911    4.926    4.978    5.073
    5.208    5.384    5.599    5.860    6.153    6.466    6.806
CT1997:350           -6.803   -5.724   -4.503   -3.254   -2.007   -0.849
    0.193    1.088    1.822    2.374    2.774    3.045    3.214    3.304
    3.351    3.382    3.418    3.478    3.572    3.706    3.885    4.111
    4.378    4.680    5.014    5.381    5.768    6.168    6.582
CT1997:345           -6.931   -5.937   -4.829   -3.705   -2.602   -1.605
   -0.732   -0.005    0.567    0.978    1.263    1.449    1.567    1.642
    1.705    1.777    1.878    2.024    2.219    2.468    2.770    3.128
    3.526    3.955    4.408    4.880    5.360    5.843    6.327
CT1997:340           -7.103   -6.198   -5.203   -4.203   -3.238   -2.389
   -1.666   -1.086   -0.650   -0.357   -0.169   -0.054    0.016    0.071
    0.139    0.239    0.391    0.609    0.894    1.249    1.670    2.154
    2.681    3.237    3.809    4.389    4.964    5.536    6.096
CT1997:335           -7.289   -6.478   -5.596   -4.717   -3.881   -3.163
   -2.569   -2.111   -1.785   -1.587   -1.477   -1.424   -1.400   -1.371
   -1.311   -1.200   -1.017   -0.743   -0.383    0.064    0.591    1.190
    1.834    2.503    3.182    3.855    4.512    5.157    5.772
CT1997:330           -7.494   -6.774   -5.998   -5.229   -4.507   -3.901
   -3.411   -3.046   -2.804   -2.677   -2.629   -2.629   -2.648   -2.652
   -2.610   -2.501   -2.300   -1.984   -1.561   -1.032   -0.407    0.300
    1.055    1.834    2.618    3.387    4.131    4.857    5.546
CT1997:325           -7.730   -7.099   -6.420   -5.750   -5.125   -4.608
   -4.198   -3.904   -3.723   -3.649   -3.649   -3.695   -3.756   -3.798
   -3.785   -3.691   -3.485   -3.143   -2.672   -2.077   -1.373   -0.579
    0.265    1.130    1.992    2.827    3.626    4.400    5.117
CT1997:320           -7.944   -7.399   -6.809   -6.224   -5.681   -5.234
   -4.885   -4.641   -4.502   -4.466   -4.504   -4.588   -4.689   -4.769
   -4.786   -4.710   -4.504   -4.140   -3.627   -2.973   -2.196   -1.321
   -0.393    0.554    1.496    2.407    3.277    4.120    4.904
CT1997:315           -8.503   -7.980   -7.423   -6.875   -6.367   -5.950
   -5.624   -5.399   -5.276   -5.258   -5.317   -5.430   -5.565   -5.679
   -5.726   -5.671   -5.471   -5.096   -4.558   -3.868   -3.047   -2.125
   -1.154   -0.168    0.804    1.731    2.606    3.442    4.197
CT1997:310           -8.713   -8.264   -7.773   -7.285   -6.826   -6.444
   -6.144   -5.937   -5.829   -5.827   -5.907   -6.045   -6.209   -6.352
   -6.424   -6.385   -6.188   -5.801   -5.238   -4.512   -3.650   -2.683
   -1.664   -0.631    0.389    1.367    2.293    3.184    3.996
CT1997:305           -9.204   -8.773   -8.300   -7.828   -7.379   -6.997
   -6.692   -6.477   -6.361   -6.356   -6.440   -6.590   -6.772   -6.936
   -7.027   -7.000   -6.808   -6.415   -5.841   -5.099   -4.220   -3.236
   -2.201   -1.153   -0.116    0.878    1.823    2.731    3.558
CT1997:300           -9.412   -9.041   -8.612   -8.174   -7.744   -7.366
   -7.056   -6.830   -6.702   -6.690   -6.774   -6.930   -7.124   -7.304
   -7.409   -7.393   -7.206   -6.814   -6.238   -5.492   -4.608   -3.619
   -2.578   -1.519   -0.467    0.554    1.533    2.481    3.360
CT1997:295           -8.995   -8.798   -8.490   -8.150   -7.787   -7.444
   -7.148   -6.925   -6.793   -6.777   -6.861   -7.023   -7.229   -7.423
   -7.543   -7.540   -7.364   -6.981   -6.411   -5.670   -4.789   -3.797
   -2.745   -1.663   -0.573    0.509    1.572    2.623    3.642
CT1997:290           -9.196   -9.047   -8.766   -8.441   -8.074   -7.708
   -7.379   -7.115   -6.943   -6.891   -6.950   -7.098   -7.301   -7.503
   -7.639   -7.657   -7.504   -7.146   -6.604   -5.892   -5.040   -4.075
   -3.046   -1.977   -0.890    0.205    1.295    2.380    3.448
CT1997:285           -8.567   -8.617   -8.472   -8.256   -7.958   -7.622
   -7.297   -7.020   -6.826   -6.752   -6.794   -6.937   -7.146   -7.366
   -7.528   -7.578   -7.462   -7.142   -6.636   -5.959   -5.136   -4.192
   -3.169   -2.093   -0.979    0.169    1.336    2.514    3.709
CT1997:280           -8.741   -8.829   -8.705   -8.497   -8.191   -7.825
   -7.457   -7.128   -6.878   -6.754   -6.759   -6.880   -7.085   -7.320
   -7.513   -7.605   -7.536   -7.267   -6.812   -6.182   -5.400   -4.488
   -3.488   -2.421   -1.302   -0.131    1.070    2.289    3.533
CT1997:275           -8.833   -8.970   -8.875   -8.688   -8.385   -8.003
   -7.605   -7.235   -6.940   -6.776   -6.750   -6.857   -7.065   -7.324
   -7.555   -7.696   -7.684   -7.470   -7.066   -6.479   -5.730   -4.837
   -3.841   -2.763   -1.620   -0.409    0.842    2.117    3.422
CT1997:270           -8.969   -9.140   -9.072   -8.905   -8.612   -8.227
   -7.815   -7.425   -7.106   -6.919   -6.879   -6.984   -7.206   -7.496
   -7.772   -7.967   -8.010   -7.849   -7.488   -6.932   -6.199   -5.303
   -4.289   -3.179   -1.993   -0.729    0.580    1.912    3.271
CT1997:265           -9.305   -9.468   -9.401   -9.240   -8.955   -8.575
   -8.168   -7.780   -7.462   -7.279   -7.248   -7.369   -7.617   -7.943
   -8.265   -8.508   -8.599   -8.475   -8.138   -7.588   -6.840   -5.908
   -4.843   -3.668   -2.409   -1.067    0.318    1.724    3.144
CT1997:260           -9.401   -9.595   -9.569   -9.450   -9.214   -8.886
   -8.533   -8.200   -7.936   -7.804   -7.823   -7.994   -8.290   -8.665
   -9.034   -9.320   -9.444   -9.338   -8.999   -8.424   -7.628   -6.624
   -5.471   -4.199   -2.839   -1.400    0.071    1.555    3.031
CT1997:255           -9.612   -9.810   -9.811   -9.732   -9.550   -9.296
   -9.026   -8.783   -8.614   -8.574   -8.679   -8.926   -9.288   -9.718
  -10.130  -10.446  -10.582  -10.465  -10.091   -9.455   -8.571   -7.456
   -6.175   -4.771   -3.278   -1.718   -0.141    1.436    2.979
CT1997:250           -9.659   -9.883   -9.935   -9.919   -9.822   -9.675
   -9.529   -9.421   -9.391   -9.487   -9.716  -10.071  -10.521  -11.015
  -11.468  -11.803  -11.932  -11.779  -11.341  -10.611   -9.607   -8.348
   -6.912   -5.351   -3.709   -2.020   -0.337    1.329    2.922
CT1997:245           -9.740   -9.972  -10.065  -10.109  -10.097  -10.068
  -10.062  -10.111  -10.245  -10.502  -10.877  -11.357  -11.906  -12.468
  -12.957  -13.298  -13.402  -13.189  -12.658  -11.805  -10.649   -9.217
   -7.599   -5.857   -4.043   -2.205   -0.397    1.378    3.046
CT1997:240           -9.731   -9.976  -10.116  -10.223  -10.304  -10.401
  -10.544  -10.760  -11.069  -11.497  -12.030  -12.644  -13.300  -13.933
  -14.458  -14.801  -14.872  -14.588  -13.953  -12.967  -11.653  -10.045
   -8.247   -6.331   -4.361   -2.395   -0.489    1.363    3.064
CT1997:235           -9.640   -9.896  -10.076  -10.242  -10.407  -10.621
  -10.903  -11.274  -11.747  -12.336  -13.016  -13.757  -14.514  -15.212
  -15.768  -16.110  -16.142  -15.781  -15.038  -13.914  -12.440  -10.657
   -8.682   -6.597   -4.471   -2.374   -0.362    1.580    3.342
CT1997:230           -9.565   -9.813  -10.015  -10.218  -10.446  -10.749
  -11.141  -11.635  -12.238  -12.957  -13.757  -14.601  -15.441  -16.195
  -16.778  -17.117  -17.116  -16.689  -15.853  -14.613  -13.007  -11.085
   -8.974   -6.764   -4.530   -2.354   -0.287    1.693    3.457
CT1997:225           -9.342   -9.589   -9.809  -10.039  -10.311  -10.678
  -11.145  -11.723  -12.415  -13.220  -14.100  -15.013  -15.907  -16.698
  -17.297  -17.631  -17.600  -17.120  -16.212  -14.885  -13.181  -11.160
   -8.956   -6.663   -4.360   -2.133   -0.032    1.971    3.735
CT1997:220           -9.193   -9.406   -9.607   -9.827  -10.102  -10.485
  -10.976  -11.582  -12.304  -13.138  -14.044  -14.978  -15.888  -16.686
  -17.282  -17.604  -17.549  -17.034  -16.083  -14.710  -12.962  -10.903
   -8.670   -6.358   -4.048   -1.827    0.259    2.239    3.964
CT1997:215           -8.933   -9.111   -9.283   -9.476   -9.729  -10.092
  -10.563  -11.149  -11.849  -12.658  -13.537  -14.445  -15.327  -16.099
  -16.669  -16.965  -16.888  -16.356  -15.395  -14.021  -12.285  -10.252
   -8.056   -5.791   -3.533   -1.367    0.661    2.583    4.243
CT1997:210           -8.710   -8.827   -8.937   -9.070   -9.261   -9.561
   -9.965  -10.481  -11.106  -11.837  -12.637  -13.467  -14.276  -14.981
  -15.495  -15.748  -15.644  -15.108  -14.166  -12.835  -11.167   -9.222
   -7.129   -4.972   -2.822   -0.758    1.177    3.009    4.587
CT1997:205           -8.512   -8.545   -8.569   -8.613   -8.712   -8.913
   -9.212   -9.617  -10.124  -10.734  -11.411  -12.121  -12.816  -13.418
  -13.846  -14.036  -13.900  -13.371  -12.474  -11.227   -9.677   -7.880
   -5.949   -3.958   -1.971   -0.056    1.744    3.449    4.911
CT1997:200           -8.232   -8.180   -8.108   -8.052   -8.043   -8.125
   -8.297   -8.566   -8.930   -9.390   -9.915  -10.473  -11.021  -11.491
  -11.808  -11.918  -11.743  -11.226  -10.392   -9.257   -7.861   -6.251
   -4.521   -2.734   -0.941    0.800    2.446    4.009    5.353
CT1997:195           -8.094   -7.921   -7.722   -7.534   -7.388   -7.326
   -7.347   -7.456   -7.655   -7.945   -8.296   -8.681   -9.061   -9.377
   -9.567   -9.584   -9.366   -8.866   -8.108   -7.103   -5.884   -4.487
   -2.986   -1.428    0.144    1.686    3.152    4.547    5.744
CT1997:190           -7.780   -7.508   -7.197   -6.889   -6.613   -6.411
   -6.283   -6.238   -6.274   -6.394   -6.571   -6.781   -6.989   -7.148
   -7.207   -7.130   -6.868   -6.389   -5.708   -4.837   -3.797   -2.614
   -1.341   -0.012    1.341    2.683    3.970    5.199    6.252
CT1997:185           -7.626   -7.225   -6.775   -6.326   -5.904   -5.551
   -5.269   -5.065   -4.939   -4.891   -4.899   -4.938   -4.981   -4.989
   -4.923   -4.758   -4.457   -3.999   -3.394   -2.649   -1.778   -0.794
    0.266    1.380    2.524    3.671    4.776    5.833    6.733
CT1997:180           -7.307   -6.806   -6.242   -5.673   -5.124   -4.638
   -4.219   -3.876   -3.608   -3.415   -3.275   -3.167   -3.067   -2.947
   -2.778   -2.541   -2.212   -1.775   -1.236   -0.599    0.131    0.949
    1.831    2.762    3.725    4.695    5.631    6.524    7.273
CT1997:175           -6.964   -6.374   -5.706   -5.027   -4.361   -3.755
   -3.216   -2.751   -2.362   -2.047   -1.785   -1.557   -1.345   -1.126
   -0.880   -0.592   -0.246    0.171    0.657    1.214    1.841    2.537
    3.287    4.079    4.897    5.719    6.506    7.252    7.860
CT1997:170           -6.668   -5.989   -5.218   -4.434   -3.658   -2.944
   -2.298   -1.729   -1.239   -0.827   -0.472   -0.157    0.134    0.417
    0.711    1.027    1.379    1.780    2.231    2.738    3.302    3.923
    4.587    5.280    5.987    6.683    7.333    7.937    8.398
CT1997:165           -6.191   -5.468   -4.634   -3.779   -2.927   -2.132
   -1.408   -0.764   -0.203    0.273    0.687    1.052    1.384    1.698
    2.010    2.333    2.683    3.074    3.513    4.005    4.551    5.147
    5.776    6.419    7.057    7.661    8.204    8.693    9.032
CT1997:160           -5.937   -5.142   -4.230   -3.294   -2.359   -1.486
   -0.688    0.022    0.640    1.162    1.610    1.999    2.346    2.664
    2.973    3.291    3.636    4.029    4.477    4.984    5.547    6.157
    6.785    7.407    8.000    8.526    8.967    9.339    9.544
CT1997:155           -5.497   -4.682   -3.734   -2.757   -1.775   -0.853
   -0.010    0.739    1.387    1.928    2.384    2.772    3.107    3.408
    3.700    4.007    4.353    4.762    5.242    5.795    6.411    7.069
    7.731    8.366    8.945    9.422    9.790   10.077   10.180
CT1997:150           -5.296   -4.434   -3.437   -2.411   -1.379   -0.410
    0.476    1.258    1.930    2.482    2.936    3.311    3.626    3.905
    4.180    4.479    4.836    5.278    5.809    6.425    7.111    7.831
    8.538    9.191    9.758   10.184   10.473   10.666   10.650
CT1997:145           -4.973   -4.108   -3.101   -2.061   -1.011   -0.023
    0.881    1.678    2.358    2.908    3.351    3.709    4.003    4.264
    4.530    4.836    5.219    5.710    6.307    7.002    7.767    8.556
    9.312    9.987   10.548   10.932   11.154   11.265   11.148
CT1997:140           -4.828   -3.944   -2.924   -1.872   -0.810    0.192
    1.108    1.916    2.603    3.155    3.596    3.948    4.238    4.501
    4.780    5.115    5.546    6.102    6.775    7.549    8.389    9.238
   10.031   10.718   11.263   11.599   11.752   11.782   11.565
CT1997:135           -4.727   -3.839   -2.823   -1.778   -0.723    0.273
    1.188    1.998    2.689    3.249    3.701    4.068    4.379    4.673
    4.995    5.385    5.883    6.513    7.262    8.106    9.003    9.887
   10.692   11.366   11.874   12.147   12.216   12.151   11.817
CT1997:130           -4.636   -3.756   -2.764   -1.746   -0.720    0.252
    1.149    1.952    2.648    3.225    3.708    4.118    4.485    4.848
    5.249    5.724    6.309    7.022    7.844    8.747    9.682   10.581
   11.381   12.030   12.498   12.714   12.719   12.582   12.168
CT1997:125           -4.688   -3.810   -2.842   -1.856   -0.869    0.069
    0.942    1.735    2.441    3.052    3.591    4.078    4.539    5.008
    5.522    6.107    6.793    7.589    8.471    9.408   10.352   11.233
   11.995   12.592   12.996   13.141   13.066   12.846   12.336
CT1997:120           -4.640   -3.792   -2.878   -1.953   -1.031   -0.152
    0.678    1.449    2.162    2.817    3.431    4.022    4.609    5.217
    5.871    6.586    7.381    8.255    9.184   10.136   11.067   11.910
   12.620   13.157   13.500   13.584   13.452   13.175   12.609
CT1997:115           -4.694   -3.870   -3.010   -2.146   -1.294   -0.479
    0.303    1.053    1.778    2.488    3.196    3.913    4.649    5.418
    6.227    7.080    7.982    8.923    9.881   10.827   11.721   12.504
   13.144   13.608   13.880   13.900   13.709   13.375   12.749
CT1997:110           -4.670   -3.889   -3.097   -2.310   -1.541   -0.801
   -0.076    0.648    1.383    2.151    2.958    3.808    4.700    5.634
    6.599    7.585    8.584    9.579   10.552   11.477   12.324   13.041
   13.609   14.005   14.217   14.190   13.961   13.592   12.936
CT1997:105           -4.610   -3.881   -3.164   -2.459   -1.777   -1.114
   -0.444    0.252    0.999    1.823    2.726    3.704    4.742    5.828
    6.931    8.031    9.110   10.142   11.115   12.010   12.803   13.455
   13.956   14.291   14.453   14.390   14.135   13.746   13.071
CT1997:100           -4.592   -3.902   -3.248   -2.612   -2.004   -1.405
   -0.781   -0.104    0.657    1.536    2.525    3.613    4.774    5.983
    7.195    8.381    9.513   10.564   11.527   12.387   13.130   13.723
   14.169   14.458   14.584   14.503   14.238   13.842   13.164
CT1997:095           -4.423   -3.794   -3.212   -2.651   -2.115   -1.575
   -0.992   -0.330    0.442    1.363    2.417    3.584    4.832    6.123
    7.403    8.637    9.794   10.844   11.786   12.611   13.310   13.859
   14.267   14.528   14.640   14.558   14.303   13.921   13.259
CT1997:090           -4.391   -3.785   -3.240   -2.717   -2.219   -1.707
   -1.138   -0.473    0.319    1.277    2.379    3.597    4.894    6.224
    7.530    8.775    9.926   10.955   11.866   12.653   13.314   13.829
   14.212   14.459   14.569   14.499   14.263   13.903   13.262
CT1997:085           -4.296   -3.715   -3.195   -2.697   -2.219   -1.715
   -1.144   -0.466    0.349    1.333    2.459    3.696    5.001    6.327
    7.616    8.833    9.948   10.934   11.800   12.544   13.166   13.652
   14.016   14.255   14.369   14.313   14.094   13.751   13.120
CT1997:080           -4.235   -3.653   -3.130   -2.626   -2.137   -1.613
   -1.015   -0.308    0.535    1.539    2.674    3.904    5.186    6.474
    7.712    8.872    9.926   10.852   11.663   12.359   12.943   13.407
   13.762   14.009   14.142   14.118   13.937   13.634   13.043
CT1997:075           -4.302   -3.681   -3.118   -2.571   -2.033   -1.456
   -0.804   -0.049    0.832    1.855    2.985    4.190    5.427    6.650
    7.812    8.890    9.860   10.706   11.444   12.077   12.612   13.041
   13.379   13.622   13.763   13.756   13.594   13.310   12.728
CT1997:070           -4.211   -3.563   -2.957   -2.361   -1.764   -1.122
   -0.408    0.401    1.319    2.354    3.470    4.634    5.807    6.947
    8.015    8.994    9.865   10.618   11.273   11.836   12.316   12.712
   13.035   13.281   13.442   13.470   13.351   13.113   12.582
CT1997:065           -4.226   -3.518   -2.838   -2.160   -1.474   -0.742
    0.056    0.934    1.899    2.948    4.048    5.166    6.269    7.316
    8.279    9.146    9.906   10.554   11.111   11.591   12.003   12.352
   12.648   12.885   13.053   13.105   13.016   12.813   12.320
CT1997:060           -4.119   -3.362   -2.608   -1.848   -1.069   -0.241
    0.644    1.594    2.605    3.668    4.748    5.817    6.843    7.791
    8.641    9.390   10.030   10.563   11.016   11.403   11.740   12.036
   12.298   12.521   12.693   12.767   12.714   12.554   12.115
CT1997:055           -3.958   -3.155   -2.326   -1.479   -0.601    0.328
    1.305    2.328    3.388    4.464    5.525    6.542    7.489    8.335
    9.068    9.692   10.207   10.620   10.962   11.251   11.506   11.737
   11.954   12.151   12.314   12.399   12.371   12.243   11.850
CT1997:050           -3.852   -2.988   -2.069   -1.123   -0.136    0.901
    1.976    3.079    4.191    5.285    6.328    7.295    8.164    8.908
    9.523   10.023   10.413   10.708   10.940   11.131   11.301   11.467
   11.634   11.799   11.947   12.038   12.031   11.937   11.597
CT1997:045           -3.688   -2.775   -1.776   -0.738    0.351    1.490
    2.657    3.833    4.993    6.100    7.123    8.037    8.826    9.465
    9.963   10.339   10.606   10.784   10.909   11.004   11.089   11.183
   11.291   11.410   11.527   11.603   11.597   11.512   11.200
CT1997:040           -3.602   -2.628   -1.542   -0.409    0.785    2.024
    3.278    4.523    5.727    6.843    7.843    8.704    9.413    9.952
   10.338   10.600   10.756   10.832   10.864   10.876   10.888   10.920
   10.978   11.058   11.148   11.219   11.226   11.167   10.907
CT1997:035           -3.458   -2.440   -1.283   -0.071    1.208    2.528
    3.853    5.150    6.380    7.492    8.458    9.258    9.886   10.327
   10.609   10.769   10.829   10.819   10.776   10.722   10.677   10.660
   10.676   10.724   10.795   10.865   10.891   10.865   10.670
CT1997:030           -3.413   -2.347   -1.123    0.161    1.515    2.902
    4.279    5.609    6.848    7.940    8.861    9.594   10.138   10.487
   10.676   10.748   10.730   10.656   10.558   10.457   10.371   10.317
   10.300   10.321   10.373   10.440   10.480   10.480   10.340
CT1997:025           -3.300   -2.208   -0.942    0.388    1.787    3.210
    4.609    5.941    7.162    8.209    9.066    9.722   10.181   10.443
   10.554   10.558   10.487   10.375   10.250   10.130   10.031    9.968
    9.945    9.966   10.026   10.117   10.201   10.262   10.220
CT1997:020           -3.308   -2.191   -0.892    0.470    1.896    3.331
    4.725    6.033    7.208    8.190    8.968    9.537    9.909   10.092
   10.136   10.090    9.985    9.855    9.724    9.606    9.511    9.452
    9.434    9.459    9.526    9.633    9.745    9.843    9.863
CT1997:015           -3.351   -2.220   -0.908    0.464    1.891    3.309
    4.666    5.918    7.020    7.913    8.596    9.070    9.354    9.465
    9.456    9.376    9.258    9.133    9.017    8.922    8.854    8.822
    8.828    8.876    8.965    9.096    9.239    9.375    9.451
CT1997:010           -3.418   -2.292   -0.988    0.369    1.768    3.137
    4.428    5.595    6.597    7.382    7.956    8.331    8.529    8.576
    8.527    8.430    8.316    8.213    8.134    8.083    8.064    8.083
    8.138    8.232    8.366    8.543    8.737    8.929    9.075
CT1997:005           -3.581   -2.462   -1.180    0.145    1.497    2.795
    3.996    5.057    5.942    6.607    7.067    7.340    7.458    7.449
    7.370    7.266    7.168    7.099    7.067    7.074    7.118    7.201
    7.319    7.473    7.662    7.889    8.131    8.371    8.571
CT1998:360           -3.708   -2.624   -1.391   -0.125    1.151    2.351
    3.438    4.374    5.128    5.664    6.008    6.184    6.225    6.169
    6.069    5.966    5.890    5.865    5.890    5.966    6.088    6.256
    6.459    6.697    6.966    7.269    7.586    7.901    8.182
