CT1993:360           -6.392   -5.416   -4.312   -3.172   -2.010   -0.879
    0.196    1.187    2.070    2.813    3.417    3.888    4.243    4.500
    4.698    4.875    5.059    5.269    5.510    5.776    6.057    6.336
    6.597    6.831    7.028    7.174    7.271    7.331    7.312
CT1993:355           -6.615   -5.700   -4.678   -3.632   -2.578   -1.566
   -0.612    0.264    1.048    1.719    2.283    2.747    3.123    3.425
    3.685    3.932    4.188    4.473    4.788    5.132    5.495    5.859
    6.209    6.532    6.817    7.045    7.216    7.348    7.394
CT1993:350           -6.879   -6.028   -5.090   -4.136   -3.186   -2.285
   -1.443   -0.671    0.024    0.630    1.158    1.611    2.001    2.339
    2.648    2.952    3.271    3.620    4.004    4.419    4.855    5.296
    5.723    6.119    6.472    6.757    6.975    7.145    7.213
CT1993:345           -7.119   -6.339   -5.489   -4.630   -3.781   -2.985
   -2.243   -1.563   -0.944   -0.392    0.103    0.547    0.948    1.314
    1.664    2.018    2.394    2.807    3.258    3.745    4.256    4.775
    5.280    5.753    6.179    6.531    6.809    7.035    7.153
CT1993:340           -7.399   -6.687   -5.919   -5.146   -4.390   -3.685
   -3.030   -2.426   -1.870   -1.362   -0.890   -0.452   -0.041    0.351
    0.739    1.139    1.568    2.039    2.552    3.102    3.680    4.263
    4.830    5.361    5.841    6.238    6.554    6.815    6.957
CT1993:335           -7.516   -6.901   -6.234   -5.563   -4.907   -4.297
   -3.728   -3.197   -2.699   -2.228   -1.776   -1.339   -0.913   -0.489
   -0.059    0.391    0.875    1.404    1.977    2.588    3.223    3.862
    4.482    5.063    5.589    6.030    6.389    6.692    6.877
CT1993:330           -7.794   -7.244   -6.653   -6.061   -5.486   -4.953
   -4.453   -3.980   -3.526   -3.079   -2.632   -2.182   -1.725   -1.257
   -0.771   -0.261    0.285    0.873    1.501    2.160    2.837    3.511
    4.159    4.764    5.311    5.771    6.150    6.472    6.679
CT1993:325           -7.878   -7.425   -6.932   -6.436   -5.954   -5.505
   -5.080   -4.668   -4.257   -3.831   -3.382   -2.907   -2.406   -1.876
   -1.319   -0.736   -0.120    0.529    1.206    1.902    2.605    3.294
    3.950    4.559    5.108    5.574    5.963    6.300    6.530
CT1993:320           -8.136   -7.741   -7.316   -6.891   -6.480   -6.098
   -5.732   -5.366   -4.984   -4.561   -4.091   -3.570   -3.003   -2.390
   -1.744   -1.073   -0.380    0.328    1.046    1.765    2.473    3.153
    3.793    4.381    4.912    5.366    5.751    6.091    6.339
CT1993:315           -8.343   -8.011   -7.654   -7.297   -6.956   -6.638
   -6.325   -5.999   -5.637   -5.207   -4.702   -4.121   -3.471   -2.762
   -2.016   -1.253   -0.484    0.276    1.020    1.740    2.428    3.070
    3.662    4.198    4.678    5.086    5.434    5.742    5.968
CT1993:310           -8.565   -8.281   -7.979   -7.679   -7.394   -7.127
   -6.855   -6.555   -6.197   -5.743   -5.188   -4.532   -3.788   -2.973
   -2.122   -1.265   -0.424    0.379    1.139    1.849    2.505    3.097
    3.632    4.111    4.540    4.912    5.241    5.542    5.782
CT1993:305           -8.833   -8.578   -8.314   -8.054   -7.809   -7.575
   -7.326   -7.033   -6.662   -6.171   -5.554   -4.816   -3.977   -3.060
   -2.113   -1.175   -0.277    0.553    1.310    1.991    2.594    3.116
    3.574    3.977    4.335    4.650    4.937    5.205    5.430
CT1993:300           -9.012   -8.789   -8.560   -8.335   -8.121   -7.909
   -7.670   -7.370   -6.975   -6.437   -5.756   -4.940   -4.015   -3.012
   -1.989   -0.990   -0.054    0.787    1.529    2.172    2.718    3.171
    3.556    3.890    4.189    4.466    4.734    4.996    5.242
CT1993:295           -9.234   -9.020   -8.803   -8.590   -8.385   -8.173
   -7.922   -7.598   -7.165   -6.574   -5.831   -4.949   -3.957   -2.895
   -1.823   -0.791    0.161    0.995    1.712    2.312    2.803    3.193
    3.515    3.794    4.050    4.307    4.578    4.857    5.150
CT1993:290           -9.365   -9.164   -8.957   -8.751   -8.547   -8.324
   -8.052   -7.696   -7.222   -6.587   -5.799   -4.876   -3.852   -2.768
   -1.687   -0.656    0.281    1.088    1.768    2.321    2.758    3.092
    3.361    3.595    3.818    4.061    4.334    4.626    4.951
CT1993:285           -9.555   -9.339   -9.116   -8.891   -8.664   -8.410
   -8.100   -7.702   -7.186   -6.515   -5.703   -4.770   -3.750   -2.683
   -1.631   -0.635    0.263    1.030    1.670    2.185    2.586    2.890
    3.138    3.363    3.592    3.861    4.179    4.528    4.931
CT1993:280           -9.640   -9.417   -9.179   -8.934   -8.680   -8.391
   -8.043   -7.609   -7.065   -6.382   -5.578   -4.674   -3.702   -2.701
   -1.721   -0.799    0.031    0.739    1.330    1.808    2.184    2.476
    2.724    2.961    3.213    3.517    3.878    4.272    4.722
CT1993:275           -9.823   -9.559   -9.276   -8.985   -8.681   -8.341
   -7.946   -7.475   -6.911   -6.236   -5.468   -4.629   -3.745   -2.849
   -1.980   -1.165   -0.428    0.209    0.752    1.204    1.578    1.891
    2.179    2.470    2.788    3.167    3.605    4.078    4.605
CT1993:270           -9.868   -9.579   -9.259   -8.927   -8.577   -8.191
   -7.758   -7.264   -6.701   -6.062   -5.364   -4.628   -3.873   -3.125
   -2.407   -1.732   -1.115   -0.566   -0.077    0.357    0.747    1.108
    1.466    1.843    2.255    2.730    3.255    3.807    4.394
CT1993:265           -9.970   -9.632   -9.256   -8.864   -8.454   -8.014
   -7.541   -7.029   -6.479   -5.893   -5.289   -4.684   -4.090   -3.521
   -2.985   -2.480   -2.004   -1.554   -1.119   -0.691   -0.261    0.183
    0.652    1.157    1.705    2.309    2.952    3.612    4.282
CT1993:260           -9.985   -9.608   -9.179   -8.732   -8.264   -7.776
   -7.271   -6.753   -6.230   -5.716   -5.228   -4.777   -4.370   -4.010
   -3.684   -3.375   -3.061   -2.722   -2.343   -1.913   -1.426   -0.875
   -0.268    0.390    1.092    1.836    2.596    3.357    4.091
CT1993:255           -9.758   -9.375   -8.916   -8.433   -7.924   -7.402
   -6.880   -6.370   -5.889   -5.464   -5.107   -4.828   -4.626   -4.493
   -4.395   -4.295   -4.153   -3.925   -3.593   -3.143   -2.572   -1.879
   -1.096   -0.246    0.650    1.575    2.494    3.399    4.251
CT1993:250           -9.752   -9.322   -8.803   -8.257   -7.687   -7.117
   -6.567   -6.058   -5.616   -5.276   -5.051   -4.946   -4.952   -5.050
   -5.186   -5.302   -5.334   -5.217   -4.929   -4.453   -3.791   -2.953
   -1.998   -0.965    0.105    1.175    2.209    3.209    4.111
CT1993:245           -9.340   -8.929   -8.399   -7.832   -7.234   -6.643
   -6.089   -5.600   -5.209   -4.964   -4.875   -4.945   -5.156   -5.480
   -5.840   -6.158   -6.347   -6.322   -6.055   -5.530   -4.757   -3.756
   -2.612   -1.384   -0.126    1.111    2.289    3.419    4.429
CT1993:240           -9.317   -8.858   -8.268   -7.640   -6.983   -6.346
   -5.766   -5.279   -4.923   -4.755   -4.783   -5.005   -5.397   -5.917
   -6.470   -6.959   -7.278   -7.321   -7.063   -6.486   -5.611   -4.472
   -3.177   -1.803   -0.415    0.920    2.168    3.350    4.379
CT1993:235           -9.368   -8.849   -8.191   -7.495   -6.775   -6.089
   -5.480   -4.988   -4.658   -4.553   -4.675   -5.020   -5.555   -6.227
   -6.925   -7.536   -7.939   -8.015   -7.742   -7.107   -6.140   -4.891
   -3.485   -2.013   -0.547    0.836    2.108    3.299    4.312
CT1993:230           -9.334   -8.775   -8.066   -7.318   -6.548   -5.824
   -5.191   -4.696   -4.385   -4.325   -4.515   -4.944   -5.572   -6.337
   -7.113   -7.782   -8.211   -8.278   -7.965   -7.268   -6.227   -4.904
   -3.437   -1.922   -0.432    0.952    2.213    3.387    4.375
CT1993:225           -9.723   -9.056   -8.251   -7.413   -6.562   -5.776
   -5.097   -4.575   -4.256   -4.207   -4.419   -4.876   -5.530   -6.312
   -7.090   -7.742   -8.138   -8.158   -7.793   -7.050   -5.976   -4.647
   -3.201   -1.734   -0.318    0.972    2.126    3.187    4.050
CT1993:220           -9.703   -9.008   -8.169   -7.295   -6.410   -5.596
   -4.895   -4.358   -4.031   -3.974   -4.174   -4.608   -5.225   -5.949
   -6.650   -7.211   -7.510   -7.439   -7.003   -6.216   -5.134   -3.840
   -2.462   -1.089    0.219    1.399    2.453    3.422    4.216
CT1993:215           -9.798   -9.068   -8.192   -7.284   -6.365   -5.521
   -4.794   -4.232   -3.875   -3.778   -3.921   -4.275   -4.786   -5.378
   -5.928   -6.333   -6.485   -6.298   -5.787   -4.979   -3.934   -2.735
   -1.496   -0.288    0.843    1.848    2.743    3.565    4.236
CT1993:210           -9.809   -9.069   -8.180   -7.256   -6.322   -5.461
   -4.713   -4.122   -3.723   -3.559   -3.606   -3.831   -4.180   -4.577
   -4.918   -5.115   -5.082   -4.758   -4.172   -3.358   -2.378   -1.313
   -0.250    0.757    1.681    2.497    3.228    3.905    4.474
CT1993:205           -9.745   -9.019   -8.138   -7.220   -6.287   -5.421
   -4.658   -4.036   -3.583   -3.333   -3.254   -3.313   -3.460   -3.622
   -3.715   -3.675   -3.438   -2.972   -2.316   -1.510   -0.617    0.292
    1.157    1.946    2.651    3.269    3.835    4.368    4.843
CT1993:200           -9.788   -9.068   -8.194   -7.282   -6.352   -5.480
   -4.698   -4.037   -3.519   -3.163   -2.939   -2.811   -2.733   -2.643
   -2.477   -2.193   -1.754   -1.154   -0.439    0.345    1.140    1.884
    2.543    3.108    3.589    4.001    4.388    4.763    5.122
CT1993:195           -9.759   -9.068   -8.220   -7.332   -6.420   -5.552
   -4.757   -4.060   -3.474   -3.010   -2.635   -2.318   -2.017   -1.681
   -1.268   -0.756   -0.131    0.589    1.355    2.118    2.825    3.423
    3.904    4.276    4.565    4.803    5.040    5.282    5.552
CT1993:190           -9.826   -9.158   -8.333   -7.466   -6.571   -5.705
   -4.895   -4.158   -3.502   -2.927   -2.406   -1.909   -1.404   -0.848
   -0.220    0.486    1.265    2.082    2.886    3.628    4.261    4.738
    5.071    5.281    5.405    5.484    5.575    5.682    5.841
CT1993:185           -9.742   -9.132   -8.358   -7.537   -6.678   -5.829
   -5.014   -4.245   -3.526   -2.852   -2.200   -1.546   -0.866   -0.129
    0.671    1.528    2.424    3.312    4.144    4.872    5.455    5.852
    6.087    6.189    6.198    6.162    6.144    6.146    6.218
CT1993:180           -9.824   -9.246   -8.506   -7.716   -6.880   -6.038
   -5.208   -4.400   -3.613   -2.842   -2.069   -1.276   -0.449    0.431
    1.360    2.325    3.297    4.228    5.075    5.792    6.344    6.693
    6.869    6.902    6.835    6.713    6.602    6.510    6.490
CT1993:175           -9.948   -9.396   -8.686   -7.922   -7.106   -6.265
   -5.417   -4.566   -3.711   -2.845   -1.959   -1.045   -0.095    0.897
    1.918    2.950    3.964    4.912    5.758    6.463    6.997    7.325
    7.476    7.479    7.374    7.198    7.022    6.858    6.759
CT1993:170          -10.030   -9.514   -8.839   -8.108   -7.314   -6.474
   -5.607   -4.712   -3.788   -2.829   -1.836   -0.809    0.247    1.327
    2.413    3.483    4.509    5.449    6.277    6.962    7.479    7.797
    7.942    7.938    7.817    7.610    7.387    7.167    6.998
CT1993:165          -10.426   -9.883   -9.196   -8.454   -7.648   -6.782
   -5.870   -4.911   -3.901   -2.837   -1.728   -0.586    0.575    1.738
    2.876    3.969    4.990    5.904    6.697    7.349    7.841    8.146
    8.288    8.282    8.156    7.929    7.668    7.401    7.166
CT1993:160          -10.495   -9.985   -9.328   -8.612   -7.819   -6.945
   -6.003   -4.988   -3.900   -2.735   -1.516   -0.263    0.998    2.237
    3.420    4.526    5.530    6.404    7.148    7.752    8.205    8.486
    8.617    8.607    8.478    8.239    7.953    7.652    7.366
CT1993:155          -10.643  -10.144   -9.499   -8.790   -7.995   -7.100
   -6.116   -5.038   -3.864   -2.594   -1.260    0.107    1.471    2.789
    4.018    5.139    6.125    6.955    7.642    8.185    8.585    8.827
    8.932    8.908    8.768    8.517    8.211    7.884    7.559
CT1993:150          -10.691  -10.216   -9.590   -8.894   -8.100   -7.184
   -6.160   -5.020   -3.764   -2.394   -0.951    0.525    1.988    3.383
    4.661    5.800    6.770    7.557    8.184    8.661    8.995    9.182
    9.245    9.189    9.028    8.757    8.429    8.077    7.718
CT1993:145          -10.517  -10.097   -9.510   -8.844   -8.063   -7.136
   -6.080   -4.888   -3.562   -2.106   -0.569    1.000    2.550    4.014
    5.338    6.497    7.459    8.210    8.784    9.198    9.466    9.594
    9.607    9.516    9.330    9.045    8.707    8.347    7.982
CT1993:140          -10.526  -10.119   -9.536   -8.869   -8.076   -7.121
   -6.023   -4.774   -3.380   -1.847   -0.231    1.417    3.037    4.559
    5.923    7.101    8.060    8.785    9.316    9.673    9.878    9.943
    9.899    9.759    9.534    9.223    8.864    8.485    8.101
CT1993:135          -10.393  -10.009   -9.438   -8.775   -7.975   -6.998
   -5.867   -4.575   -3.132   -1.546    0.123    1.819    3.483    5.041
    6.430    7.623    8.583    9.294    9.798   10.116   10.274   10.288
   10.197   10.018    9.765    9.440    9.077    8.701    8.327
CT1993:130          -10.352   -9.965   -9.384   -8.707   -7.885   -6.879
   -5.714   -4.387   -2.907   -1.289    0.405    2.121    3.799    5.365
    6.760    7.955    8.915    9.619   10.107   10.402   10.528   10.505
   10.376   10.161    9.880    9.537    9.166    8.784    8.409
CT1993:125          -10.266   -9.872   -9.277   -8.583   -7.739   -6.708
   -5.517   -4.168   -2.673   -1.050    0.639    2.341    3.999    5.543
    6.918    8.100    9.050    9.750   10.233   10.519   10.631   10.587
   10.433   10.194    9.890    9.533    9.151    8.762    8.374
CT1993:120          -10.169   -9.757   -9.139   -8.418   -7.548   -6.491
   -5.282   -3.923   -2.430   -0.826    0.831    2.489    4.097    5.592
    6.925    8.075    9.008    9.703   10.190   10.483   10.602   10.562
   10.410   10.173    9.874    9.527    9.163    8.792    8.422
CT1993:115          -10.090   -9.651   -9.001   -8.248   -7.346   -6.266
   -5.043   -3.685   -2.211   -0.646    0.955    2.544    4.076    5.494
    6.759    7.854    8.751    9.429    9.913   10.212   10.341   10.311
   10.166    9.932    9.635    9.287    8.918    8.536    8.135
CT1993:110           -9.940   -9.468   -8.781   -7.993   -7.059   -5.958
   -4.727   -3.379   -1.935   -0.422    1.107    2.611    4.048    5.372
    6.552    7.577    8.424    9.076    9.555    9.866   10.020   10.023
    9.916    9.724    9.471    9.172    8.850    8.513    8.149
CT1993:105           -9.854   -9.332   -8.596   -7.761   -6.786   -5.657
   -4.416   -3.077   -1.665   -0.209    1.244    2.654    3.988    5.204
    6.281    7.215    7.989    8.592    9.045    9.351    9.519    9.551
    9.481    9.331    9.122    8.863    8.574    8.263    7.900
CT1993:100           -9.661   -9.095   -8.312   -7.433   -6.420   -5.267
   -4.017   -2.688   -1.306    0.096    1.474    2.793    4.021    5.124
    6.087    6.914    7.597    8.132    8.542    8.831    9.008    9.075
    9.057    8.972    8.836    8.654    8.438    8.195    7.884
CT1993:095           -9.509   -8.883   -8.043   -7.110   -6.050   -4.865
   -3.599   -2.271   -0.910    0.449    1.764    3.000    4.130    5.120
    5.962    6.668    7.239    7.680    8.020    8.268    8.435    8.522
    8.549    8.526    8.461    8.351    8.201    8.016    7.737
CT1993:090           -9.289   -8.610   -7.716   -6.731   -5.626   -4.409
   -3.124   -1.792   -0.442    0.885    2.150    3.318    4.360    5.241
    5.962    6.541    6.985    7.315    7.565    7.754    7.895    7.995
    8.064    8.106    8.121    8.098    8.030    7.921    7.700
CT1993:085           -9.094   -8.353   -7.397   -6.354   -5.197   -3.943
   -2.633   -1.289    0.058    1.366    2.594    3.705    4.671    5.455
    6.059    6.509    6.822    7.029    7.175    7.288    7.387    7.483
    7.581    7.676    7.761    7.816    7.819    7.776    7.598
CT1993:080           -8.864   -8.065   -7.050   -5.950   -4.743   -3.452
   -2.116   -0.760    0.586    1.878    3.074    4.137    5.037    5.733
    6.232    6.564    6.753    6.841    6.883    6.915    6.964    7.049
    7.166    7.306    7.454    7.582    7.657    7.680    7.554
CT1993:075           -8.696   -7.828   -6.746   -5.581   -4.318   -2.985
   -1.622   -0.253    1.091    2.365    3.529    4.545    5.383    6.003
    6.411    6.643    6.726    6.710    6.659    6.614    6.610    6.670
    6.789    6.953    7.141    7.317    7.438    7.503    7.403
CT1993:070           -8.468   -7.543   -6.399   -5.176   -3.861   -2.491
   -1.105    0.270    1.602    2.846    3.967    4.929    5.706    6.258
    6.594    6.752    6.760    6.671    6.551    6.449    6.400    6.436
    6.551    6.729    6.945    7.161    7.325    7.432    7.368
CT1993:065           -8.344   -7.346   -6.131   -4.839   -3.464   -2.050
   -0.638    0.741    2.056    3.261    4.328    5.228    5.941    6.431
    6.713    6.823    6.787    6.658    6.499    6.357    6.272    6.278
    6.370    6.537    6.751    6.974    7.145    7.260    7.198
CT1993:060           -8.133   -7.082   -5.809   -4.459   -3.030   -1.577
   -0.145    1.233    2.523    3.678    4.680    5.508    6.152    6.586
    6.829    6.916    6.870    6.735    6.568    6.412    6.307    6.288
    6.356    6.503    6.705    6.925    7.102    7.226    7.181
CT1993:055           -7.996   -6.886   -5.549   -4.136   -2.648   -1.149
    0.312    1.694    2.963    4.070    5.006    5.762    6.338    6.721
    6.937    7.018    6.984    6.867    6.716    6.564    6.449    6.405
    6.441    6.554    6.725    6.923    7.088    7.208    7.171
CT1993:050           -7.820   -6.668   -5.280   -3.814   -2.273   -0.729
    0.762    2.156    3.411    4.478    5.355    6.045    6.558    6.896
    7.090    7.174    7.161    7.076    6.950    6.812    6.691    6.622
    6.618    6.684    6.808    6.967    7.104    7.204    7.166
CT1993:045           -7.680   -6.487   -5.052   -3.537   -1.944   -0.350
    1.180    2.598    3.857    4.902    5.740    6.380    6.844    7.145
    7.324    7.413    7.425    7.372    7.277    7.156    7.035    6.944
    6.903    6.924    7.003    7.126    7.242    7.333    7.318
CT1993:040           -7.555   -6.337   -4.869   -3.316   -1.680   -0.042
    1.530    2.980    4.257    5.302    6.123    6.734    7.166    7.441
    7.607    7.696    7.723    7.692    7.616    7.505    7.375    7.255
    7.169    7.133    7.150    7.215    7.286    7.340    7.313
CT1993:035           -7.465   -6.228   -4.736   -3.156   -1.488    0.188
    1.800    3.287    4.594    5.657    6.484    7.092    7.513    7.776
    7.934    8.024    8.058    8.040    7.975    7.869    7.733    7.589
    7.466    7.382    7.347    7.364    7.399    7.429    7.406
CT1993:030           -7.398   -6.159   -4.662   -3.076   -1.396    0.300
    1.937    3.455    4.793    5.885    6.735    7.359    7.788    8.054
    8.211    8.301    8.337    8.322    8.261    8.153    8.007    7.842
    7.684    7.557    7.471    7.438    7.430    7.425    7.389
CT1993:025           -7.495   -6.244   -4.743   -3.155   -1.475    0.226
    1.874    3.409    4.773    5.895    6.777    7.429    7.883    8.165
    8.332    8.424    8.460    8.442    8.376    8.260    8.100    7.909
    7.712    7.531    7.379    7.268    7.176    7.085    6.960
CT1993:020           -7.490   -6.261   -4.791   -3.237   -1.593    0.074
    1.698    3.219    4.584    5.722    6.632    7.318    7.807    8.120
    8.311    8.421    8.469    8.461    8.405    8.299    8.147    7.959
    7.760    7.569    7.400    7.266    7.154    7.046    6.918
CT1993:015           -7.710   -6.486   -5.044   -3.526   -1.929   -0.312
    1.264    2.749    4.093    5.231    6.158    6.875    7.402    7.752
    7.975    8.110    8.175    8.178    8.129    8.030    7.881    7.690
    7.476    7.255    7.039    6.837    6.637    6.429    6.177
CT1993:010           -7.765   -6.588   -5.210   -3.764   -2.249   -0.721
    0.771    2.183    3.474    4.587    5.514    6.253    6.816    7.211
    7.478    7.653    7.752    7.788    7.773    7.709    7.600    7.449
    7.273    7.085    6.894    6.708    6.520    6.323    6.086
CT1993:005           -7.849   -6.729   -5.430   -4.072   -2.657   -1.238
    0.149    1.466    2.682    3.749    4.660    5.407    5.998    6.433
    6.743    6.959    7.097    7.169    7.192    7.171    7.108    7.007
    6.879    6.732    6.574    6.406    6.225    6.030    5.786
CT1994:360           -7.958   -6.901   -5.685   -4.421   -3.114   -1.810
   -0.538    0.675    1.805    2.816    3.698    4.443    5.052    5.519
    5.866    6.120    6.295    6.408    6.475    6.506    6.505    6.473
    6.417    6.339    6.245    6.131    5.995    5.840    5.632
