CT1995:360           -5.465   -4.222   -2.772   -1.252    0.338    1.934
    3.481    4.928    6.226    7.305    8.156    8.774    9.173    9.364
    9.400    9.332    9.188    8.996    8.774    8.530    8.269    7.996
    7.721    7.451    7.193    6.950    6.712    6.471    6.198
CT1995:355           -5.692   -4.529   -3.184   -1.780   -0.324    1.127
    2.526    3.832    5.001    5.978    6.756    7.332    7.722    7.935
    8.018    8.017    7.957    7.861    7.746    7.616    7.473    7.317
    7.153    6.985    6.815    6.644    6.464    6.274    6.045
CT1995:350           -5.929   -4.860   -3.636   -2.365   -1.056    0.236
    1.475    2.628    3.660    4.527    5.226    5.757    6.132    6.363
    6.490    6.551    6.571    6.569    6.559    6.544    6.523    6.493
    6.453    6.401    6.336    6.252    6.146    6.021    5.844
CT1995:345           -6.150   -5.188   -4.095   -2.965   -1.812   -0.683
    0.394    1.394    2.290    3.049    3.670    4.156    4.516    4.761
    4.926    5.043    5.134    5.220    5.312    5.413    5.520    5.629
    5.732    5.824    5.898    5.946    5.965    5.962    5.910
CT1995:340           -6.436   -5.579   -4.615   -3.625   -2.622   -1.650
   -0.727    0.128    0.897    1.555    2.103    2.542    2.883    3.134
    3.323    3.479    3.624    3.778    3.953    4.151    4.371    4.604
    4.837    5.057    5.256    5.415    5.532    5.620    5.642
CT1995:335           -6.677   -5.933   -5.102   -4.251   -3.395   -2.572
   -1.794   -1.073   -0.422    0.141    0.620    1.015    1.334    1.583
    1.787    1.972    2.160    2.373    2.624    2.917    3.250    3.616
    3.994    4.367    4.721    5.034    5.303    5.543    5.722
CT1995:330           -6.981   -6.343   -5.633   -4.909   -4.186   -3.498
   -2.850   -2.251   -1.708   -1.232   -0.820   -0.472   -0.183    0.054
    0.259    0.456    0.669    0.924    1.232    1.601    2.029    2.506
    3.006    3.506    3.986    4.418    4.797    5.140    5.407
CT1995:325           -7.129   -6.622   -6.046   -5.457   -4.870   -4.313
   -3.791   -3.308   -2.869   -2.480   -2.138   -1.843   -1.591   -1.376
   -1.179   -0.978   -0.746   -0.456   -0.093    0.350    0.872    1.462
    2.088    2.723    3.343    3.917    4.437    4.921    5.333
CT1995:320           -7.424   -7.012   -6.541   -6.058   -5.579   -5.130
   -4.711   -4.328   -3.980   -3.670   -3.396   -3.156   -2.947   -2.760
   -2.579   -2.382   -2.139   -1.821   -1.414   -0.908   -0.307    0.377
    1.108    1.855    2.588    3.274    3.902    4.491    4.999
CT1995:315           -7.232   -7.002   -6.692   -6.363   -6.025   -5.703
   -5.404   -5.131   -4.883   -4.664   -4.468   -4.293   -4.136   -3.988
   -3.832   -3.644   -3.396   -3.054   -2.607   -2.045   -1.371   -0.599
    0.230    1.081    1.925    2.727    3.473    4.181    4.810
CT1995:310           -7.491   -7.344   -7.117   -6.870   -6.613   -6.371
   -6.149   -5.951   -5.776   -5.625   -5.491   -5.372   -5.261   -5.148
   -5.014   -4.837   -4.584   -4.221   -3.740   -3.131   -2.399   -1.558
   -0.653    0.281    1.213    2.108    2.950    3.755    4.482
CT1995:305           -7.336   -7.341   -7.244   -7.117   -6.968   -6.820
   -6.685   -6.568   -6.467   -6.384   -6.314   -6.251   -6.190   -6.116
   -6.008   -5.845   -5.594   -5.220   -4.715   -4.073   -3.300   -2.409
   -1.447   -0.448    0.556    1.532    2.462    3.359    4.180
CT1995:300           -7.536   -7.607   -7.573   -7.508   -7.415   -7.321
   -7.236   -7.165   -7.109   -7.070   -7.042   -7.019   -6.994   -6.949
   -6.864   -6.716   -6.469   -6.089   -5.571   -4.910   -4.111   -3.188
   -2.186   -1.140   -0.079    0.968    1.979    2.962    3.878
CT1995:295           -8.060   -8.121   -8.092   -8.036   -7.957   -7.878
   -7.810   -7.756   -7.719   -7.699   -7.692   -7.692   -7.691   -7.671
   -7.607   -7.475   -7.239   -6.864   -6.347   -5.683   -4.880   -3.948
   -2.931   -1.862   -0.767    0.326    1.393    2.436    3.414
CT1995:290           -8.194   -8.304   -8.321   -8.309   -8.270   -8.225
   -8.185   -8.155   -8.138   -8.137   -8.149   -8.172   -8.195   -8.201
   -8.162   -8.054   -7.838   -7.479   -6.974   -6.318   -5.518   -4.582
   -3.554   -2.461   -1.328   -0.178    0.960    2.082    3.149
CT1995:285           -8.884   -8.923   -8.897   -8.851   -8.790   -8.730
   -8.678   -8.639   -8.616   -8.613   -8.629   -8.661   -8.701   -8.729
   -8.718   -8.637   -8.447   -8.112   -7.627   -6.989   -6.202   -5.273
   -4.244   -3.140   -1.985   -0.796    0.389    1.562    2.680
CT1995:280           -8.960   -9.032   -9.040   -9.027   -8.997   -8.963
   -8.934   -8.915   -8.909   -8.925   -8.963   -9.022   -9.095   -9.161
   -9.188   -9.146   -8.991   -8.685   -8.223   -7.598   -6.817   -5.883
   -4.837   -3.703   -2.505   -1.256    0.002    1.253    2.457
CT1995:275           -9.236   -9.290   -9.293   -9.281   -9.257   -9.234
   -9.219   -9.216   -9.230   -9.270   -9.338   -9.435   -9.551   -9.666
   -9.743   -9.748   -9.633   -9.357   -8.913   -8.297   -7.512   -6.563
   -5.490   -4.318   -3.072   -1.764   -0.442    0.875    2.139
CT1995:270           -9.259   -9.332   -9.357   -9.369   -9.373   -9.382
   -9.400   -9.435   -9.490   -9.579   -9.703   -9.861  -10.044  -10.226
  -10.367  -10.428  -10.358  -10.108   -9.676   -9.053   -8.245   -7.256
   -6.131   -4.896   -3.577   -2.189   -0.783    0.619    1.963
CT1995:265           -9.354   -9.417   -9.444   -9.464   -9.485   -9.520
   -9.575   -9.654   -9.765   -9.919  -10.117  -10.358  -10.625  -10.892
  -11.110  -11.236  -11.213  -10.988  -10.557   -9.913   -9.065   -8.016
   -6.818   -5.502   -4.096   -2.620   -1.130    0.351    1.759
CT1995:260           -9.328   -9.393   -9.430   -9.465   -9.509   -9.580
   -9.681   -9.819  -10.002  -10.241  -10.536  -10.878  -11.251  -11.619
  -11.928  -12.128  -12.156  -11.952  -11.516  -10.839   -9.931   -8.801
   -7.507   -6.086   -4.574   -2.994   -1.408    0.162    1.639
CT1995:255           -9.375   -9.415   -9.441   -9.472   -9.524   -9.622
   -9.766   -9.963  -10.221  -10.554  -10.954  -11.410  -11.899  -12.379
  -12.787  -13.068  -13.151  -12.971  -12.527  -11.810  -10.833   -9.609
   -8.206   -6.668   -5.040   -3.354   -1.676   -0.027    1.503
CT1995:250           -9.305   -9.329   -9.346   -9.376   -9.437   -9.561
   -9.748  -10.006  -10.344  -10.774  -11.285  -11.860  -12.471  -13.068
  -13.581  -13.950  -14.094  -13.942  -13.490  -12.733  -11.683  -10.357
   -8.836   -7.174   -5.422   -3.625   -1.854   -0.125    1.455
CT1995:245           -9.243   -9.236   -9.231   -9.243   -9.300   -9.437
   -9.654   -9.962  -10.368  -10.887  -11.500  -12.187  -12.914  -13.626
  -14.244  -14.703  -14.913  -14.794  -14.344  -13.553  -12.435  -11.012
   -9.377   -7.595   -5.726   -3.827   -1.977   -0.181    1.431
CT1995:240           -9.131   -9.090   -9.054   -9.040   -9.079   -9.216
   -9.449   -9.791  -10.250  -10.840  -11.539  -12.323  -13.153  -13.968
  -14.686  -15.232  -15.511  -15.433  -14.993  -14.178  -13.006  -11.499
   -9.763   -7.874   -5.901   -3.917   -2.001   -0.156    1.474
CT1995:235           -8.926   -8.854   -8.784   -8.737   -8.750   -8.873
   -9.105   -9.463   -9.953  -10.592  -11.354  -12.210  -13.121  -14.023
  -14.826  -15.451  -15.797  -15.763  -15.341  -14.516  -13.305  -11.731
   -9.914   -7.937   -5.882   -3.829   -1.862    0.022    1.667
CT1995:230           -8.780   -8.655   -8.529   -8.429   -8.391   -8.475
   -8.681   -9.025   -9.517  -10.174  -10.967  -11.866  -12.829  -13.791
  -14.659  -15.350  -15.754  -15.766  -15.371  -14.553  -13.326  -11.718
   -9.856   -7.832   -5.735   -3.656   -1.682    0.198    1.817
CT1995:225           -8.597   -8.413   -8.221   -8.054   -7.950   -7.975
   -8.132   -8.437   -8.903   -9.547  -10.338  -11.247  -12.229  -13.221
  -14.126  -14.858  -15.304  -15.352  -14.985  -14.182  -12.958  -11.342
   -9.466   -7.429   -5.322   -3.245   -1.282    0.582    2.179
CT1995:220           -8.421   -8.171   -7.903   -7.656   -7.472   -7.420
   -7.504   -7.747   -8.159   -8.759   -9.516  -10.401  -11.369  -12.357
  -13.268  -14.014  -14.481  -14.555  -14.217  -13.443  -12.249  -10.663
   -8.823   -6.828   -4.772   -2.756   -0.862    0.928    2.447
CT1995:215           -8.361   -8.013   -7.640   -7.288   -6.998   -6.843
   -6.830   -6.981   -7.308   -7.833   -8.523   -9.347  -10.263  -11.208
  -12.088  -12.812  -13.271  -13.350  -13.029  -12.287  -11.138   -9.613
   -7.844   -5.932   -3.966   -2.046   -0.248    1.451    2.893
CT1995:210           -8.168   -7.747   -7.284   -6.837   -6.445   -6.186
   -6.070   -6.119   -6.348   -6.777   -7.375   -8.113   -8.946   -9.815
  -10.628  -11.299  -11.721  -11.786  -11.476  -10.772   -9.688   -8.258
   -6.607   -4.830   -3.013   -1.246    0.402    1.957    3.273
CT1995:205           -8.135   -7.605   -7.027   -6.459   -5.945   -5.562
   -5.322   -5.249   -5.357   -5.667   -6.147   -6.766   -7.484   -8.242
   -8.952   -9.532   -9.885   -9.912   -9.598   -8.928   -7.920   -6.607
   -5.105   -3.498   -1.862   -0.280    1.196    2.589    3.777
CT1995:200           -7.945   -7.343   -6.672   -6.006   -5.384   -4.886
   -4.528   -4.334   -4.317   -4.499   -4.847   -5.331   -5.910   -6.530
   -7.109   -7.572   -7.831   -7.803   -7.476   -6.842   -5.921   -4.748
   -3.424   -2.023   -0.608    0.752    2.019    3.215    4.241
CT1995:195           -7.950   -7.242   -6.456   -5.670   -4.924   -4.298
   -3.809   -3.482   -3.328   -3.367   -3.566   -3.895   -4.314   -4.772
   -5.195   -5.517   -5.663   -5.564   -5.216   -4.617   -3.789   -2.769
   -1.641   -0.466    0.705    1.821    2.858    3.836    4.683
CT1995:190           -7.785   -7.014   -6.144   -5.266   -4.417   -3.681
   -3.074   -2.621   -2.335   -2.232   -2.278   -2.444   -2.693   -2.978
   -3.232   -3.402   -3.425   -3.249   -2.877   -2.311   -1.578   -0.713
    0.215    1.159    2.084    2.952    3.757    4.518    5.188
CT1995:185           -7.748   -6.902   -5.942   -4.968   -4.014   -3.163
   -2.435   -1.855   -1.432   -1.181   -1.069   -1.066   -1.138   -1.243
   -1.325   -1.341   -1.242   -0.993   -0.600   -0.073    0.562    1.268
    1.993    2.703    3.375    3.985    4.542    5.065    5.528
CT1995:180           -7.627   -6.734   -5.708   -4.657   -3.616   -2.665
   -1.827   -1.125   -0.570   -0.173    0.098    0.269    0.373    0.446
    0.530    0.662    0.875    1.191    1.600    2.090    2.633    3.194
    3.737    4.237    4.685    5.068    5.411    5.732    6.028
CT1995:175           -7.430   -6.523   -5.457   -4.356   -3.247   -2.211
   -1.274   -0.460    0.222    0.762    1.187    1.523    1.796    2.034
    2.272    2.534    2.842    3.207    3.619    4.063    4.513    4.936
    5.307    5.613    5.852    6.020    6.153    6.271    6.383
CT1995:170           -7.362   -6.432   -5.326   -4.174   -3.000   -1.881
   -0.845    0.085    0.896    1.580    2.162    2.661    3.097    3.492
    3.868    4.243    4.630    5.030    5.435    5.831    6.195    6.498
    6.725    6.872    6.941    6.937    6.904    6.862    6.834
CT1995:165           -7.113   -6.213   -5.111   -3.950   -2.746   -1.570
   -0.456    0.572    1.501    2.321    3.050    3.701    4.289    4.823
    5.318    5.786    6.231    6.648    7.034    7.377    7.659    7.855
    7.961    7.976    7.909    7.767    7.597    7.422    7.272
CT1995:160           -7.104   -6.209   -5.100   -3.923   -2.687   -1.456
   -0.266    0.861    1.909    2.865    3.740    4.541    5.273    5.937
    6.538    7.084    7.572    7.995    8.354    8.643    8.849    8.954
    8.961    8.873    8.701    8.453    8.178    7.899    7.648
CT1995:155           -7.023   -6.166   -5.082   -3.922   -2.685   -1.426
   -0.183    1.022    2.172    3.252    4.261    5.200    6.065    6.847
    7.544    8.158    8.681    9.104    9.437    9.676    9.818    9.849
    9.782    9.622    9.381    9.065    8.724    8.378    8.060
CT1995:150           -7.066   -6.245   -5.195   -4.063   -2.843   -1.575
   -0.299    0.967    2.203    3.392    4.526    5.592    6.583    7.476
    8.262    8.940    9.496    9.921   10.231   10.429   10.518   10.492
   10.370   10.158    9.870    9.511    9.123    8.728    8.352
CT1995:145           -7.263   -6.466   -5.453   -4.358   -3.169   -1.913
   -0.625    0.679    1.981    3.262    4.505    5.689    6.797    7.797
    8.671    9.415   10.010   10.447   10.747   10.918   10.971   10.906
   10.748   10.507   10.194    9.813    9.399    8.972    8.549
CT1995:140           -7.348   -6.613   -5.674   -4.654   -3.536   -2.332
   -1.072    0.232    1.565    2.910    4.239    5.523    6.736    7.837
    8.799    9.613   10.257   10.719   11.027   11.193   11.231   11.152
   10.982   10.735   10.423   10.046    9.633    9.203    8.760
CT1995:135           -7.711   -6.999   -6.115   -5.160   -4.113   -2.971
   -1.756   -0.471    0.874    2.264    3.663    5.036    6.347    7.545
    8.596    9.485   10.187   10.688   11.020   11.198   11.241   11.161
   10.993   10.751   10.447   10.077    9.663    9.224    8.744
CT1995:130           -7.820   -7.185   -6.404   -5.557   -4.624   -3.586
   -2.455   -1.226    0.095    1.499    2.943    4.385    5.778    7.065
    8.201    9.167    9.934   10.487   10.861   11.073   11.144   11.092
   10.953   10.743   10.474   10.142    9.763    9.352    8.881
CT1995:125           -8.120   -7.530   -6.830   -6.078   -5.251   -4.316
   -3.273   -2.110   -0.823    0.584    2.061    3.559    5.025    6.391
    7.605    8.643    9.474   10.083   10.506   10.761   10.874   10.860
   10.759   10.588   10.360   10.066    9.718    9.330    8.857
CT1995:120           -8.233   -7.720   -7.126   -6.488   -5.783   -4.966
   -4.026   -2.940   -1.701   -0.305    1.190    2.729    4.250    5.679
    6.955    8.052    8.938    9.599   10.072   10.377   10.541   10.580
   10.534   10.419   10.248   10.011    9.715    9.375    8.928
CT1995:115           -8.370   -7.922   -7.418   -6.881   -6.284   -5.570
   -4.719   -3.702   -2.505   -1.122    0.386    1.956    3.517    4.990
    6.307    7.442    8.364    9.061    9.575    9.926   10.141   10.235
   10.247   10.193   10.082    9.904    9.662    9.368    8.950
CT1995:110           -8.464   -8.075   -7.653   -7.201   -6.695   -6.065
   -5.285   -4.321   -3.154   -1.778   -0.261    1.327    2.911    4.403
    5.735    6.882    7.815    8.528    9.065    9.451    9.710    9.859
    9.930    9.938    9.891    9.776    9.591    9.350    8.967
CT1995:105           -8.586   -8.236   -7.867   -7.473   -7.026   -6.447
   -5.708   -4.770   -3.616   -2.238   -0.714    0.881    2.467    3.953
    5.271    6.398    7.313    8.017    8.558    8.960    9.251    9.443
    9.565    9.627    9.634    9.570    9.429    9.225    8.858
CT1995:100           -8.639   -8.319   -7.985   -7.626   -7.210   -6.654
   -5.928   -4.993   -3.836   -2.453   -0.928    0.659    2.226    3.679
    4.954    6.036    6.909    7.584    8.110    8.518    8.830    9.062
    9.234    9.352    9.418    9.411    9.323    9.167    8.835
CT1995:095           -8.769   -8.444   -8.107   -7.743   -7.319   -6.747
   -6.001   -5.046   -3.871   -2.481   -0.963    0.601    2.128    3.523
    4.732    5.746    6.557    7.184    7.682    8.080    8.404    8.664
    8.874    9.037    9.148    9.184    9.132    9.007    8.690
CT1995:090           -8.774   -8.441   -8.088   -7.703   -7.250   -6.643
   -5.862   -4.877   -3.684   -2.296   -0.801    0.718    2.180    3.497
    4.622    5.553    6.293    6.866    7.330    7.716    8.047    8.332
    8.580    8.786    8.943    9.023    9.012    8.923    8.634
CT1995:085           -8.635   -8.300   -7.923   -7.506   -7.010   -6.356
   -5.533   -4.518   -3.316   -1.946   -0.495    0.957    2.336    3.559
    4.590    5.434    6.101    6.623    7.055    7.431    7.772    8.084
    8.370    8.621    8.827    8.957    8.997    8.959    8.723
CT1995:080           -8.594   -8.216   -7.779   -7.295   -6.726   -6.003
   -5.124   -4.076   -2.869   -1.529   -0.137    1.233    2.515    3.635
    4.569    5.328    5.927    6.401    6.805    7.169    7.514    7.842
    8.152    8.430    8.663    8.819    8.880    8.862    8.643
CT1995:075           -8.282   -7.892   -7.410   -6.871   -6.236   -5.454
   -4.531   -3.465   -2.271   -0.980    0.333    1.606    2.780    3.796
    4.636    5.318    5.859    6.296    6.680    7.039    7.390    7.735
    8.068    8.373    8.636    8.822    8.917    8.937    8.765
CT1995:070           -8.202   -7.741   -7.166   -6.529   -5.795   -4.929
   -3.947   -2.854   -1.669   -0.428    0.807    1.983    3.055    3.973
    4.728    5.342    5.835    6.240    6.604    6.952    7.298    7.642
    7.975    8.280    8.542    8.727    8.820    8.840    8.672
CT1995:065           -7.947   -7.435   -6.777   -6.050   -5.223   -4.277
   -3.240   -2.125   -0.954    0.235    1.393    2.476    3.452    4.280
    4.961    5.517    5.967    6.343    6.685    7.015    7.346    7.675
    7.992    8.282    8.530    8.704    8.791    8.808    8.650
CT1995:060           -7.843   -7.243   -6.472   -5.627   -4.682   -3.638
   -2.530   -1.375   -0.201    0.955    2.053    3.063    3.960    4.715
    5.333    5.838    6.248    6.590    6.900    7.197    7.491    7.781
    8.057    8.306    8.516    8.655    8.716    8.711    8.546
CT1995:055           -7.588   -6.922   -6.052   -5.101   -4.044   -2.901
   -1.715   -0.512    0.680    1.820    2.880    3.836    4.671    5.366
    5.929    6.386    6.752    7.052    7.317    7.563    7.801    8.031
    8.248    8.441    8.601    8.704    8.741    8.724    8.571
CT1995:050           -7.480   -6.721   -5.731   -4.652   -3.465   -2.202
   -0.916    0.364    1.604    2.761    3.813    4.741    5.537    6.185
    6.699    7.106    7.419    7.660    7.858    8.029    8.183    8.324
    8.451    8.560    8.644    8.685    8.674    8.621    8.454
CT1995:045           -7.344   -6.499   -5.395   -4.193   -2.876   -1.488
   -0.088    1.287    2.599    3.799    4.869    5.794    6.568    7.179
    7.647    7.998    8.247    8.414    8.528    8.605    8.657    8.692
    8.716    8.730    8.732    8.710    8.656    8.573    8.406
CT1995:040           -7.257   -6.327   -5.111   -3.787   -2.339   -0.819
    0.705    2.192    3.596    4.863    5.973    6.913    7.678    8.258
    8.677    8.966    9.141    9.220    9.235    9.202    9.137    9.053
    8.961    8.868    8.776    8.681    8.574    8.450    8.270
CT1995:035           -7.283   -6.263   -4.933   -3.488   -1.910   -0.259
    1.395    3.002    4.511    5.858    7.022    7.987    8.751    9.302
    9.671    9.894    9.986    9.971    9.881    9.734    9.549    9.343
    9.134    8.933    8.745    8.574    8.407    8.235    8.030
CT1995:030           -7.244   -6.162   -4.747   -3.209   -1.526    0.237
    2.003    3.716    5.321    6.743    7.958    8.948    9.709   10.231
   10.549   10.704   10.717   10.612   10.424   10.175    9.884    9.573
    9.265    8.974    8.709    8.479    8.271    8.070    7.861
CT1995:025           -7.199   -6.075   -4.601   -2.994   -1.234    0.614
    2.465    4.261    5.940    7.421    8.674    9.680   10.436   10.929
   11.200   11.296   11.241   11.063   10.800   10.476   10.111    9.730
    9.359    9.015    8.711    8.463    8.258    8.074    7.916
CT1995:020           -7.230   -6.079   -4.567   -2.919   -1.112    0.787
    2.689    4.534    6.255    7.766    9.037   10.043   10.784   11.246
   11.475   11.522   11.414   11.181   10.866   10.490   10.077    9.650
    9.236    8.855    8.520    8.252    8.036    7.848    7.703
CT1995:015           -7.160   -6.022   -4.515   -2.870   -1.062    0.838
    2.743    4.588    6.307    7.811    9.070   10.060   10.779   11.215
   11.415   11.434   11.301   11.050   10.724   10.344    9.933    9.517
    9.120    8.764    8.464    8.245    8.097    7.991    7.962
CT1995:010           -7.269   -6.144   -4.658   -3.037   -1.259    0.606
    2.473    4.278    5.956    7.422    8.643    9.599   10.288   10.699
   10.881   10.888   10.750   10.504   10.190    9.829    9.444    9.056
    8.689    8.362    8.091    7.901    7.781    7.704    7.708
CT1995:005           -7.411   -6.319   -4.883   -3.320   -1.610    0.178
    1.963    3.685    5.283    6.676    7.836    8.744    9.399    9.793
    9.970    9.985    9.869    9.655    9.384    9.076    8.749    8.424
    8.120    7.856    7.642    7.506    7.436    7.408    7.457
CT1996:360           -7.592   -6.551   -5.193   -3.717   -2.111   -0.439
    1.225    2.826    4.310    5.605    6.686    7.536    8.156    8.538
    8.725    8.766    8.691    8.534    8.329    8.098    7.855    7.620
    7.406    7.230    7.099    7.037    7.034    7.068    7.171
