CT1996:360           -7.592   -6.551   -5.193   -3.717   -2.111   -0.439
    1.225    2.826    4.310    5.605    6.686    7.536    8.156    8.538
    8.725    8.766    8.691    8.534    8.329    8.098    7.855    7.620
    7.406    7.230    7.099    7.037    7.034    7.068    7.171
CT1996:355           -7.823   -6.850   -5.590   -4.227   -2.752   -1.227
    0.286    1.738    3.082    4.258    5.246    6.031    6.615    6.990
    7.195    7.273    7.252    7.163    7.040    6.898    6.754    6.621
    6.510    6.431    6.389    6.399    6.452    6.530    6.653
CT1996:350           -8.058   -7.167   -6.025   -4.796   -3.475   -2.118
   -0.779    0.504    1.692    2.737    3.623    4.340    4.888    5.260
    5.490    5.614    5.658    5.651    5.623    5.590    5.565    5.560
    5.580    5.629    5.709    5.829    5.978    6.145    6.338
CT1996:345           -8.209   -7.428   -6.431   -5.361   -4.216   -3.049
   -1.901   -0.804    0.216    1.119    1.895    2.537    3.043    3.410
    3.662    3.831    3.941    4.019    4.093    4.177    4.283    4.420
    4.585    4.778    4.995    5.238    5.496    5.762    6.034
CT1996:340           -8.470   -7.788   -6.927   -6.009   -5.036   -4.055
   -3.097   -2.182   -1.331   -0.570    0.094    0.657    1.116    1.470
    1.738    1.947    2.120    2.284    2.462    2.670    2.916    3.204
    3.525    3.871    4.234    4.608    4.981    5.351    5.706
CT1996:335           -8.646   -8.079   -7.366   -6.609   -5.815   -5.022
   -4.253   -3.521   -2.839   -2.224   -1.678   -1.204   -0.803   -0.475
   -0.203    0.037    0.267    0.516    0.804    1.143    1.539    1.990
    2.481    2.995    3.520    4.041    4.549    5.045    5.511
CT1996:330           -8.905   -8.435   -7.854   -7.242   -6.609   -5.988
   -5.393   -4.831   -4.309   -3.836   -3.410   -3.033   -2.702   -2.414
   -2.153   -1.895   -1.616   -1.286   -0.892   -0.422    0.124    0.738
    1.393    2.069    2.745    3.402    4.029    4.633    5.186
CT1996:325           -9.242   -8.847   -8.375   -7.885   -7.390   -6.918
   -6.475   -6.065   -5.690   -5.351   -5.046   -4.770   -4.519   -4.283
   -4.044   -3.777   -3.456   -3.049   -2.547   -1.946   -1.250   -0.474
    0.346    1.181    2.009    2.802    3.553    4.272    4.923
CT1996:320           -9.472   -9.163   -8.799   -8.426   -8.059   -7.722
   -7.417   -7.145   -6.906   -6.697   -6.511   -6.342   -6.180   -6.008
   -5.801   -5.537   -5.181   -4.703   -4.102   -3.376   -2.540   -1.615
   -0.646    0.332    1.294    2.207    3.064    3.882    4.616
CT1996:315           -9.823   -9.560   -9.268   -8.977   -8.702   -8.466
   -8.266   -8.104   -7.975   -7.878   -7.801   -7.732   -7.657   -7.550
   -7.380   -7.121   -6.736   -6.193   -5.500   -4.661   -3.698   -2.641
   -1.541   -0.435    0.646    1.672    2.634    3.553    4.381
CT1996:310          -10.012   -9.812   -9.594   -9.381   -9.187   -9.036
   -8.923   -8.852   -8.818   -8.818   -8.839   -8.864   -8.873   -8.829
   -8.698   -8.449   -8.042   -7.446   -6.677   -5.748   -4.685   -3.524
   -2.324   -1.123    0.049    1.160    2.204    3.202    4.102
CT1996:305          -10.036   -9.914   -9.772   -9.632   -9.509   -9.425
   -9.381   -9.378   -9.418   -9.496   -9.598   -9.702   -9.783   -9.797
   -9.700   -9.462   -9.039   -8.403   -7.576   -6.578   -5.441   -4.205
   -2.931   -1.655   -0.406    0.785    1.916    3.004    4.003
CT1996:300          -10.176  -10.090   -9.984   -9.881   -9.791   -9.739
   -9.726   -9.758   -9.838   -9.966  -10.122  -10.283  -10.419  -10.477
  -10.410  -10.184   -9.754   -9.094   -8.235   -7.200   -6.026   -4.757
   -3.449   -2.141   -0.855    0.381    1.562    2.705    3.763
CT1996:295          -10.057  -10.042   -9.990   -9.933   -9.878   -9.851
   -9.858   -9.910  -10.012  -10.168  -10.360  -10.562  -10.739  -10.833
  -10.792  -10.580  -10.153   -9.488   -8.620   -7.577   -6.398   -5.125
   -3.813   -2.493   -1.188    0.083    1.314    2.514    3.642
CT1996:290          -10.139  -10.136  -10.089  -10.032   -9.973   -9.933
   -9.926   -9.965  -10.058  -10.214  -10.415  -10.634  -10.833  -10.951
  -10.931  -10.737  -10.324   -9.672   -8.820   -7.797   -6.642   -5.396
   -4.107   -2.804   -1.504   -0.220    1.038    2.273    3.447
CT1996:285          -10.150  -10.155  -10.106  -10.042   -9.967   -9.904
   -9.870   -9.881   -9.950  -10.089  -10.282  -10.504  -10.713  -10.848
  -10.850  -10.679  -10.290   -9.666   -8.846   -7.859   -6.744   -5.535
   -4.276   -2.989   -1.688   -0.378    0.925    2.219    3.473
CT1996:280          -10.177  -10.174  -10.110  -10.025   -9.923   -9.826
   -9.756   -9.729   -9.763   -9.876  -10.052  -10.268  -10.484  -10.637
  -10.665  -10.528  -10.181   -9.604   -8.835   -7.903   -6.843   -5.686
   -4.470   -3.213   -1.926   -0.610    0.713    2.034    3.325
CT1996:275          -10.147  -10.131  -10.045   -9.936   -9.805   -9.673
   -9.565   -9.501   -9.500   -9.584   -9.742   -9.950  -10.171  -10.344
  -10.404  -10.309  -10.011   -9.488   -8.775   -7.895   -6.880   -5.755
   -4.556   -3.298   -1.990   -0.627    0.763    2.164    3.556
CT1996:270          -10.129  -10.090   -9.978   -9.841   -9.680   -9.517
   -9.376   -9.280   -9.251   -9.313   -9.458   -9.667   -9.903  -10.106
  -10.212  -10.174   -9.941   -9.487   -8.839   -8.018   -7.050   -5.957
   -4.775   -3.519   -2.199   -0.812    0.608    2.040    3.461
CT1996:265          -10.049   -9.989   -9.854   -9.694   -9.509   -9.323
   -9.162   -9.047   -9.003   -9.057   -9.203   -9.423   -9.684   -9.929
  -10.090  -10.118   -9.958   -9.573   -8.985   -8.210   -7.269   -6.179
   -4.981   -3.692   -2.327   -0.886    0.593    2.084    3.562
CT1996:260           -9.989   -9.896   -9.733   -9.546   -9.340   -9.139
   -8.968   -8.848   -8.804   -8.865   -9.027   -9.274   -9.574   -9.873
  -10.102  -10.206  -10.123   -9.809   -9.278   -8.538   -7.608   -6.504
   -5.271   -3.934   -2.515   -1.021    0.504    2.033    3.531
CT1996:255           -9.967   -9.828   -9.628   -9.410   -9.182   -8.972
   -8.799   -8.686   -8.656   -8.740   -8.932   -9.219   -9.570   -9.933
  -10.236  -10.419  -10.414  -10.165   -9.679   -8.959   -8.020   -6.877
   -5.587   -4.182   -2.692   -1.135    0.437    2.003    3.511
CT1996:250           -9.873   -9.694   -9.463   -9.221   -8.980   -8.770
   -8.608   -8.516   -8.515   -8.635   -8.872   -9.211   -9.623  -10.056
  -10.436  -10.698  -10.765  -10.572  -10.118   -9.401   -8.435   -7.235
   -5.869   -4.380   -2.809   -1.183    0.439    2.042    3.556
CT1996:245           -9.783   -9.556   -9.290   -9.021   -8.765   -8.557
   -8.410   -8.343   -8.376   -8.540   -8.827   -9.223   -9.698  -10.200
  -10.653  -10.985  -11.115  -10.965  -10.531   -9.804   -8.799   -7.533
   -6.086   -4.511   -2.858   -1.169    0.495    2.123    3.629
CT1996:240           -9.661   -9.387   -9.085   -8.787   -8.514   -8.306
   -8.172   -8.130   -8.198   -8.405   -8.740   -9.189   -9.720  -10.283
  -10.796  -11.184  -11.360  -11.240  -10.814  -10.070   -9.024   -7.695
   -6.173   -4.523   -2.800   -1.061    0.631    2.273    3.760
CT1996:235           -9.404   -9.100   -8.773   -8.454   -8.170   -7.963
   -7.840   -7.820   -7.918   -8.161   -8.536   -9.026   -9.599  -10.203
  -10.755  -11.179  -11.382  -11.275  -10.847  -10.084   -9.001   -7.620
   -6.041   -4.333   -2.559   -0.785    0.926    2.574    4.044
CT1996:230           -9.257   -8.898   -8.522   -8.161   -7.843   -7.617
   -7.485   -7.466   -7.572   -7.829   -8.220   -8.726   -9.314   -9.931
  -10.494  -10.926  -11.134  -11.027  -10.593   -9.819   -8.719   -7.318
   -5.720   -3.996   -2.215   -0.447    1.242    2.859    4.274
CT1996:225           -8.943   -8.553   -8.143   -7.748   -7.401   -7.150
   -7.001   -6.970   -7.069   -7.320   -7.703   -8.198   -8.771   -9.368
   -9.909  -10.319  -10.506  -10.385   -9.942   -9.166   -8.072   -6.684
   -5.104   -3.405   -1.655    0.074    1.717    3.283    4.639
CT1996:220           -8.775   -8.322   -7.850   -7.394   -6.988   -6.686
   -6.491   -6.418   -6.478   -6.690   -7.031   -7.479   -7.999   -8.539
   -9.021   -9.376   -9.520   -9.371   -8.921   -8.158   -7.098   -5.765
   -4.252   -2.630   -0.962    0.680    2.235    3.711    4.973
CT1996:215           -8.531   -8.026   -7.495   -6.978   -6.510   -6.146
   -5.890   -5.757   -5.756   -5.903   -6.174   -6.544   -6.979   -7.427
   -7.819   -8.092   -8.172   -7.987   -7.533   -6.801   -5.804   -4.565
   -3.169   -1.675   -0.143    1.363    2.781    4.122    5.250
CT1996:210           -8.351   -7.779   -7.173   -6.578   -6.030   -5.585
   -5.247   -5.030   -4.942   -4.997   -5.168   -5.429   -5.747   -6.073
   -6.345   -6.511   -6.508   -6.277   -5.817   -5.123   -4.208   -3.089
   -1.837   -0.503    0.866    2.212    3.481    4.678    5.677
CT1996:205           -8.204   -7.559   -6.870   -6.190   -5.552   -5.013
   -4.577   -4.260   -4.067   -4.009   -4.058   -4.189   -4.367   -4.551
   -4.686   -4.731   -4.634   -4.354   -3.892   -3.246   -2.428   -1.453
   -0.376    0.767    1.936    3.086    4.166    5.182    6.013
CT1996:200           -8.024   -7.311   -6.543   -5.777   -5.047   -4.408
   -3.868   -3.441   -3.132   -2.948   -2.861   -2.847   -2.874   -2.904
   -2.894   -2.810   -2.615   -2.282   -1.815   -1.216   -0.496    0.333
    1.234    2.180    3.146    4.096    4.989    5.827    6.504
CT1996:195           -7.845   -7.069   -6.222   -5.372   -4.547   -3.807
   -3.159   -2.616   -2.183   -1.866   -1.637   -1.472   -1.344   -1.221
   -1.066   -0.857   -0.569   -0.184    0.288    0.842    1.469    2.158
    2.887    3.641    4.404    5.152    5.853    6.510    7.031
CT1996:190           -7.679   -6.844   -5.921   -4.987   -4.070   -3.228
   -2.470   -1.809   -1.251   -0.799   -0.428   -0.115    0.163    0.433
    0.721    1.044    1.417    1.847    2.324    2.839    3.383    3.946
    4.517    5.091    5.660    6.210    6.721    7.193    7.552
CT1996:185           -7.364   -6.506   -5.535   -4.543   -3.553   -2.623
   -1.768   -1.001   -0.326    0.253    0.759    1.210    1.625    2.026
    2.430    2.851    3.296    3.763    4.244    4.728    5.204    5.663
    6.101    6.520    6.919    7.291    7.627    7.930    8.141
CT1996:180           -7.230   -6.326   -5.292   -4.229   -3.156   -2.134
   -1.177   -0.300    0.493    1.198    1.834    2.415    2.957    3.474
    3.979    4.480    4.982    5.478    5.960    6.417    6.840    7.214
    7.542    7.829    8.078    8.286    8.455    8.594    8.651
CT1996:175           -7.061   -6.133   -5.055   -3.937   -2.798   -1.695
   -0.648    0.330    1.231    2.051    2.805    3.503    4.156    4.771
    5.357    5.922    6.464    6.978    7.457    7.892    8.271    8.578
    8.819    8.996    9.117    9.177    9.189    9.167    9.066
CT1996:170           -6.972   -6.018   -4.898   -3.730   -2.529   -1.350
   -0.217    0.855    1.859    2.787    3.650    4.453    5.203    5.902
    6.555    7.169    7.743    8.268    8.746    9.165    9.515    9.778
    9.958   10.057   10.082   10.027    9.914    9.761    9.529
CT1996:165           -7.136   -6.129   -4.951   -3.722   -2.453   -1.196
    0.024    1.190    2.294    3.325    4.289    5.189    6.027    6.798
    7.507    8.159    8.755    9.287    9.759   10.163   10.489   10.715
   10.846   10.878   10.817   10.650   10.407   10.115    9.725
CT1996:160           -7.104   -6.096   -4.905   -3.657   -2.356   -1.052
    0.227    1.464    2.647    3.763    4.812    5.794    6.705    7.538
    8.293    8.979    9.594   10.135   10.609   11.010   11.329   11.542
   11.650   11.649   11.540   11.307   10.983   10.601   10.111
CT1996:155           -7.271   -6.248   -5.043   -3.776   -2.450   -1.107
    0.221    1.517    2.769    3.959    5.085    6.139    7.117    8.005
    8.805    9.524   10.161   10.714   11.194   11.597   11.913   12.118
   12.210   12.180   12.028   11.728   11.319   10.838   10.227
CT1996:150           -7.305   -6.310   -5.129   -3.883   -2.569   -1.223
    0.121    1.448    2.743    3.987    5.172    6.287    7.324    8.267
    9.114    9.873   10.542   11.122   11.624   12.046   12.378   12.595
   12.693   12.662   12.498   12.171   11.721   11.191   10.515
CT1996:145           -7.247   -6.319   -5.203   -4.018   -2.754   -1.444
   -0.119    1.205    2.513    3.788    5.015    6.180    7.272    8.271
    9.172    9.981   10.696   11.315   11.852   12.304   12.662   12.897
   13.008   12.980   12.811   12.464   11.979   11.405   10.664
CT1996:140           -7.346   -6.471   -5.419   -4.299   -3.100   -1.846
   -0.563    0.736    2.037    3.326    4.586    5.799    6.950    8.015
    8.987    9.866   10.647   11.328   11.919   12.417   12.813   13.079
   13.214   13.203   13.044   12.698   12.205   11.615   10.843
CT1996:135           -7.237   -6.470   -5.531   -4.526   -3.439   -2.284
   -1.087    0.147    1.407    2.686    3.962    5.216    6.428    7.572
    8.630    9.598   10.467   11.226   11.887   12.445   12.891   13.198
   13.366   13.386   13.254   12.932   12.461   11.892   11.135
CT1996:130           -7.377   -6.682   -5.839   -4.936   -3.960   -2.914
   -1.814   -0.659    0.549    1.809    3.100    4.400    5.684    6.921
    8.083    9.158   10.129   10.979   11.717   12.336   12.829   13.169
   13.363   13.404   13.290   12.985   12.528   11.968   11.209
CT1996:125           -7.338   -6.752   -6.037   -5.269   -4.434   -3.525
   -2.548   -1.495   -0.358    0.872    2.172    3.518    4.880    6.220
    7.499    8.693    9.776   10.724   11.543   12.227   12.768   13.145
   13.371   13.444   13.366   13.105   12.697   12.191   11.489
CT1996:120           -7.490   -6.980   -6.371   -5.721   -5.014   -4.233
   -3.374   -2.418   -1.347   -0.141    1.175    2.574    4.021    5.470
    6.867    8.179    9.370   10.406   11.293   12.025   12.597   12.992
   13.230   13.314   13.253   13.015   12.634   12.156   11.475
CT1996:115           -7.562   -7.137   -6.639   -6.108   -5.530   -4.876
   -4.130   -3.264   -2.252   -1.064    0.273    1.729    3.260    4.811
    6.318    7.734    9.016   10.123   11.061   11.825   12.414   12.816
   13.060   13.154   13.110   12.901   12.558   12.119   11.478
CT1996:110           -7.694   -7.333   -6.924   -6.492   -6.020   -5.468
   -4.811   -4.012   -3.039   -1.853   -0.486    1.027    2.634    4.274
    5.867    7.362    8.707    9.858   10.822   11.596   12.184   12.579
   12.818   12.915   12.883   12.702   12.393   11.993   11.391
CT1996:105           -7.910   -7.582   -7.230   -6.862   -6.461   -5.976
   -5.374   -4.610   -3.648   -2.447   -1.043    0.522    2.190    3.890
    5.537    7.074    8.446    9.608   10.570   11.332   11.903   12.281
   12.508   12.602   12.580   12.422   12.145   11.780   11.212
CT1996:100           -7.993   -7.702   -7.401   -7.085   -6.736   -6.292
   -5.716   -4.963   -3.995   -2.772   -1.336    0.265    1.965    3.689
    5.348    6.885    8.245    9.385   10.320   11.054   11.598   11.957
   12.175   12.272   12.266   12.140   11.906   11.587   11.068
CT1996:095           -8.209   -7.908   -7.608   -7.295   -6.949   -6.499
   -5.908   -5.131   -4.132   -2.877   -1.415    0.201    1.902    3.610
    5.239    6.735    8.046    9.136   10.024   10.717   11.229   11.568
   11.778   11.882   11.894   11.801   11.607   11.332   10.858
CT1996:090           -8.222   -7.926   -7.625   -7.308   -6.949   -6.474
   -5.851   -5.037   -4.004   -2.725   -1.257    0.343    2.008    3.658
    5.213    6.629    7.860    8.878    9.704   10.350   10.830   11.155
   11.367   11.485   11.524   11.470   11.323   11.099   10.679
CT1996:085           -8.187   -7.877   -7.551   -7.202   -6.802   -6.277
   -5.601   -4.738   -3.668   -2.377   -0.923    0.634    2.227    3.784
    5.233    6.540    7.669    8.599    9.356    9.952   10.403   10.719
   10.938   11.076   11.147   11.133   11.032   10.857   10.490
CT1996:080           -8.126   -7.785   -7.412   -7.008   -6.542   -5.947
   -5.204   -4.287   -3.184   -1.893   -0.474    1.015    2.513    3.951
    5.272    6.452    7.466    8.301    8.985    9.531    9.955   10.267
   10.497   10.659   10.762   10.790   10.735   10.608   10.294
CT1996:075           -7.740   -7.404   -7.002   -6.555   -6.032   -5.372
   -4.571   -3.612   -2.494   -1.224    0.138    1.537    2.917    4.220
    5.400    6.445    7.337    8.074    8.684    9.182    9.582    9.893
   10.139   10.330   10.472   10.547   10.547   10.482   10.241
CT1996:070           -7.608   -7.212   -6.726   -6.189   -5.566   -4.812
   -3.932   -2.919   -1.780   -0.531    0.771    2.077    3.339    4.506
    5.548    6.458    7.231    7.868    8.399    8.841    9.208    9.507
    9.756    9.962   10.126   10.231   10.266   10.239   10.045
CT1996:065           -7.265   -6.830   -6.271   -5.649   -4.932   -4.089
   -3.135   -2.075   -0.921    0.300    1.538    2.750    3.896    4.932
    5.839    6.620    7.275    7.812    8.263    8.644    8.971    9.251
    9.498    9.714    9.899   10.037   10.115   10.140   10.019
CT1996:060           -7.071   -6.557   -5.892   -5.156   -4.320   -3.368
   -2.326   -1.204   -0.025    1.180    2.366    3.496    4.537    5.454
    6.236    6.893    7.431    7.864    8.224    8.530    8.799    9.038
    9.258    9.459    9.639    9.782    9.875    9.922    9.840
CT1996:055           -7.120   -6.470   -5.656   -4.769   -3.783   -2.695
   -1.540   -0.335    0.891    2.101    3.256    4.323    5.278    6.089
    6.757    7.298    7.721    8.046    8.308    8.528    8.722    8.903
    9.078    9.246    9.405    9.540    9.639    9.700    9.656
CT1996:050           -6.887   -6.151   -5.222   -4.213   -3.098   -1.890
   -0.629    0.656    1.934    3.157    4.291    5.306    6.183    6.896
    7.452    7.875    8.181    8.392    8.547    8.669    8.777    8.883
    8.996    9.114    9.236    9.351    9.444    9.513    9.500
CT1996:045           -7.067   -6.166   -5.067   -3.887   -2.604   -1.241
    0.155    1.551    2.908    4.173    5.311    6.296    7.113    7.739
    8.191    8.502    8.691    8.787    8.831    8.848    8.858    8.878
    8.913    8.966    9.035    9.115    9.189    9.250    9.256
CT1996:040           -6.831   -5.850   -4.645   -3.351   -1.946   -0.463
    1.044    2.535    3.962    5.264    6.406    7.362    8.121    8.661
    9.011    9.209    9.281    9.263    9.197    9.110    9.023    8.954
    8.911    8.898    8.913    8.960    9.020    9.081    9.116
CT1996:035           -6.893   -5.789   -4.450   -3.020   -1.479    0.135
    1.760    3.351    4.856    6.203    7.357    8.293    9.001    9.464
    9.718    9.811    9.775    9.650    9.482    9.298    9.118    8.962
    8.840    8.756    8.712    8.717    8.751    8.797    8.840
CT1996:030           -6.691   -5.528   -4.111   -2.597   -0.965    0.737
    2.444    4.104    5.659    7.030    8.182    9.089    9.743   10.131
   10.297   10.297   10.168    9.954    9.703    9.440    9.187    8.965
    8.783    8.648    8.564    8.546    8.575    8.627    8.703
CT1996:025           -6.745   -5.500   -3.998   -2.399   -0.686    1.089
    2.857    4.565    6.150    7.527    8.663    9.533   10.133   10.453
   10.544   10.468   10.265    9.983    9.668    9.345    9.034    8.756
    8.520    8.334    8.204    8.145    8.138    8.158    8.208
CT1996:020           -6.608   -5.335   -3.801   -2.170   -0.427    1.368
    3.146    4.850    6.418    7.762    8.854    9.670   10.211   10.471
   10.506   10.380   10.136    9.821    9.480    9.138    8.812    8.522
    8.277    8.087    7.958    7.908    7.921    7.967    8.059
CT1996:015           -6.712   -5.399   -3.836   -2.182   -0.430    1.354
    3.106    4.768    6.279    7.557    8.579    9.328    9.807   10.017
   10.014    9.863    9.606    9.289    8.951    8.615    8.297    8.015
    7.775    7.587    7.457    7.403    7.404    7.436    7.505
CT1996:010           -6.661   -5.358   -3.816   -2.192   -0.485    1.235
    2.904    4.468    5.873    7.044    7.966    8.629    9.044    9.214
    9.196    9.050    8.816    8.535    8.242    7.956    7.693    7.466
    7.282    7.149    7.073    7.070    7.122    7.205    7.329
CT1996:005           -6.668   -5.392   -3.896   -2.330   -0.701    0.915
    2.461    3.888    5.150    6.182    6.983    7.551    7.901    8.041
    8.026    7.908    7.723    7.506    7.287    7.081    6.901    6.758
    6.657    6.604    6.602    6.666    6.780    6.921    7.100
CT1997:360           -6.707   -5.477   -4.052   -2.570   -1.048    0.433
    1.826    3.087    4.179    5.055    5.722    6.188    6.474    6.593
    6.594    6.521    6.404    6.273    6.149    6.046    5.973    5.939
    5.945    5.996    6.091    6.242    6.434    6.649    6.895
