CT1991:360           -4.071   -2.623   -1.064    0.514    2.083    3.563
    4.923    6.125    7.134    7.903    8.447    8.778    8.923    8.904
    8.777    8.589    8.370    8.150    7.945    7.765    7.621    7.528
    7.490    7.513    7.593    7.726    7.865    7.986    8.005
CT1991:355           -4.294   -2.899   -1.413    0.085    1.566    2.960
    4.241    5.377    6.339    7.085    7.628    7.979    8.160    8.189
    8.115    7.981    7.817    7.650    7.495    7.362    7.262    7.207
    7.203    7.254    7.358    7.512    7.671    7.813    7.857
CT1991:350           -4.500   -3.190   -1.808   -0.421    0.945    2.227
    3.411    4.469    5.378    6.103    6.653    7.036    7.269    7.365
    7.364    7.307    7.217    7.118    7.027    6.953    6.904    6.892
    6.923    7.003    7.129    7.302    7.480    7.641    7.713
CT1991:345           -4.802   -3.582   -2.316   -1.051    0.186    1.345
    2.420    3.391    4.242    4.945    5.506    5.930    6.227    6.406
    6.499    6.538    6.544    6.535    6.526    6.525    6.537    6.574
    6.641    6.746    6.890    7.074    7.265    7.441    7.534
CT1991:340           -5.096   -3.988   -2.859   -1.739   -0.651    0.366
    1.315    2.184    2.964    3.636    4.204    4.667    5.034    5.307
    5.510    5.666    5.789    5.892    5.986    6.075    6.162    6.255
    6.363    6.495    6.656    6.851    7.053    7.244    7.364
CT1991:335           -5.388   -4.407   -3.429   -2.467   -1.543   -0.682
    0.126    0.878    1.573    2.200    2.763    3.260    3.695    4.069
    4.394    4.685    4.947    5.186    5.404    5.601    5.777    5.937
    6.091    6.253    6.432    6.638    6.854    7.063    7.215
CT1991:330           -5.738   -4.885   -4.059   -3.257   -2.500   -1.800
   -1.141   -0.516    0.081    0.651    1.198    1.720    2.220    2.697
    3.154    3.592    4.011    4.402    4.760    5.080    5.356    5.588
    5.792    5.983    6.178    6.393    6.618    6.840    7.019
CT1991:325           -6.070   -5.347   -4.675   -4.036   -3.448   -2.914
   -2.409   -1.918   -1.428   -0.926   -0.406    0.134    0.694    1.274
    1.866    2.460    3.045    3.600    4.112    4.565    4.951    5.266
    5.530    5.763    5.988    6.227    6.484    6.743    6.983
CT1991:320           -6.439   -5.841   -5.317   -4.832   -4.405   -4.031
   -3.675   -3.317   -2.935   -2.503   -2.013   -1.460   -0.844   -0.166
    0.557    1.303    2.049    2.763    3.420    3.999    4.488    4.876
    5.191    5.456    5.699    5.949    6.219    6.494    6.765
CT1991:315           -6.793   -6.311   -5.923   -5.579   -5.300   -5.070
   -4.851   -4.614   -4.330   -3.962   -3.497   -2.929   -2.259   -1.486
   -0.640    0.247    1.142    2.000    2.790    3.485    4.069    4.530
    4.901    5.208    5.486    5.770    6.081    6.407    6.753
CT1991:310           -7.144   -6.770   -6.504   -6.286   -6.135   -6.030
   -5.926   -5.790   -5.585   -5.265   -4.815   -4.227   -3.503   -2.646
   -1.694   -0.690    0.323    1.293    2.181    2.960    3.610    4.121
    4.526    4.859    5.155    5.455    5.786    6.136    6.520
CT1991:305           -7.430   -7.159   -7.001   -6.891   -6.846   -6.840
   -6.825   -6.763   -6.612   -6.319   -5.868   -5.252   -4.476   -3.545
   -2.509   -1.418   -0.320    0.723    1.674    2.503    3.193    3.733
    4.164    4.520    4.839    5.165    5.530    5.921    6.363
CT1991:300           -7.734   -7.543   -7.464   -7.432   -7.460   -7.518
   -7.556   -7.532   -7.404   -7.111   -6.642   -5.991   -5.166   -4.178
   -3.084   -1.941   -0.801    0.271    1.241    2.081    2.778    3.324
    3.762    4.129    4.463    4.812    5.206    5.631    6.120
CT1991:295           -7.919   -7.809   -7.798   -7.827   -7.905   -7.998
   -8.059   -8.045   -7.913   -7.602   -7.104   -6.417   -5.555   -4.534
   -3.415   -2.258   -1.118   -0.059    0.891    1.707    2.380    2.910
    3.341    3.711    4.058    4.431    4.857    5.320    5.856
CT1991:290           -8.156   -8.091   -8.110   -8.160   -8.247   -8.335
   -8.380   -8.341   -8.176   -7.829   -7.296   -6.578   -5.694   -4.664
   -3.553   -2.420   -1.318   -0.307    0.589    1.353    1.983    2.483
    2.900    3.271    3.634    4.039    4.507    5.017    5.610
CT1991:285           -8.269   -8.250   -8.286   -8.342   -8.417   -8.475
   -8.481   -8.395   -8.183   -7.795   -7.231   -6.499   -5.619   -4.615
   -3.550   -2.477   -1.449   -0.518    0.300    0.993    1.564    2.026
    2.424    2.797    3.181    3.624    4.139    4.702    5.354
CT1991:280           -8.430   -8.422   -8.440   -8.464   -8.490   -8.485
   -8.420   -8.266   -7.992   -7.560   -6.976   -6.249   -5.401   -4.457
   -3.473   -2.496   -1.572   -0.743   -0.021    0.591    1.100    1.524
    1.909    2.292    2.705    3.196    3.770    4.395    5.112
CT1991:275           -8.515   -8.511   -8.496   -8.472   -8.431   -8.343
   -8.192   -7.957   -7.618   -7.149   -6.560   -5.864   -5.081   -4.233
   -3.368   -2.520   -1.727   -1.020   -0.404    0.122    0.571    0.966
    1.348    1.754    2.210    2.764    3.407    4.106    4.897
CT1991:270           -8.608   -8.586   -8.515   -8.419   -8.287   -8.096
   -7.843   -7.517   -7.111   -6.612   -6.035   -5.394   -4.705   -3.988
   -3.274   -2.586   -1.948   -1.380   -0.879   -0.439   -0.044    0.333
    0.728    1.170    1.684    2.310    3.031    3.808    4.671
CT1991:265           -8.689   -8.637   -8.496   -8.314   -8.076   -7.769
   -7.405   -6.985   -6.512   -5.992   -5.443   -4.877   -4.309   -3.751
   -3.219   -2.718   -2.258   -1.843   -1.464   -1.109   -0.760   -0.388
    0.033    0.527    1.110    1.816    2.616    3.468    4.392
CT1991:260           -8.732   -8.643   -8.425   -8.150   -7.800   -7.372
   -6.895   -6.379   -5.843   -5.310   -4.799   -4.326   -3.898   -3.522
   -3.193   -2.899   -2.633   -2.381   -2.125   -1.849   -1.534   -1.149
   -0.680   -0.113    0.559    1.363    2.256    3.197    4.194
CT1991:255           -8.789   -8.657   -8.355   -7.983   -7.517   -6.968
   -6.377   -5.769   -5.175   -4.636   -4.174   -3.804   -3.528   -3.348
   -3.237   -3.165   -3.105   -3.023   -2.896   -2.699   -2.413   -2.010
   -1.490   -0.850   -0.095    0.787    1.744    2.736    3.749
CT1991:250           -8.806   -8.632   -8.251   -7.785   -7.210   -6.547
   -5.851   -5.159   -4.516   -3.976   -3.567   -3.304   -3.183   -3.198
   -3.304   -3.451   -3.592   -3.672   -3.660   -3.526   -3.249   -2.805
   -2.209   -1.470   -0.607    0.382    1.435    2.514    3.592
CT1991:245           -8.836   -8.621   -8.167   -7.616   -6.942   -6.178
   -5.390   -4.628   -3.946   -3.416   -3.064   -2.907   -2.936   -3.139
   -3.451   -3.805   -4.133   -4.364   -4.457   -4.378   -4.107   -3.622
   -2.957   -2.135   -1.185   -0.121    0.987    2.105    3.183
CT1991:240           -8.848   -8.600   -8.084   -7.461   -6.705   -5.859
   -5.000   -4.185   -3.480   -2.966   -2.672   -2.613   -2.777   -3.143
   -3.631   -4.157   -4.640   -4.988   -5.156   -5.107   -4.822   -4.281
   -3.536   -2.619   -1.571   -0.416    0.770    1.955    3.079
CT1991:235           -8.876   -8.599   -8.035   -7.356   -6.539   -5.635
   -4.729   -3.885   -3.173   -2.686   -2.450   -2.478   -2.753   -3.249
   -3.872   -4.527   -5.120   -5.547   -5.761   -5.721   -5.412   -4.819
   -4.003   -3.009   -1.884   -0.662    0.579    1.809    2.957
CT1991:230           -8.902   -8.609   -8.014   -7.302   -6.449   -5.515
   -4.589   -3.741   -3.043   -2.592   -2.411   -2.509   -2.866   -3.449
   -4.156   -4.884   -5.532   -5.992   -6.214   -6.161   -5.818   -5.175
   -4.303   -3.249   -2.067   -0.795    0.484    1.748    2.916
CT1991:225           -8.881   -8.591   -7.991   -7.273   -6.415   -5.483
   -4.569   -3.743   -3.079   -2.672   -2.541   -2.690   -3.095   -3.716
   -4.449   -5.189   -5.833   -6.273   -6.465   -6.372   -5.983   -5.292
   -4.370   -3.268   -2.040   -0.725    0.598    1.906    3.122
CT1991:220           -8.933   -8.648   -8.055   -7.347   -6.505   -5.600
   -4.721   -3.938   -3.321   -2.961   -2.871   -3.049   -3.465   -4.078
   -4.783   -5.479   -6.068   -6.448   -6.581   -6.435   -6.002   -5.279
   -4.337   -3.224   -1.992   -0.679    0.638    1.939    3.147
CT1991:215           -8.965   -8.700   -8.135   -7.459   -6.658   -5.804
   -4.983   -4.261   -3.703   -3.390   -3.328   -3.511   -3.906   -4.466
   -5.094   -5.697   -6.184   -6.464   -6.507   -6.287   -5.801   -5.046
   -4.087   -2.970   -1.739   -0.428    0.894    2.204    3.437
CT1991:210           -9.036   -8.796   -8.272   -7.644   -6.902   -6.118
   -5.370   -4.719   -4.223   -3.952   -3.906   -4.073   -4.419   -4.896
   -5.414   -5.892   -6.249   -6.408   -6.348   -6.050   -5.515   -4.740
   -3.787   -2.692   -1.496   -0.226    1.056    2.327    3.528
CT1991:205           -9.195   -8.973   -8.489   -7.913   -7.235   -6.526
   -5.854   -5.275   -4.836   -4.596   -4.550   -4.682   -4.957   -5.328
   -5.715   -6.049   -6.261   -6.286   -6.113   -5.730   -5.139   -4.344
   -3.396   -2.326   -1.169    0.056    1.294    2.524    3.695
CT1991:200           -9.273   -9.090   -8.668   -8.161   -7.565   -6.943
   -6.356   -5.849   -5.464   -5.247   -5.188   -5.273   -5.468   -5.726
   -5.979   -6.168   -6.235   -6.128   -5.842   -5.373   -4.726   -3.909
   -2.965   -1.923   -0.808    0.363    1.544    2.719    3.840
CT1991:195           -9.424   -9.267   -8.897   -8.453   -7.933   -7.391
   -6.879   -6.434   -6.089   -5.879   -5.795   -5.822   -5.929   -6.074
   -6.197   -6.251   -6.183   -5.952   -5.560   -5.005   -4.299   -3.452
   -2.505   -1.481   -0.402    0.720    1.849    2.972    4.047
CT1991:190           -9.491   -9.377   -9.072   -8.701   -8.263   -7.801
   -7.360   -6.969   -6.653   -6.440   -6.323   -6.287   -6.307   -6.345
   -6.352   -6.286   -6.101   -5.764   -5.278   -4.648   -3.887   -3.010
   -2.055   -1.045    0.002    1.075    2.148    3.213    4.231
CT1991:185           -9.767   -9.647   -9.368   -9.035   -8.647   -8.238
   -7.842   -7.480   -7.171   -6.935   -6.768   -6.659   -6.588   -6.524
   -6.424   -6.251   -5.966   -5.538   -4.973   -4.277   -3.465   -2.556
   -1.588   -0.583    0.444    1.483    2.515    3.537    4.516
CT1991:180           -9.805   -9.722   -9.496   -9.221   -8.894   -8.542
   -8.190   -7.854   -7.546   -7.282   -7.062   -6.880   -6.721   -6.561
   -6.365   -6.102   -5.737   -5.241   -4.620   -3.879   -3.035   -2.109
   -1.138   -0.143    0.859    1.856    2.838    3.804    4.725
CT1991:175          -10.141  -10.024   -9.793   -9.524   -9.213   -8.877
   -8.534   -8.191   -7.859   -7.545   -7.255   -6.985   -6.729   -6.468
   -6.177   -5.829   -5.394   -4.845   -4.186   -3.421   -2.564   -1.636
   -0.672    0.307    1.284    2.245    3.186    4.109    4.986
CT1991:170          -10.141  -10.046   -9.844   -9.605   -9.324   -9.011
   -8.678   -8.329   -7.969   -7.605   -7.241   -6.883   -6.528   -6.166
   -5.782   -5.357   -4.865   -4.283   -3.610   -2.848   -2.007   -1.104
   -0.170    0.773    1.710    2.626    3.516    4.386    5.207
CT1991:165          -10.193  -10.095   -9.898   -9.664   -9.387   -9.071
   -8.725   -8.349   -7.944   -7.513   -7.065   -6.607   -6.143   -5.672
   -5.192   -4.689   -4.146   -3.544   -2.878   -2.144   -1.346   -0.494
    0.388    1.280    2.168    3.038    3.885    4.712    5.494
CT1991:160          -10.152  -10.056   -9.859   -9.622   -9.337   -9.004
   -8.630   -8.214   -7.753   -7.245   -6.704   -6.138   -5.559   -4.977
   -4.398   -3.821   -3.236   -2.630   -1.993   -1.313   -0.589    0.180
    0.979    1.794    2.612    3.422    4.212    4.986    5.717
CT1991:155          -10.093   -9.989   -9.777   -9.522   -9.211   -8.842
   -8.422   -7.947   -7.415   -6.819   -6.175   -5.496   -4.799   -4.104
   -3.429   -2.782   -2.164   -1.569   -0.979   -0.378    0.247    0.907
    1.600    2.318    3.053    3.795    4.527    5.247    5.929
CT1991:150          -10.008   -9.887   -9.648   -9.360   -9.007   -8.584
   -8.101   -7.553   -6.936   -6.242   -5.490   -4.695   -3.881   -3.078
   -2.315   -1.608   -0.970   -0.400    0.128    0.634    1.142    1.676
    2.246    2.855    3.497    4.166    4.839    5.508    6.144
CT1991:145          -10.036   -9.868   -9.575   -9.228   -8.810   -8.311
   -7.746   -7.107   -6.391   -5.592   -4.727   -3.819   -2.897   -1.997
   -1.160   -0.411    0.232    0.763    1.213    1.610    1.987    2.381
    2.815    3.299    3.832    4.414    5.010    5.607    6.170
CT1991:140           -9.918   -9.718   -9.379   -8.980   -8.498   -7.924
   -7.275   -6.545   -5.732   -4.831   -3.864   -2.856   -1.841   -0.864
    0.026    0.802    1.436    1.920    2.291    2.582    2.836    3.100
    3.410    3.784    4.226    4.740    5.286    5.840    6.366
CT1991:135           -9.717   -9.496   -9.119   -8.673   -8.133   -7.488
   -6.759   -5.944   -5.043   -4.053   -3.001   -1.914   -0.832    0.196
    1.115    1.896    2.507    2.937    3.229    3.420    3.560    3.705
    3.902    4.174    4.530    4.979    5.471    5.975    6.451
CT1991:130           -9.582   -9.320   -8.892   -8.388   -7.782   -7.065
   -6.260   -5.366   -4.387   -3.324   -2.206   -1.066    0.059    1.112
    2.038    2.810    3.391    3.770    3.995    4.107    4.158    4.214
    4.326    4.525    4.822    5.228    5.690    6.168    6.619
CT1991:125           -9.139   -8.892   -8.455   -7.934   -7.299   -6.541
   -5.691   -4.751   -3.727   -2.626   -1.479   -0.319    0.813    1.861
    2.772    3.518    4.064    4.402    4.578    4.636    4.632    4.635
    4.700    4.862    5.134    5.531    5.993    6.476    6.935
CT1991:120           -8.992   -8.702   -8.219   -7.651   -6.967   -6.164
   -5.271   -4.294   -3.242   -2.124   -0.973    0.179    1.293    2.314
    3.193    3.905    4.418    4.724    4.870    4.899    4.869    4.847
    4.892    5.039    5.301    5.694    6.152    6.630    7.075
CT1991:115           -8.689   -8.381   -7.876   -7.285   -6.580   -5.758
   -4.852   -3.870   -2.824   -1.725   -0.603    0.509    1.577    2.550
    3.384    4.058    4.543    4.833    4.975    5.010    4.992    4.991
    5.062    5.239    5.535    5.967    6.467    6.986    7.469
CT1991:110           -8.531   -8.181   -7.641   -7.020   -6.292   -5.459
   -4.554   -3.586   -2.567   -1.510   -0.443    0.607    1.608    2.515
    3.293    3.924    4.383    4.667    4.819    4.878    4.895    4.936
    5.050    5.269    5.604    6.066    6.586    7.117    7.592
CT1991:105           -8.368   -7.975   -7.404   -6.760   -6.020   -5.191
   -4.303   -3.368   -2.395   -1.401   -0.407    0.562    1.482    2.314
    3.030    3.616    4.056    4.345    4.525    4.631    4.710    4.821
    5.008    5.298    5.697    6.213    6.775    7.340    7.831
CT1991:100           -8.200   -7.765   -7.168   -6.506   -5.763   -4.948
   -4.091   -3.200   -2.289   -1.369   -0.460    0.420    1.251    2.002
    2.651    3.192    3.611    3.910    4.124    4.287    4.439    4.632
    4.901    5.267    5.732    6.296    6.888    7.471    7.953
CT1991:095           -8.043   -7.565   -6.942   -6.263   -5.518   -4.721
   -3.897   -3.056   -2.208   -1.365   -0.541    0.250    0.992    1.663
    2.247    2.742    3.141    3.450    3.701    3.923    4.150    4.428
    4.781    5.223    5.750    6.354    6.966    7.554    8.012
CT1991:090           -7.863   -7.342   -6.693   -5.997   -5.250   -4.470
   -3.677   -2.881   -2.091   -1.317   -0.570    0.140    0.802    1.400
    1.924    2.377    2.758    3.077    3.362    3.640    3.941    4.300
    4.734    5.247    5.833    6.475    7.107    7.702    8.143
CT1991:085           -7.654   -7.093   -6.417   -5.703   -4.949   -4.178
   -3.406   -2.644   -1.898   -1.180   -0.495    0.150    0.747    1.283
    1.757    2.173    2.537    2.861    3.173    3.496    3.855    4.279
    4.776    5.345    5.974    6.641    7.282    7.877    8.299
CT1991:080           -7.464   -6.854   -6.143   -5.399   -4.625   -3.847
   -3.078   -2.329   -1.606   -0.920   -0.274    0.327    0.878    1.369
    1.804    2.189    2.536    2.859    3.184    3.534    3.928    4.391
    4.924    5.521    6.169    6.839    7.471    8.050    8.442
CT1991:075           -7.220   -6.569   -5.819   -5.040   -4.237   -3.436
   -2.651   -1.892   -1.167   -0.488    0.144    0.724    1.249    1.712
    2.119    2.481    2.809    3.122    3.444    3.797    4.199    4.671
    5.208    5.805    6.443    7.096    7.704    8.255    8.615
CT1991:070           -7.021   -6.314   -5.512   -4.682   -3.829   -2.981
   -2.152   -1.354   -0.597    0.107    0.753    1.337    1.858    2.310
    2.699    3.040    3.347    3.639    3.940    4.272    4.652    5.097
    5.606    6.168    6.769    7.380    7.945    8.453    8.769
CT1991:065           -6.866   -6.094   -5.225   -4.328   -3.405   -2.486
   -1.587   -0.720    0.100    0.856    1.542    2.153    2.686    3.136
    3.512    3.832    4.109    4.364    4.623    4.906    5.230    5.614
    6.054    6.544    7.068    7.600    8.084    8.511    8.744
CT1991:060           -6.665   -5.832   -4.895   -3.924   -2.922   -1.916
   -0.926    0.032    0.939    1.770    2.517    3.170    3.728    4.182
    4.547    4.842    5.082    5.291    5.494    5.713    5.966    6.271
    6.629    7.036    7.479    7.935    8.351    8.714    8.895
CT1991:055           -6.506   -5.604   -4.588   -3.532   -2.437   -1.326
   -0.225    0.844    1.858    2.782    3.603    4.308    4.895    5.353
    5.701    5.963    6.157    6.308    6.444    6.587    6.756    6.970
    7.234    7.547    7.900    8.272    8.615    8.912    9.044
CT1991:050           -6.317   -5.353   -4.262   -3.123   -1.932   -0.713
    0.504    1.692    2.820    3.844    4.742    5.500    6.111    6.565
    6.885    7.104    7.241    7.325    7.387    7.449    7.531    7.653
    7.822    8.040    8.300    8.590    8.859    9.091    9.173
CT1991:045           -6.078   -5.062   -3.902   -2.687   -1.406   -0.082
    1.247    2.551    3.790    4.909    5.880    6.682    7.309    7.750
    8.035    8.203    8.280    8.299    8.294    8.288    8.300    8.351
    8.450    8.602    8.804    9.050    9.293    9.511    9.613
CT1991:040           -5.916   -4.845   -3.617   -2.326   -0.959    0.462
    1.895    3.303    4.640    5.840    6.869    7.702    8.332    8.746
    8.984    9.093    9.106    9.058    8.988    8.917    8.865    8.850
    8.881    8.965    9.100    9.284    9.472    9.641    9.704
CT1991:035           -5.745   -4.630   -3.345   -1.993   -0.556    0.941
    2.454    3.942    5.351    6.608    7.674    8.519    9.137    9.516
    9.705    9.756    9.710    9.607    9.486    9.370    9.274    9.217
    9.206    9.247    9.341    9.486    9.639    9.777    9.821
CT1991:030           -5.623   -4.468   -3.136   -1.734   -0.244    1.308
    2.874    4.409    5.860    7.144    8.220    9.059    9.654    9.996
   10.137   10.139   10.046    9.903    9.750    9.607    9.489    9.412
    9.381    9.402    9.474    9.596    9.727    9.844    9.868
CT1991:025           -5.582   -4.392   -3.024   -1.586   -0.064    1.515
    3.101    4.650    6.106    7.384    8.445    9.258    9.819   10.121
   10.221   10.185   10.057    9.888    9.713    9.553    9.420    9.328
    9.278    9.274    9.312    9.387    9.456    9.499    9.424
CT1991:020           -5.516   -4.306   -2.920   -1.468    0.062    1.636
    3.208    4.734    6.157    7.398    8.420    9.195    9.720    9.993
   10.070   10.018    9.883    9.714    9.546    9.400    9.286    9.215
    9.188    9.207    9.266    9.357    9.438    9.489    9.415
CT1991:015           -5.461   -4.251   -2.870   -1.427    0.083    1.623
    3.148    4.616    5.975    7.152    8.113    8.837    9.324    9.573
    9.639    9.586    9.458    9.302    9.152    9.025    8.932    8.884
    8.878    8.914    8.983    9.070    9.130    9.149    9.015
CT1991:010           -5.461   -4.254   -2.887   -1.466    0.011    1.498
    2.956    4.344    5.619    6.714    7.606    8.277    8.731    8.968
    9.041    9.007    8.907    8.785    8.672    8.586    8.537    8.535
    8.579    8.664    8.781    8.911    9.008    9.057    8.943
CT1991:005           -5.332   -4.171   -2.854   -1.488   -0.077    1.330
    2.696    3.984    5.157    6.157    6.970    7.585    8.006    8.237
    8.325    8.320    8.260    8.182    8.116    8.078    8.080    8.134
    8.235    8.379    8.554    8.736    8.879    8.970    8.889
CT1992:360           -5.398   -4.264   -2.988   -1.671   -0.322    1.006
    2.281    3.472    4.545    5.455    6.194    6.758    7.153    7.384
    7.493    7.524    7.508    7.481    7.468    7.485    7.543    7.655
    7.816    8.019    8.252    8.488    8.677    8.810    8.761
