CT2018:360           -7.135   -6.900   -6.628   -6.357   -6.110   -5.913
   -5.757   -5.633   -5.526   -5.415   -5.278   -5.102   -4.875   -4.584
   -4.233   -3.829   -3.372   -2.866   -2.318   -1.727   -1.091   -0.404
    0.334    1.121    1.954    2.833    3.723    4.607    5.429
CT2018:355           -7.082   -6.860   -6.600   -6.344   -6.116   -5.947
   -5.827   -5.749   -5.701   -5.664   -5.616   -5.538   -5.416   -5.231
   -4.979   -4.659   -4.263   -3.788   -3.241   -2.622   -1.930   -1.163
   -0.332    0.556    1.492    2.469    3.449    4.413    5.298
CT2018:350           -7.076   -6.850   -6.591   -6.338   -6.120   -5.970
   -5.880   -5.844   -5.852   -5.886   -5.922   -5.938   -5.917   -5.834
   -5.676   -5.436   -5.099   -4.654   -4.110   -3.466   -2.725   -1.886
   -0.969    0.013    1.045    2.113    3.175    4.215    5.156
CT2018:345           -7.058   -6.826   -6.563   -6.309   -6.096   -5.961
   -5.895   -5.897   -5.954   -6.054   -6.167   -6.271   -6.344   -6.354
   -6.283   -6.117   -5.835   -5.421   -4.883   -4.221   -3.440   -2.541
   -1.550   -0.487    0.630    1.780    2.915    4.021    5.010
CT2018:340           -7.027   -6.783   -6.511   -6.251   -6.036   -5.907
   -5.858   -5.888   -5.986   -6.140   -6.320   -6.500   -6.654   -6.747
   -6.753   -6.654   -6.424   -6.041   -5.514   -4.842   -4.032   -3.085
   -2.035   -0.904    0.284    1.504    2.703    3.868    4.901
CT2018:335           -7.002   -6.741   -6.452   -6.178   -5.952   -5.821
   -5.777   -5.822   -5.947   -6.141   -6.371   -6.611   -6.830   -6.992
   -7.063   -7.023   -6.840   -6.488   -5.978   -5.306   -4.480   -3.502
   -2.409   -1.227    0.016    1.292    2.545    3.760    4.833
CT2018:330           -6.949   -6.670   -6.364   -6.071   -5.829   -5.686
   -5.638   -5.686   -5.823   -6.040   -6.304   -6.585   -6.852   -7.065
   -7.189   -7.199   -7.059   -6.741   -6.254   -5.594   -4.768   -3.777
   -2.663   -1.452   -0.175    1.137    2.424    3.671    4.769
CT2018:325           -6.868   -6.571   -6.244   -5.931   -5.667   -5.506
   -5.442   -5.480   -5.614   -5.837   -6.114   -6.416   -6.712   -6.960
   -7.120   -7.168   -7.065   -6.780   -6.320   -5.681   -4.867   -3.880
   -2.760   -1.537   -0.242    1.094    2.408    3.683    4.811
CT2018:320           -6.799   -6.481   -6.128   -5.787   -5.496   -5.306
   -5.216   -5.231   -5.347   -5.558   -5.830   -6.134   -6.439   -6.703
   -6.885   -6.959   -6.887   -6.634   -6.206   -5.598   -4.812   -3.848
   -2.748   -1.538   -0.252    1.081    2.393    3.669    4.800
CT2018:315           -6.724   -6.383   -6.003   -5.633   -5.309   -5.087
   -4.963   -4.945   -5.030   -5.215   -5.465   -5.754   -6.049   -6.310
   -6.499   -6.586   -6.534   -6.308   -5.913   -5.341   -4.594   -3.669
   -2.605   -1.428   -0.171    1.139    2.434    3.695    4.819
CT2018:310           -6.647   -6.281   -5.873   -5.472   -5.115   -4.855
   -4.693   -4.636   -4.682   -4.828   -5.044   -5.301   -5.570   -5.812
   -5.990   -6.075   -6.032   -5.827   -5.462   -4.929   -4.228   -3.353
   -2.341   -1.215   -0.005    1.263    2.524    3.755    4.860
CT2018:305           -6.555   -6.169   -5.735   -5.307   -4.917   -4.622
   -4.420   -4.321   -4.323   -4.424   -4.595   -4.809   -5.038   -5.246
   -5.398   -5.468   -5.421   -5.229   -4.890   -4.396   -3.746   -2.932
   -1.985   -0.925    0.220    1.429    2.637    3.822    4.891
CT2018:300           -6.474   -6.066   -5.606   -5.150   -4.730   -4.399
   -4.158   -4.016   -3.971   -4.022   -4.140   -4.300   -4.476   -4.636
   -4.748   -4.787   -4.725   -4.534   -4.214   -3.757   -3.158   -2.408
   -1.533   -0.549    0.522    1.662    2.811    3.943    4.975
CT2018:295           -6.320   -5.904   -5.432   -4.960   -4.520   -4.163
   -3.891   -3.711   -3.622   -3.623   -3.685   -3.785   -3.900   -4.001
   -4.061   -4.058   -3.969   -3.771   -3.463   -3.038   -2.489   -1.804
   -1.004   -0.100    0.892    1.959    3.045    4.121    5.117
CT2018:290           -6.240   -5.805   -5.313   -4.821   -4.358   -3.975
   -3.672   -3.455   -3.322   -3.269   -3.270   -3.303   -3.349   -3.381
   -3.378   -3.325   -3.201   -2.990   -2.690   -2.293   -1.793   -1.175
   -0.453    0.367    1.273    2.260    3.274    4.285    5.234
CT2018:285           -6.107   -5.664   -5.163   -4.661   -4.187   -3.787
   -3.462   -3.215   -3.041   -2.937   -2.876   -2.840   -2.811   -2.769
   -2.699   -2.589   -2.425   -2.196   -1.900   -1.528   -1.072   -0.517
    0.131    0.872    1.698    2.609    3.557    4.510    5.418
CT2018:280           -6.027   -5.570   -5.057   -4.543   -4.057   -3.642
   -3.296   -3.021   -2.809   -2.653   -2.529   -2.422   -2.316   -2.199
   -2.059   -1.891   -1.687   -1.439   -1.146   -0.797   -0.385    0.110
    0.688    1.351    2.097    2.931    3.809    4.697    5.555
CT2018:275           -5.932   -5.464   -4.944   -4.424   -3.932   -3.508
   -3.148   -2.849   -2.604   -2.399   -2.215   -2.038   -1.858   -1.666
   -1.459   -1.236   -0.993   -0.728   -0.436   -0.108    0.267    0.709
    1.225    1.822    2.500    3.269    4.087    4.922    5.739
CT2018:270           -5.855   -5.375   -4.847   -4.322   -3.825   -3.395
   -3.023   -2.704   -2.428   -2.179   -1.939   -1.698   -1.449   -1.189
   -0.922   -0.649   -0.374   -0.094    0.195    0.504    0.846    1.243
    1.706    2.244    2.860    3.569    4.330    5.111    5.882
CT2018:265           -5.805   -5.310   -4.773   -4.241   -3.740   -3.304
   -2.922   -2.585   -2.282   -1.994   -1.706   -1.409   -1.101   -0.784
   -0.466   -0.154    0.147    0.437    0.722    1.014    1.328    1.688
    2.106    2.595    3.160    3.816    4.524    5.251    5.972
CT2018:260           -5.728   -5.221   -4.679   -4.143   -3.640   -3.200
   -2.810   -2.459   -2.134   -1.815   -1.488   -1.148   -0.794   -0.434
   -0.078    0.263    0.583    0.880    1.163    1.445    1.740    2.075
    2.464    2.921    3.451    4.070    4.739    5.428    6.111
CT2018:255           -5.677   -5.156   -4.606   -4.063   -3.555   -3.109
   -2.709   -2.346   -2.003   -1.661   -1.307   -0.938   -0.555   -0.168
    0.210    0.567    0.897    1.196    1.476    1.748    2.029    2.345
    2.712    3.141    3.639    4.219    4.844    5.483    6.107
CT2018:250           -5.599   -5.066   -4.507   -3.958   -3.443   -2.989
   -2.580   -2.205   -1.847   -1.490   -1.121   -0.737   -0.342    0.056
    0.441    0.805    1.138    1.439    1.719    1.991    2.271    2.584
    2.945    3.367    3.854    4.418    5.023    5.640    6.234
CT2018:245           -5.463   -4.928   -4.367   -3.815   -3.295   -2.834
   -2.416   -2.032   -1.666   -1.302   -0.930   -0.547   -0.155    0.236
    0.614    0.971    1.300    1.598    1.878    2.151    2.434    2.749
    3.110    3.529    4.009    4.559    5.141    5.730    6.284
CT2018:240           -5.385   -4.835   -4.259   -3.692   -3.156   -2.678
   -2.243   -1.843   -1.466   -1.098   -0.728   -0.354    0.022    0.395
    0.756    1.097    1.415    1.709    1.990    2.269    2.560    2.885
    3.255    3.682    4.165    4.712    5.287    5.863    6.395
CT2018:235           -5.323   -4.753   -4.158   -3.570   -3.012   -2.510
   -2.052   -1.632   -1.241   -0.869   -0.506   -0.147    0.206    0.552
    0.884    1.201    1.500    1.783    2.060    2.340    2.637    2.968
    3.344    3.773    4.254    4.790    5.346    5.897    6.388
CT2018:230           -5.246   -4.656   -4.038   -3.426   -2.840   -2.309
   -1.822   -1.378   -0.969   -0.590   -0.232    0.109    0.437    0.751
    1.050    1.338    1.614    1.883    2.153    2.433    2.734    3.074
    3.459    3.894    4.381    4.918    5.468    6.011    6.483
CT2018:225           -5.196   -4.579   -3.932   -3.288   -2.668   -2.099
   -1.576   -1.100   -0.667   -0.276    0.081    0.408    0.712    0.993
    1.258    1.511    1.759    2.006    2.262    2.534    2.833    3.171
    3.555    3.989    4.471    4.999    5.534    6.056    6.497
CT2018:220           -5.123   -4.483   -3.806   -3.130   -2.472   -1.863
   -1.300   -0.786   -0.324    0.083    0.444    0.764    1.047    1.300
    1.531    1.752    1.969    2.192    2.428    2.686    2.975    3.307
    3.687    4.117    4.594    5.116    5.642    6.153    6.577
CT2018:215           -4.889   -4.252   -3.563   -2.869   -2.185   -1.543
   -0.944   -0.397    0.094    0.521    0.889    1.204    1.473    1.703
    1.906    2.097    2.285    2.481    2.695    2.936    3.211    3.535
    3.910    4.340    4.820    5.347    5.882    6.404    6.843
CT2018:210           -4.820   -4.157   -3.435   -2.705   -1.980   -1.292
   -0.648   -0.057    0.471    0.925    1.311    1.631    1.896    2.110
    2.292    2.455    2.614    2.781    2.966    3.178    3.428    3.729
    4.084    4.494    4.957    5.468    5.987    6.492    6.913
CT2018:205           -4.596   -3.933   -3.197   -2.447   -1.694   -0.972
   -0.291    0.335    0.897    1.377    1.781    2.112    2.377    2.585
    2.752    2.896    3.031    3.171    3.329    3.515    3.740    4.019
    4.357    4.754    5.208    5.717    6.239    6.752    7.189
CT2018:200           -4.526   -3.837   -3.071   -2.286   -1.494   -0.731
   -0.009    0.656    1.254    1.764    2.191    2.538    2.812    3.021
    3.181    3.312    3.427    3.542    3.671    3.825    4.017    4.265
    4.571    4.939    5.367    5.851    6.351    6.842    7.260
CT2018:195           -4.434   -3.725   -2.931   -2.116   -1.292   -0.495
    0.262    0.961    1.588    2.125    2.575    2.940    3.228    3.444
    3.605    3.730    3.833    3.930    4.034    4.161    4.323    4.540
    4.816    5.156    5.557    6.020    6.501    6.975    7.382
CT2018:190           -4.362   -3.631   -2.811   -1.970   -1.117   -0.290
    0.495    1.220    1.872    2.432    2.902    3.286    3.590    3.817
    3.986    4.113    4.211    4.295    4.381    4.484    4.618    4.804
    5.048    5.357    5.728    6.163    6.618    7.069    7.456
CT2018:185           -4.279   -3.530   -2.690   -1.827   -0.952   -0.105
    0.699    1.443    2.112    2.687    3.174    3.574    3.895    4.138
    4.319    4.454    4.555    4.634    4.709    4.794    4.905    5.064
    5.279    5.558    5.900    6.307    6.737    7.163    7.530
CT2018:180           -4.205   -3.440   -2.583   -1.704   -0.814    0.047
    0.863    1.616    2.295    2.881    3.379    3.794    4.130    4.391
    4.588    4.738    4.847    4.929    5.000    5.075    5.170    5.307
    5.498    5.751    6.066    6.447    6.853    7.258    7.607
CT2018:175           -4.137   -3.357   -2.488   -1.597   -0.697    0.169
    0.988    1.743    2.424    3.014    3.519    3.944    4.295    4.571
    4.786    4.952    5.075    5.165    5.238    5.308    5.391    5.509
    5.677    5.902    6.188    6.537    6.910    7.282    7.597
CT2018:170           -4.064   -3.274   -2.397   -1.500   -0.599    0.266
    1.081    1.832    2.508    3.096    3.603    4.035    4.398    4.691
    4.926    5.111    5.252    5.356    5.438    5.510    5.590    5.700
    5.854    6.063    6.330    6.660    7.015    7.370    7.672
CT2018:165           -4.260   -3.413   -2.496   -1.567   -0.643    0.234
    1.055    1.807    2.483    3.072    3.584    4.024    4.399    4.709
    4.963    5.169    5.330    5.449    5.542    5.620    5.698    5.800
    5.939    6.129    6.372    6.674    6.999    7.321    7.587
CT2018:160           -4.191   -3.339   -2.422   -1.495   -0.578    0.287
    1.094    1.832    2.495    3.073    3.580    4.020    4.401    4.722
    4.991    5.215    5.393    5.529    5.636    5.724    5.810    5.913
    6.050    6.234    6.469    6.761    7.077    7.391    7.651
CT2018:155           -4.582   -3.642   -2.665   -1.689   -0.738    0.147
    0.966    1.710    2.375    2.955    3.465    3.911    4.301    4.635
    4.920    5.160    5.356    5.508    5.628    5.728    5.822    5.930
    6.069    6.250    6.480    6.765    7.073    7.380    7.634
CT2018:150           -4.527   -3.587   -2.614   -1.645   -0.704    0.169
    0.973    1.701    2.352    2.920    3.420    3.861    4.248    4.584
    4.872    5.119    5.322    5.484    5.616    5.727    5.831    5.947
    6.092    6.278    6.511    6.798    7.109    7.418    7.676
CT2018:145           -4.705   -3.723   -2.724   -1.735   -0.782    0.096
    0.901    1.627    2.274    2.838    3.335    3.771    4.156    4.489
    4.777    5.024    5.231    5.399    5.539    5.660    5.776    5.905
    6.063    6.262    6.509    6.811    7.139    7.466    7.746
CT2018:140           -4.675   -3.696   -2.701   -1.717   -0.772    0.097
    0.892    1.609    2.246    2.801    3.287    3.713    4.085    4.406
    4.682    4.918    5.118    5.282    5.422    5.549    5.673    5.814
    5.985    6.199    6.461    6.780    7.124    7.468    7.761
CT2018:135           -4.672   -3.692   -2.698   -1.717   -0.774    0.090
    0.880    1.591    2.221    2.767    3.242    3.654    4.010    4.311
    4.567    4.785    4.968    5.123    5.259    5.388    5.522    5.678
    5.870    6.109    6.398    6.748    7.123    7.499    7.824
CT2018:130           -4.669   -3.694   -2.703   -1.725   -0.785    0.076
    0.863    1.569    2.193    2.729    3.189    3.581    3.913    4.187
    4.413    4.603    4.762    4.899    5.026    5.153    5.295    5.467
    5.682    5.948    6.269    6.651    7.057    7.463    7.811
CT2018:125           -4.686   -3.714   -2.725   -1.748   -0.809    0.052
    0.838    1.541    2.157    2.680    3.121    3.487    3.787    4.024
    4.213    4.366    4.494    4.608    4.723    4.850    5.002    5.197
    5.443    5.747    6.109    6.534    6.981    7.424    7.804
CT2018:120           -4.712   -3.749   -2.763   -1.787   -0.847    0.014
    0.799    1.497    2.104    2.608    3.023    3.355    3.614    3.805
    3.946    4.055    4.146    4.234    4.336    4.465    4.633    4.858
    5.144    5.495    5.907    6.381    6.873    7.357    7.767
CT2018:115           -4.762   -3.806   -2.823   -1.848   -0.908   -0.046
    0.736    1.427    2.020    2.500    2.881    3.170    3.378    3.512
    3.597    3.655    3.703    3.765    3.856    3.991    4.182    4.446
    4.781    5.186    5.654    6.179    6.714    7.235    7.665
CT2018:110           -4.820   -3.875   -2.897   -1.925   -0.987   -0.127
    0.650    1.330    1.903    2.353    2.692    2.929    3.076    3.146
    3.168    3.169    3.174    3.213    3.300    3.452    3.680    3.997
    4.396    4.870    5.407    5.995    6.584    7.152    7.613
CT2018:105           -4.914   -3.979   -3.007   -2.039   -1.103   -0.248
    0.520    1.184    1.733    2.145    2.435    2.611    2.691    2.689
    2.642    2.584    2.547    2.565    2.656    2.834    3.107    3.487
    3.956    4.501    5.105    5.748    6.376    6.974    7.443
CT2018:100           -5.003   -4.086   -3.124   -2.165   -1.237   -0.393
    0.360    1.003    1.520    1.889    2.124    2.235    2.242    2.167
    2.052    1.939    1.867    1.877    1.984    2.203    2.538    2.996
    3.550    4.179    4.861    5.568    6.250    6.891    7.388
CT2018:095           -5.046   -4.160   -3.222   -2.284   -1.375   -0.550
    0.178    0.790    1.269    1.588    1.764    1.807    1.743    1.597
    1.420    1.259    1.161    1.172    1.307    1.577    1.982    2.522
    3.159    3.868    4.619    5.380    6.098    6.767    7.271
CT2018:090           -5.167   -4.306   -3.386   -2.466   -1.574   -0.771
   -0.067    0.514    0.953    1.225    1.346    1.330    1.204    1.000
    0.777    0.586    0.480    0.509    0.684    1.015    1.496    2.119
    2.839    3.624    4.440    5.249    6.004    6.701    7.223
CT2018:085           -5.222   -4.404   -3.519   -2.631   -1.769   -0.996
   -0.326    0.218    0.617    0.844    0.917    0.855    0.685    0.445
    0.198   -0.002   -0.098   -0.037    0.186    0.579    1.131    1.826
    2.612    3.453    4.313    5.152    5.924    6.633    7.158
CT2018:080           -5.371   -4.586   -3.728   -2.866   -2.030   -1.284
   -0.642   -0.129    0.239    0.437    0.484    0.400    0.216   -0.026
   -0.264   -0.443   -0.505   -0.400   -0.124    0.325    0.932    1.677
    2.505    3.378    4.260    5.109    5.886    6.598    7.125
CT2018:075           -5.578   -4.822   -3.990   -3.154   -2.342   -1.621
   -1.002   -0.510   -0.159    0.030    0.079    0.009   -0.149   -0.353
   -0.543   -0.670   -0.677   -0.521   -0.199    0.286    0.920    1.678
    2.507    3.370    4.235    5.058    5.808    6.492    6.995
CT2018:070           -5.753   -5.038   -4.241   -3.437   -2.655   -1.958
   -1.359   -0.878   -0.526   -0.320   -0.235   -0.250   -0.337   -0.457
   -0.558   -0.598   -0.531   -0.318    0.039    0.538    1.165    1.898
    2.691    3.512    4.332    5.114    5.829    6.485    6.975
CT2018:065           -5.978   -5.302   -4.539   -3.766   -3.010   -2.332
   -1.742   -1.256   -0.880   -0.624   -0.464   -0.381   -0.349   -0.339
   -0.312   -0.237   -0.081    0.185    0.559    1.040    1.618    2.280
    2.989    3.722    4.457    5.165    5.819    6.421    6.879
CT2018:060           -6.177   -5.550   -4.828   -4.092   -3.365   -2.703
   -2.114   -1.609   -1.189   -0.855   -0.586   -0.364   -0.172    0.007
    0.195    0.408    0.663    0.976    1.349    1.784    2.279    2.832
    3.423    4.039    4.668    5.288    5.876    6.426    6.862
CT2018:055           -6.368   -5.796   -5.121   -4.425   -3.730   -3.082
   -2.487   -1.952   -1.471   -1.037   -0.631   -0.242    0.138    0.513
    0.882    1.246    1.603    1.955    2.311    2.677    3.063    3.479
    3.926    4.405    4.910    5.433    5.948    6.444    6.861
CT2018:050           -6.586   -6.069   -5.442   -4.788   -4.124   -3.487
   -2.883   -2.309   -1.757   -1.211   -0.656   -0.088    0.491    1.069
    1.624    2.138    2.593    2.978    3.307    3.594    3.860    4.129
    4.425    4.758    5.135    5.558    5.999    6.438    6.833
CT2018:045           -6.788   -6.335   -5.762   -5.156   -4.528   -3.906
   -3.294   -2.684   -2.063   -1.407   -0.710    0.030    0.797    1.565
    2.292    2.945    3.491    3.906    4.211    4.425    4.581    4.718
    4.877    5.081    5.345    5.682    6.064    6.461    6.851
CT2018:040           -7.017   -6.625   -6.109   -5.554   -4.966   -4.365
   -3.751   -3.113   -2.434   -1.687   -0.868    0.016    0.941    1.867
    2.737    3.507    4.129    4.573    4.864    5.025    5.099    5.134
    5.185    5.287    5.459    5.726    6.057    6.417    6.797
CT2018:035           -7.212   -6.892   -6.442   -5.948   -5.411   -4.843
   -4.243   -3.596   -2.882   -2.072   -1.168   -0.182    0.855    1.894
    2.868    3.725    4.410    4.886    5.183    5.326    5.362    5.345
    5.340    5.387    5.510    5.743    6.053    6.404    6.798
CT2018:030           -7.438   -7.186   -6.803   -6.374   -5.896   -5.373
   -4.802   -4.167   -3.446   -2.609   -1.663   -0.625    0.472    1.573
    2.606    3.517    4.248    4.762    5.086    5.249    5.294    5.279
    5.270    5.309    5.422    5.647    5.954    6.305    6.711
CT2018:025           -7.632   -7.454   -7.148   -6.796   -6.390   -5.930
   -5.412   -4.817   -4.123   -3.299   -2.357   -1.316   -0.212    0.901
    1.952    2.886    3.651    4.208    4.586    4.807    4.913    4.957
    5.001    5.085    5.237    5.492    5.828    6.207    6.643
CT2018:020           -7.845   -7.737   -7.508   -7.235   -6.912   -6.530
   -6.086   -5.558   -4.924   -4.153   -3.258   -2.260   -1.193   -0.108
    0.927    1.863    2.652    3.261    3.711    4.024    4.233    4.383
    4.526    4.700    4.928    5.244    5.628    6.051    6.522
CT2018:015           -8.018   -7.984   -7.842   -7.659   -7.431   -7.148
   -6.803   -6.372   -5.832   -5.150   -4.341   -3.422   -2.426   -1.399
   -0.401    0.524    1.334    2.002    2.543    2.972    3.316    3.606
    3.886    4.183    4.519    4.920    5.375    5.857    6.370
CT2018:010           -8.204   -8.236   -8.177   -8.084   -7.958   -7.786
   -7.558   -7.248   -6.831   -6.270   -5.575   -4.762   -3.860   -2.904
   -1.951   -1.038   -0.201    0.535    1.180    1.744    2.241    2.694
    3.133    3.578    4.045    4.553    5.096    5.654    6.221
CT2018:005           -8.324   -8.428   -8.457   -8.463   -8.447   -8.402
   -8.311   -8.146   -7.877   -7.463   -6.908   -6.221   -5.425   -4.547
   -3.636   -2.731   -1.859   -1.046   -0.289    0.414    1.070    1.690
    2.292    2.889    3.492    4.112    4.744    5.378    5.992
CT2019:360           -8.468   -8.628   -8.734   -8.827   -8.917   -8.999
   -9.050   -9.041   -8.934   -8.683   -8.280   -7.727   -7.040   -6.235
   -5.358   -4.447   -3.528   -2.627   -1.753   -0.910   -0.097    0.687
    1.452    2.204    2.949    3.692    4.428    5.152    5.831
