CT2046:360           -7.028   -6.532   -6.016   -5.518   -5.075   -4.737
   -4.493   -4.343   -4.275   -4.272   -4.297   -4.319   -4.306   -4.220
   -4.040   -3.759   -3.366   -2.862   -2.272   -1.612   -0.897   -0.141
    0.641    1.439    2.246    3.052    3.833    4.584    5.236
CT2046:355           -7.117   -6.632   -6.132   -5.651   -5.228   -4.912
   -4.693   -4.569   -4.530   -4.556   -4.608   -4.653   -4.657   -4.577
   -4.392   -4.094   -3.673   -3.132   -2.500   -1.795   -1.037   -0.242
    0.572    1.397    2.224    3.041    3.828    4.580    5.225
CT2046:350           -7.166   -6.694   -6.207   -5.739   -5.328   -5.024
   -4.815   -4.702   -4.672   -4.707   -4.766   -4.814   -4.817   -4.731
   -4.533   -4.218   -3.775   -3.209   -2.553   -1.825   -1.046   -0.234
    0.595    1.430    2.263    3.084    3.871    4.623    5.261
CT2046:345           -7.247   -6.777   -6.290   -5.822   -5.409   -5.099
   -4.881   -4.757   -4.712   -4.729   -4.768   -4.795   -4.775   -4.666
   -4.448   -4.114   -3.657   -3.084   -2.425   -1.700   -0.929   -0.128
    0.687    1.507    2.327    3.133    3.904    4.639    5.258
CT2046:340           -7.280   -6.814   -6.326   -5.853   -5.430   -5.102
   -4.861   -4.706   -4.625   -4.600   -4.595   -4.576   -4.511   -4.364
   -4.115   -3.761   -3.298   -2.732   -2.092   -1.396   -0.659    0.105
    0.883    1.671    2.460    3.242    3.993    4.708    5.312
CT2046:335           -7.291   -6.826   -6.331   -5.846   -5.404   -5.046
   -4.766   -4.563   -4.426   -4.338   -4.265   -4.179   -4.051   -3.851
   -3.563   -3.189   -2.725   -2.181   -1.579   -0.934   -0.257    0.445
    1.165    1.899    2.643    3.387    4.107    4.796    5.380
CT2046:330           -7.309   -6.839   -6.329   -5.824   -5.351   -4.950
   -4.617   -4.351   -4.140   -3.972   -3.814   -3.645   -3.441   -3.178
   -2.847   -2.452   -1.994   -1.482   -0.933   -0.356    0.244    0.865
    1.508    2.173    2.856    3.552    4.233    4.888    5.446
CT2046:325           -7.260   -6.793   -6.270   -5.744   -5.239   -4.792
   -4.400   -4.062   -3.771   -3.513   -3.263   -3.004   -2.719   -2.390
   -2.016   -1.602   -1.153   -0.679   -0.190    0.310    0.822    1.354
    1.912    2.499    3.115    3.757    4.395    5.013    5.547
CT2046:320           -7.266   -6.786   -6.238   -5.680   -5.132   -4.628
   -4.167   -3.751   -3.373   -3.021   -2.677   -2.327   -1.961   -1.569
   -1.155   -0.725   -0.289    0.144    0.570    0.991    1.415    1.855
    2.323    2.829    3.373    3.955    4.543    5.118    5.621
CT2046:315           -7.291   -6.794   -6.216   -5.621   -5.026   -4.462
   -3.932   -3.437   -2.972   -2.529   -2.097   -1.664   -1.226   -0.780
   -0.334    0.105    0.525    0.917    1.282    1.628    1.965    2.315
    2.694    3.113    3.577    4.088    4.609    5.122    5.567
CT2046:310           -7.288   -6.774   -6.165   -5.533   -4.891   -4.269
   -3.671   -3.102   -2.558   -2.036   -1.526   -1.023   -0.526   -0.038
    0.432    0.874    1.279    1.635    1.950    2.234    2.502    2.778
    3.084    3.434    3.833    4.287    4.760    5.228    5.640
CT2046:305           -7.315   -6.778   -6.135   -5.464   -4.774   -4.094
   -3.434   -2.796   -2.183   -1.592   -1.018   -0.461    0.080    0.596
    1.078    1.519    1.907    2.232    2.506    2.740    2.952    3.168
    3.412    3.701    4.040    4.437    4.857    5.275    5.641
CT2046:300           -7.311   -6.755   -6.082   -5.375   -4.642   -3.912
   -3.198   -2.504   -1.834   -1.190   -0.570    0.026    0.594    1.126
    1.612    2.047    2.418    2.719    2.964    3.164    3.338    3.513
    3.714    3.958    4.252    4.606    4.985    5.365    5.700
CT2046:295           -7.199   -6.640   -5.951   -5.223   -4.460   -3.693
   -2.938   -2.203   -1.493   -0.813   -0.164    0.454    1.037    1.575
    2.059    2.486    2.846    3.133    3.364    3.549    3.709    3.869
    4.055    4.285    4.566    4.911    5.290    5.677    6.038
CT2046:290           -7.197   -6.621   -5.906   -5.149   -4.353   -3.551
   -2.760   -1.990   -1.249   -0.545    0.123    0.751    1.337    1.870
    2.346    2.761    3.108    3.384    3.604    3.780    3.929    4.078
    4.248    4.458    4.716    5.034    5.385    5.744    6.079
CT2046:285           -7.087   -6.511   -5.786   -5.014   -4.200   -3.376
   -2.564   -1.776   -1.019   -0.304    0.369    0.996    1.577    2.102
    2.567    2.973    3.314    3.589    3.811    3.992    4.151    4.308
    4.487    4.704    4.969    5.294    5.657    6.033    6.399
CT2046:280           -7.087   -6.496   -5.753   -4.961   -4.127   -3.284
   -2.456   -1.654   -0.889   -0.172    0.498    1.118    1.688    2.200
    2.654    3.050    3.386    3.660    3.885    4.074    4.240    4.403
    4.585    4.801    5.058    5.372    5.719    6.078    6.425
CT2046:275           -7.070   -6.468   -5.712   -4.908   -4.061   -3.208
   -2.373   -1.568   -0.805   -0.094    0.566    1.173    1.729    2.228
    2.671    3.062    3.397    3.676    3.911    4.113    4.294    4.472
    4.666    4.890    5.153    5.467    5.812    6.168    6.514
CT2046:270           -7.070   -6.458   -5.693   -4.879   -4.024   -3.168
   -2.333   -1.533   -0.779   -0.081    0.563    1.154    1.694    2.181
    2.616    3.003    3.341    3.628    3.876    4.093    4.290    4.482
    4.688    4.921    5.188    5.502    5.842    6.191    6.526
CT2046:265           -7.082   -6.461   -5.687   -4.868   -4.011   -3.157
   -2.328   -1.539   -0.799   -0.119    0.507    1.081    1.606    2.081
    2.510    2.897    3.240    3.538    3.800    4.033    4.247    4.456
    4.676    4.920    5.195    5.511    5.851    6.196    6.523
CT2046:260           -7.082   -6.456   -5.680   -4.861   -4.007   -3.161
   -2.345   -1.572   -0.850   -0.190    0.416    0.972    1.483    1.949
    2.375    2.763    3.113    3.422    3.698    3.947    4.177    4.403
    4.638    4.896    5.182    5.507    5.851    6.199    6.523
CT2046:255           -7.108   -6.475   -5.698   -4.880   -4.031   -3.196
   -2.394   -1.638   -0.936   -0.295    0.292    0.832    1.331    1.789
    2.212    2.602    2.957    3.275    3.563    3.824    4.069    4.308
    4.557    4.828    5.125    5.456    5.803    6.151    6.467
CT2046:250           -7.106   -6.473   -5.701   -4.890   -4.052   -3.231
   -2.447   -1.711   -1.029   -0.409    0.161    0.687    1.175    1.627
    2.046    2.437    2.796    3.121    3.417    3.690    3.948    4.202
    4.468    4.755    5.068    5.415    5.775    6.132    6.454
CT2046:245           -7.132   -6.496   -5.727   -4.922   -4.095   -3.290
   -2.522   -1.805   -1.142   -0.538    0.017    0.530    1.008    1.453
    1.869    2.258    2.617    2.944    3.245    3.525    3.793    4.060
    4.341    4.644    4.974    5.336    5.708    6.075    6.399
CT2046:240           -7.129   -6.496   -5.736   -4.943   -4.130   -3.343
   -2.595   -1.896   -1.252   -0.665   -0.124    0.377    0.846    1.283
    1.692    2.076    2.432    2.758    3.061    3.346    3.623    3.904
    4.202    4.525    4.877    5.261    5.652    6.037    6.374
CT2046:235           -7.130   -6.500   -5.749   -4.968   -4.171   -3.401
   -2.671   -1.991   -1.364   -0.793   -0.266    0.224    0.681    1.108
    1.508    1.883    2.231    2.553    2.855    3.144    3.430    3.725
    4.043    4.389    4.766    5.175    5.591    5.999    6.353
CT2046:230           -7.124   -6.499   -5.759   -4.991   -4.210   -3.458
   -2.747   -2.085   -1.475   -0.919   -0.407    0.068    0.512    0.926
    1.313    1.675    2.012    2.327    2.625    2.917    3.211    3.522
    3.860    4.231    4.634    5.071    5.513    5.945    6.317
CT2046:225           -7.097   -6.481   -5.754   -5.001   -4.237   -3.504
   -2.812   -2.169   -1.577   -1.039   -0.543   -0.085    0.343    0.739
    1.109    1.455    1.779    2.084    2.380    2.674    2.979    3.308
    3.670    4.070    4.506    4.976    5.452    5.916    6.316
CT2046:220           -7.086   -6.474   -5.758   -5.017   -4.269   -3.552
   -2.877   -2.252   -1.678   -1.158   -0.682   -0.243    0.163    0.538
    0.887    1.213    1.521    1.816    2.107    2.404    2.720    3.068
    3.454    3.882    4.350    4.853    5.358    5.851    6.274
CT2046:215           -7.034   -6.433   -5.731   -5.006   -4.274   -3.576
   -2.919   -2.314   -1.760   -1.261   -0.807   -0.393   -0.012    0.338
    0.661    0.965    1.255    1.539    1.826    2.129    2.457    2.827
    3.242    3.703    4.207    4.748    5.292    5.821    6.275
CT2046:210           -7.015   -6.417   -5.722   -5.007   -4.287   -3.602
   -2.961   -2.373   -1.838   -1.362   -0.933   -0.546   -0.194    0.126
    0.421    0.700    0.970    1.241    1.525    1.833    2.175    2.567
    3.009    3.503    4.041    4.617    5.193    5.753    6.231
CT2046:205           -6.999   -6.401   -5.712   -5.003   -4.292   -3.618
   -2.991   -2.419   -1.904   -1.451   -1.050   -0.693   -0.374   -0.088
    0.176    0.427    0.676    0.936    1.216    1.529    1.886    2.300
    2.770    3.295    3.867    4.476    5.082    5.669    6.167
CT2046:200           -6.970   -6.372   -5.685   -4.981   -4.277   -3.612
   -2.997   -2.440   -1.945   -1.518   -1.146   -0.822   -0.539   -0.289
   -0.059    0.164    0.392    0.640    0.918    1.238    1.610    2.048
    2.547    3.105    3.711    4.353    4.991    5.607    6.127
CT2046:195           -7.038   -6.420   -5.721   -5.007   -4.297   -3.632
   -3.021   -2.473   -1.993   -1.588   -1.244   -0.954   -0.706   -0.492
   -0.296   -0.102    0.103    0.338    0.612    0.937    1.322    1.779
    2.302    2.885    3.516    4.181    4.836    5.466    5.989
CT2046:190           -7.001   -6.378   -5.677   -4.961   -4.252   -3.590
   -2.985   -2.448   -1.985   -1.602   -1.287   -1.030   -0.819   -0.642
   -0.479   -0.315   -0.130    0.092    0.363    0.694    1.093    1.571
    2.119    2.730    3.389    4.082    4.763    5.416    5.956
CT2046:185           -7.036   -6.393   -5.676   -4.948   -4.228   -3.559
   -2.952   -2.419   -1.965   -1.600   -1.309   -1.080   -0.901   -0.756
   -0.625   -0.488   -0.325   -0.116    0.150    0.483    0.891    1.385
    1.952    2.583    3.263    3.975    4.673    5.340    5.888
CT2046:180           -6.993   -6.342   -5.617   -4.881   -4.153   -3.479
   -2.870   -2.339   -1.892   -1.540   -1.267   -1.062   -0.909   -0.793
   -0.690   -0.579   -0.437   -0.243    0.014    0.346    0.758    1.261
    1.841    2.488    3.185    3.913    4.625    5.306    5.865
CT2046:175           -6.970   -6.305   -5.566   -4.816   -4.076   -3.391
   -2.773   -2.236   -1.787   -1.439   -1.174   -0.983   -0.848   -0.753
   -0.673   -0.584   -0.464   -0.287   -0.043    0.280    0.689    1.193
    1.778    2.432    3.137    3.873    4.593    5.282    5.847
CT2046:170           -6.925   -6.247   -5.495   -4.731   -3.975   -3.276
   -2.645   -2.096   -1.639   -1.285   -1.019   -0.830   -0.703   -0.620
   -0.557   -0.488   -0.388   -0.233   -0.008    0.299    0.694    1.190
    1.769    2.419    3.122    3.859    4.580    5.269    5.836
CT2046:165           -6.851   -6.164   -5.399   -4.620   -3.849   -3.133
   -2.484   -1.918   -1.444   -1.075   -0.797   -0.600   -0.469   -0.389
   -0.335   -0.280   -0.200   -0.067    0.134    0.417    0.792    1.269
    1.834    2.472    3.166    3.897    4.615    5.303    5.874
CT2046:160           -6.806   -6.104   -5.321   -4.524   -3.732   -2.993
   -2.320   -1.729   -1.230   -0.836   -0.535   -0.319   -0.173   -0.086
   -0.032    0.013    0.076    0.185    0.358    0.610    0.953    1.400
    1.937    2.550    3.222    3.934    4.636    5.312    5.876
CT2046:155           -6.630   -5.934   -5.148   -4.345   -3.542   -2.786
   -2.093   -1.478   -0.951   -0.529   -0.199    0.045    0.214    0.317
    0.378    0.423    0.475    0.563    0.707    0.926    1.235    1.648
    2.152    2.738    3.388    4.086    4.783    5.459    6.037
CT2046:150           -6.586   -5.874   -5.069   -4.244   -3.418   -2.636
   -1.913   -1.265   -0.703   -0.243    0.125    0.406    0.608    0.738
    0.817    0.867    0.912    0.981    1.094    1.275    1.538    1.903
    2.360    2.900    3.508    4.170    4.837    5.488    6.052
CT2046:145           -6.482   -5.764   -4.948   -4.110   -3.266   -2.462
   -1.713   -1.034   -0.438    0.062    0.471    0.793    1.036    1.200
    1.303    1.368    1.413    1.466    1.551    1.691    1.905    2.214
    2.615    3.100    3.658    4.276    4.907    5.526    6.069
CT2046:140           -6.438   -5.704   -4.870   -4.012   -3.146   -2.317
   -1.539   -0.828   -0.195    0.346    0.800    1.169    1.458    1.665
    1.803    1.891    1.945    1.988    2.048    2.147    2.310    2.560
    2.899    3.324    3.826    4.397    4.988    5.575    6.098
CT2046:135           -6.448   -5.694   -4.837   -3.957   -3.067   -2.213
   -1.408   -0.666    0.003    0.584    1.084    1.502    1.841    2.095
    2.274    2.391    2.459    2.496    2.530    2.587    2.692    2.874
    3.139    3.490    3.919    4.423    4.952    5.479    5.947
CT2046:130           -6.408   -5.640   -4.769   -3.873   -2.966   -2.093
   -1.266   -0.500    0.198    0.816    1.357    1.822    2.212    2.517
    2.742    2.897    2.986    3.025    3.042    3.065    3.119    3.240
    3.440    3.727    4.098    4.552    5.041    5.533    5.980
CT2046:125           -6.365   -5.589   -4.708   -3.801   -2.883   -1.996
   -1.154   -0.368    0.353    1.000    1.577    2.085    2.522    2.876
    3.148    3.340    3.454    3.498    3.503    3.493    3.500    3.562
    3.699    3.922    4.232    4.633    5.076    5.527    5.941
CT2046:120           -6.333   -5.547   -4.656   -3.740   -2.812   -1.916
   -1.063   -0.264    0.474    1.144    1.750    2.293    2.771    3.170
    3.484    3.714    3.854    3.908    3.906    3.874    3.845    3.860
    3.945    4.118    4.380    4.741    5.149    5.572    5.968
CT2046:115           -6.256   -5.473   -4.582   -3.666   -2.738   -1.840
   -0.984   -0.181    0.565    1.247    1.871    2.439    2.946    3.379
    3.727    3.988    4.152    4.218    4.216    4.171    4.118    4.100
    4.149    4.284    4.511    4.841    5.226    5.628    6.013
CT2046:110           -6.233   -5.445   -4.551   -3.631   -2.701   -1.802
   -0.947   -0.143    0.604    1.290    1.923    2.502    3.026    3.480
    3.851    4.134    4.317    4.397    4.400    4.353    4.289    4.254
    4.281    4.393    4.596    4.905    5.270    5.656    6.030
CT2046:105           -6.200   -5.412   -4.519   -3.601   -2.675   -1.782
   -0.932   -0.136    0.605    1.285    1.913    2.491    3.017    3.475
    3.855    4.150    4.346    4.439    4.455    4.417    4.358    4.324
    4.348    4.454    4.649    4.948    5.304    5.682    6.051
CT2046:100           -6.189   -5.401   -4.509   -3.594   -2.672   -1.787
   -0.948   -0.163    0.564    1.230    1.843    2.406    2.919    3.367
    3.742    4.038    4.240    4.347    4.380    4.361    4.323    4.306
    4.344    4.459    4.658    4.958    5.312    5.686    6.052
CT2046:095           -6.201   -5.412   -4.522   -3.610   -2.694   -1.819
   -0.993   -0.224    0.483    1.127    1.716    2.253    2.740    3.166
    3.525    3.811    4.016    4.135    4.190    4.201    4.195    4.210
    4.277    4.416    4.634    4.945    5.306    5.686    6.056
CT2046:090           -6.204   -5.418   -4.535   -3.631   -2.726   -1.864
   -1.056   -0.309    0.374    0.988    1.544    2.047    2.499    2.893
    3.226    3.497    3.698    3.830    3.910    3.955    3.991    4.049
    4.155    4.327    4.572    4.901    5.275    5.664    6.039
CT2046:085           -6.248   -5.462   -4.581   -3.683   -2.788   -1.941
   -1.150   -0.426    0.229    0.810    1.329    1.792    2.204    2.560
    2.863    3.115    3.312    3.456    3.563    3.647    3.728    3.835
    3.988    4.201    4.480    4.833    5.225    5.628    6.012
CT2046:080           -6.288   -5.509   -4.637   -3.749   -2.866   -2.035
   -1.265   -0.566    0.059    0.605    1.085    1.507    1.876    2.195
    2.467    2.700    2.893    3.050    3.184    3.309    3.440    3.600
    3.804    4.063    4.381    4.765    5.180    5.604    6.002
CT2046:075           -6.340   -5.566   -4.704   -3.826   -2.957   -2.145
   -1.398   -0.726   -0.132    0.377    0.817    1.197    1.525    1.806
    2.049    2.262    2.450    2.619    2.780    2.942    3.119    3.328
    3.580    3.883    4.238    4.649    5.086    5.527    5.935
CT2046:070           -6.372   -5.612   -4.764   -3.904   -3.053   -2.263
   -1.541   -0.897   -0.336    0.137    0.539    0.879    1.168    1.415
    1.631    1.828    2.013    2.194    2.380    2.578    2.799    3.055
    3.354    3.700    4.093    4.536    4.999    5.462    5.888
CT2046:065           -6.419   -5.673   -4.842   -3.999   -3.168   -2.401
   -1.704   -1.089   -0.559   -0.120    0.246    0.550    0.806    1.023
    1.217    1.401    1.585    1.777    1.986    2.216    2.475    2.774
    3.114    3.499    3.927    4.398    4.885    5.368    5.809
CT2046:060           -6.465   -5.737   -4.926   -4.105   -3.297   -2.555
   -1.885   -1.298   -0.798   -0.389   -0.055    0.219    0.446    0.639
    0.816    0.991    1.175    1.379    1.609    1.868    2.162    2.500
    2.879    3.302    3.764    4.266    4.780    5.289    5.751
CT2046:055           -6.516   -5.809   -5.022   -4.225   -3.443   -2.728
   -2.086   -1.528   -1.056   -0.676   -0.368   -0.120    0.085    0.260
    0.425    0.594    0.780    0.996    1.244    1.529    1.854    2.225
    2.639    3.095    3.589    4.119    4.659    5.191    5.672
CT2046:050           -6.573   -5.889   -5.128   -4.358   -3.605   -2.919
   -2.307   -1.778   -1.334   -0.980   -0.696   -0.468   -0.281   -0.118
    0.039    0.207    0.398    0.626    0.892    1.201    1.554    1.956
    2.402    2.890    3.416    3.976    4.543    5.103    5.608
CT2046:045           -6.640   -5.979   -5.247   -4.507   -3.785   -3.132
   -2.552   -2.054   -1.640   -1.311   -1.048   -0.838   -0.663   -0.507
   -0.353   -0.183    0.017    0.258    0.543    0.874    1.254    1.685
    2.162    2.681    3.236    3.825    4.420    5.005    5.532
CT2046:040           -6.705   -6.070   -5.368   -4.661   -3.975   -3.359
   -2.815   -2.352   -1.970   -1.668   -1.428   -1.234   -1.070   -0.919
   -0.763   -0.586   -0.375   -0.117    0.189    0.545    0.952    1.413
    1.920    2.470    3.056    3.676    4.299    4.913    5.465
CT2046:035           -6.772   -6.163   -5.495   -4.823   -4.176   -3.600
   -3.097   -2.673   -2.327   -2.057   -1.842   -1.666   -1.513   -1.365
   -1.204   -1.017   -0.789   -0.510   -0.179    0.205    0.641    1.133
    1.673    2.254    2.872    3.522    4.175    4.815    5.391
CT2046:030           -6.839   -6.257   -5.622   -4.988   -4.381   -3.848
   -3.390   -3.010   -2.706   -2.472   -2.287   -2.134   -1.994   -1.849
   -1.683   -1.482   -1.234   -0.928   -0.568   -0.151    0.320    0.847
    1.422    2.038    2.690    3.372    4.055    4.725    5.326
CT2046:025           -6.902   -6.348   -5.747   -5.150   -4.585   -4.098
   -3.688   -3.356   -3.098   -2.906   -2.757   -2.630   -2.508   -2.369
   -2.197   -1.982   -1.710   -1.375   -0.980   -0.526   -0.017    0.549
    1.161    1.814    2.500    3.214    3.925    4.620    5.242
CT2046:020           -6.966   -6.437   -5.868   -5.307   -4.783   -4.342
   -3.979   -3.696   -3.487   -3.340   -3.230   -3.134   -3.032   -2.902
   -2.726   -2.496   -2.200   -1.832   -1.400   -0.906   -0.354    0.255
    0.908    1.601    2.325    3.073    3.815    4.539    5.184
CT2046:015           -7.043   -6.533   -5.993   -5.463   -4.975   -4.575
   -4.257   -4.022   -3.859   -3.756   -3.685   -3.620   -3.541   -3.421
   -3.244   -3.003   -2.685   -2.287   -1.818   -1.284   -0.690   -0.040
    0.655    1.386    2.146    2.924    3.693    4.440    5.101
CT2046:010           -7.097   -6.608   -6.093   -5.592   -5.138   -4.776
   -4.498   -4.304   -4.183   -4.120   -4.083   -4.048   -3.989   -3.880
   -3.705   -3.455   -3.120   -2.697   -2.197   -1.627   -0.995   -0.304
    0.430    1.200    1.995    2.806    3.602    4.374    5.055
CT2046:005           -7.186   -6.706   -6.207   -5.724   -5.293   -4.957
   -4.708   -4.544   -4.453   -4.418   -4.407   -4.392   -4.349   -4.249
   -4.076   -3.823   -3.478   -3.040   -2.520   -1.926   -1.265   -0.544
    0.222    1.022    1.845    2.679    3.494    4.282    4.970
CT2047:360           -7.227   -6.760   -6.276   -5.810   -5.396   -5.080
   -4.851   -4.705   -4.632   -4.612   -4.613   -4.607   -4.571   -4.475
   -4.305   -4.052   -3.707   -3.264   -2.737   -2.132   -1.455   -0.714
    0.075    0.898    1.745    2.601    3.435    4.239    4.939
