CT2031:360           -5.569   -4.732   -3.812   -2.879   -1.953   -1.087
   -0.295    0.405    1.006    1.497    1.899    2.228    2.505    2.748
    2.979    3.211    3.451    3.701    3.960    4.225    4.498    4.782
    5.082    5.403    5.748    6.118    6.492    6.856    7.161
CT2031:355           -5.490   -4.669   -3.773   -2.866   -1.973   -1.148
   -0.402    0.247    0.794    1.230    1.579    1.860    2.095    2.306
    2.513    2.731    2.968    3.226    3.501    3.790    4.092    4.409
    4.745    5.101    5.481    5.884    6.289    6.682    7.013
CT2031:350           -5.483   -4.669   -3.789   -2.905   -2.042   -1.256
   -0.555    0.046    0.542    0.927    1.229    1.468    1.667    1.850
    2.038    2.245    2.480    2.745    3.035    3.346    3.676    4.026
    4.398    4.792    5.210    5.651    6.093    6.522    6.887
CT2031:345           -5.481   -4.680   -3.823   -2.966   -2.137   -1.391
   -0.736   -0.183    0.265    0.604    0.864    1.066    1.235    1.393
    1.564    1.759    1.990    2.258    2.557    2.883    3.234    3.611
    4.012    4.437    4.886    5.355    5.822    6.273    6.653
CT2031:340           -5.495   -4.707   -3.873   -3.043   -2.247   -1.541
   -0.928   -0.419   -0.015    0.286    0.510    0.683    0.827    0.966
    1.122    1.308    1.534    1.803    2.109    2.449    2.820    3.224
    3.657    4.118    4.604    5.113    5.617    6.106    6.520
CT2031:335           -5.511   -4.740   -3.932   -3.132   -2.371   -1.704
   -1.132   -0.664   -0.298   -0.031    0.164    0.312    0.436    0.559
    0.703    0.878    1.097    1.363    1.672    2.021    2.408    2.834
    3.294    3.787    4.307    4.850    5.387    5.907    6.348
CT2031:330           -5.545   -4.792   -4.010   -3.240   -2.513   -1.883
   -1.349   -0.916   -0.583   -0.346   -0.174   -0.046    0.062    0.172
    0.304    0.471    0.682    0.945    1.255    1.612    2.013    2.461
    2.949    3.474    4.029    4.609    5.182    5.738    6.213
CT2031:325           -5.496   -4.777   -4.034   -3.304   -2.619   -2.031
   -1.537   -1.142   -0.843   -0.633   -0.484   -0.374   -0.281   -0.183
   -0.060    0.098    0.305    0.566    0.881    1.248    1.667    2.142
    2.664    3.228    3.828    4.456    5.082    5.692    6.227
CT2031:320           -5.547   -4.849   -4.134   -3.435   -2.785   -2.233
   -1.773   -1.410   -1.139   -0.953   -0.824   -0.731   -0.651   -0.564
   -0.450   -0.299   -0.098    0.163    0.481    0.858    1.293    1.791
    2.340    2.935    3.568    4.230    4.889    5.531    6.097
CT2031:315           -5.558   -4.889   -4.209   -3.547   -2.935   -2.422
   -1.999   -1.670   -1.428   -1.268   -1.160   -1.084   -1.019   -0.943
   -0.838   -0.693   -0.492   -0.227    0.101    0.494    0.952    1.477
    2.060    2.692    3.364    4.067    4.768    5.453    6.064
CT2031:310           -5.618   -4.972   -4.322   -3.693   -3.117   -2.640
   -2.252   -1.956   -1.745   -1.611   -1.526   -1.470   -1.420   -1.357
   -1.260   -1.117   -0.915   -0.641   -0.299    0.114    0.596    1.151
    1.765    2.429    3.134    3.868    4.598    5.311    5.948
CT2031:305           -5.725   -5.093   -4.467   -3.866   -3.322   -2.879
   -2.526   -2.263   -2.083   -1.977   -1.917   -1.882   -1.851   -1.800
   -1.710   -1.568   -1.359   -1.070   -0.707   -0.268    0.245    0.834
    1.482    2.180    2.916    3.680    4.437    5.175    5.834
CT2031:300           -5.791   -5.181   -4.585   -4.017   -3.509   -3.104
   -2.789   -2.562   -2.417   -2.344   -2.313   -2.304   -2.294   -2.258
   -2.175   -2.031   -1.811   -1.502   -1.111   -0.638   -0.088    0.538
    1.223    1.957    2.725    3.515    4.296    5.056    5.735
CT2031:295           -5.884   -5.291   -4.721   -4.182   -3.708   -3.339
   -3.060   -2.871   -2.762   -2.723   -2.725   -2.744   -2.758   -2.737
   -2.660   -2.513   -2.278   -1.944   -1.520   -1.009   -0.418    0.248
    0.970    1.735    2.530    3.340    4.136    4.908    5.594
CT2031:290           -5.950   -5.377   -4.834   -4.324   -3.882   -3.549
   -3.306   -3.154   -3.081   -3.078   -3.114   -3.164   -3.202   -3.198
   -3.126   -2.973   -2.720   -2.355   -1.893   -1.338   -0.702    0.007
    0.768    1.567    2.389    3.220    4.032    4.818    5.517
CT2031:285           -5.965   -5.420   -4.908   -4.430   -4.023   -3.724
   -3.518   -3.402   -3.366   -3.398   -3.468   -3.548   -3.611   -3.623
   -3.557   -3.398   -3.125   -2.729   -2.228   -1.630   -0.950   -0.200
    0.594    1.419    2.260    3.101    3.918    4.707    5.404
CT2031:280           -6.028   -5.498   -5.004   -4.547   -4.163   -3.889
   -3.708   -3.619   -3.611   -3.672   -3.769   -3.875   -3.959   -3.984
   -3.919   -3.751   -3.456   -3.029   -2.489   -1.850   -1.129   -0.344
    0.480    1.327    2.182    3.032    3.854    4.646    5.347
CT2031:275           -5.996   -5.493   -5.024   -4.592   -4.231   -3.980
   -3.821   -3.753   -3.765   -3.847   -3.965   -4.090   -4.189   -4.220
   -4.154   -3.974   -3.659   -3.202   -2.628   -1.954   -1.200   -0.386
    0.461    1.325    2.192    3.050    3.881    4.683    5.402
CT2031:270           -6.051   -5.556   -5.095   -4.669   -4.315   -4.069
   -3.915   -3.851   -3.868   -3.955   -4.077   -4.206   -4.307   -4.336
   -4.263   -4.071   -3.738   -3.261   -2.666   -1.972   -1.202   -0.379
    0.470    1.331    2.190    3.038    3.858    4.651    5.367
CT2031:265           -6.097   -5.605   -5.144   -4.717   -4.359   -4.106
   -3.943   -3.869   -3.873   -3.947   -4.056   -4.171   -4.258   -4.274
   -4.187   -3.979   -3.633   -3.144   -2.541   -1.843   -1.076   -0.261
    0.576    1.421    2.264    3.097    3.908    4.696    5.418
CT2031:260           -6.143   -5.651   -5.183   -4.747   -4.375   -4.103
   -3.917   -3.815   -3.789   -3.830   -3.906   -3.988   -4.045   -4.034
   -3.924   -3.702   -3.349   -2.862   -2.271   -1.594   -0.854   -0.073
    0.726    1.533    2.339    3.140    3.924    4.691    5.402
CT2031:255           -6.285   -5.771   -5.278   -4.812   -4.407   -4.096
   -3.866   -3.715   -3.637   -3.623   -3.643   -3.670   -3.677   -3.624
   -3.485   -3.246   -2.892   -2.421   -1.861   -1.227   -0.540    0.182
    0.922    1.671    2.425    3.182    3.931    4.668    5.362
CT2031:250           -6.325   -5.806   -5.294   -4.804   -4.365   -4.011
   -3.729   -3.520   -3.377   -3.293   -3.241   -3.198   -3.141   -3.036
   -2.861   -2.607   -2.259   -1.819   -1.308   -0.738   -0.126    0.518
    1.182    1.861    2.553    3.261    3.973    4.680    5.360
CT2031:245           -6.433   -5.892   -5.348   -4.820   -4.334   -3.923
   -3.575   -3.292   -3.068   -2.898   -2.759   -2.633   -2.500   -2.335
   -2.122   -1.852   -1.518   -1.121   -0.673   -0.184    0.337    0.887
    1.462    2.061    2.684    3.340    4.013    4.690    5.356
CT2031:240           -6.474   -5.925   -5.355   -4.793   -4.262   -3.792
   -3.375   -3.014   -2.705   -2.443   -2.212   -1.998   -1.787   -1.562
   -1.313   -1.034   -0.721   -0.374   -0.000    0.398    0.820    1.270
    1.750    2.266    2.820    3.424    4.060    4.709    5.361
CT2031:235           -6.423   -5.882   -5.298   -4.712   -4.143   -3.618
   -3.136   -2.699   -2.305   -1.955   -1.635   -1.338   -1.054   -0.775
   -0.497   -0.215    0.073    0.365    0.663    0.972    1.297    1.652
    2.046    2.489    2.985    3.551    4.163    4.799    5.456
CT2031:230           -6.469   -5.922   -5.314   -4.695   -4.081   -3.498
   -2.947   -2.435   -1.960   -1.526   -1.126   -0.754   -0.408   -0.087
    0.211    0.489    0.746    0.983    1.210    1.435    1.672    1.942
    2.259    2.636    3.080    3.609    4.197    4.814    5.464
CT2031:225           -6.378   -5.852   -5.243   -4.613   -3.973   -3.348
   -2.747   -2.176   -1.639   -1.141   -0.680   -0.255    0.133    0.479
    0.784    1.049    1.275    1.464    1.631    1.790    1.960    2.167
    2.431    2.765    3.178    3.689    4.269    4.884    5.541
CT2031:220           -6.433   -5.907   -5.284   -4.633   -3.962   -3.299
   -2.653   -2.034   -1.447   -0.902   -0.400    0.057    0.467    0.822
    1.122    1.371    1.568    1.719    1.843    1.957    2.084    2.255
    2.487    2.799    3.197    3.701    4.278    4.893    5.551
CT2031:215           -6.465   -5.950   -5.325   -4.667   -3.982   -3.297
   -2.627   -1.982   -1.371   -0.807   -0.290    0.174    0.583    0.929
    1.212    1.440    1.613    1.740    1.841    1.936    2.047    2.207
    2.435    2.746    3.145    3.654    4.233    4.849    5.500
CT2031:210           -6.530   -6.024   -5.402   -4.744   -4.055   -3.364
   -2.688   -2.040   -1.429   -0.870   -0.365    0.082    0.470    0.793
    1.054    1.261    1.420    1.540    1.643    1.746    1.874    2.057
    2.312    2.651    3.080    3.616    4.218    4.853    5.515
CT2031:205           -6.565   -6.083   -5.478   -4.836   -4.162   -3.486
   -2.828   -2.202   -1.617   -1.091   -0.622   -0.214    0.135    0.423
    0.656    0.845    0.999    1.128    1.252    1.389    1.559    1.791
    2.096    2.485    2.960    3.533    4.165    4.822    5.489
CT2031:200           -6.640   -6.179   -5.595   -4.976   -4.326   -3.680
   -3.056   -2.470   -1.933   -1.458   -1.044   -0.690   -0.391   -0.145
    0.060    0.236    0.394    0.548    0.714    0.907    1.144    1.450
    1.830    2.291    2.832    3.461    4.136    4.828    5.511
CT2031:195           -6.673   -6.245   -5.698   -5.116   -4.507   -3.908
   -3.338   -2.811   -2.338   -1.932   -1.587   -1.298   -1.058   -0.857
   -0.681   -0.514   -0.343   -0.154    0.067    0.332    0.654    1.050
    1.521    2.070    2.689    3.382    4.107    4.838    5.537
CT2031:190           -6.752   -6.354   -5.842   -5.300   -4.736   -4.191
   -3.681   -3.221   -2.820   -2.489   -2.217   -1.998   -1.817   -1.661
   -1.511   -1.350   -1.160   -0.927   -0.641   -0.293    0.124    0.622
    1.196    1.841    2.547    3.310    4.088    4.860    5.576
CT2031:185           -6.898   -6.519   -6.038   -5.532   -5.013   -4.522
   -4.073   -3.680   -3.350   -3.092   -2.893   -2.739   -2.615   -2.501
   -2.374   -2.216   -2.005   -1.725   -1.371   -0.938   -0.422    0.182
    0.859    1.601    2.391    3.219    4.043    4.848    5.569
CT2031:180           -6.974   -6.628   -6.189   -5.728   -5.260   -4.826
   -4.440   -4.113   -3.852   -3.662   -3.527   -3.433   -3.359   -3.282
   -3.175   -3.017   -2.784   -2.457   -2.035   -1.517   -0.904   -0.195
    0.585    1.422    2.297    3.190    4.061    4.902    5.633
CT2031:175           -7.143   -6.813   -6.401   -5.973   -5.544   -5.156
   -4.819   -4.544   -4.335   -4.196   -4.111   -4.061   -4.025   -3.975
   -3.881   -3.720   -3.465   -3.095   -2.613   -2.019   -1.320   -0.521
    0.347    1.264    2.206    3.146    4.046    4.902    5.623
CT2031:170           -7.209   -6.910   -6.535   -6.145   -5.758   -5.413
   -5.118   -4.883   -4.712   -4.609   -4.555   -4.532   -4.518   -4.482
   -4.392   -4.224   -3.948   -3.539   -3.005   -2.348   -1.576   -0.702
    0.239    1.222    2.219    3.200    4.126    4.999    5.718
CT2031:165           -7.341   -7.057   -6.704   -6.338   -5.976   -5.655
   -5.381   -5.164   -5.008   -4.914   -4.866   -4.847   -4.833   -4.794
   -4.696   -4.514   -4.215   -3.777   -3.205   -2.504   -1.685   -0.764
    0.221    1.240    2.265    3.260    4.187    5.052    5.745
CT2031:160           -7.389   -7.130   -6.802   -6.460   -6.119   -5.811
   -5.545   -5.330   -5.167   -5.060   -4.994   -4.954   -4.917   -4.854
   -4.733   -4.527   -4.206   -3.743   -3.148   -2.423   -1.581   -0.639
    0.363    1.395    2.428    3.423    4.344    5.199    5.872
CT2031:155           -7.489   -7.237   -6.917   -6.582   -6.244   -5.931
   -5.651   -5.412   -5.219   -5.073   -4.963   -4.875   -4.791   -4.683
   -4.522   -4.282   -3.935   -3.456   -2.852   -2.125   -1.289   -0.357
    0.630    1.643    2.655    3.625    4.520    5.346    5.987
CT2031:150           -7.515   -7.278   -6.967   -6.637   -6.296   -5.967
   -5.661   -5.385   -5.143   -4.939   -4.764   -4.609   -4.458   -4.288
   -4.072   -3.790   -3.415   -2.924   -2.324   -1.614   -0.806    0.087
    1.032    2.001    2.968    3.896    4.750    5.538    6.143
CT2031:145           -7.553   -7.320   -7.007   -6.669   -6.311   -5.953
   -5.606   -5.277   -4.970   -4.692   -4.437   -4.199   -3.966   -3.719
   -3.439   -3.106   -2.700   -2.201   -1.612   -0.933   -0.171    0.664
    1.545    2.449    3.353    4.222    5.024    5.763    6.329
CT2031:140           -7.553   -7.324   -7.005   -6.656   -6.276   -5.881
   -5.485   -5.094   -4.716   -4.356   -4.014   -3.686   -3.365   -3.036
   -2.686   -2.300   -1.860   -1.354   -0.780   -0.139    0.566    1.329
    2.131    2.953    3.777    4.574    5.310    5.988    6.504
CT2031:135           -7.556   -7.322   -6.988   -6.619   -6.209   -5.770
   -5.319   -4.863   -4.410   -3.967   -3.537   -3.119   -2.710   -2.300
   -1.881   -1.440   -0.967   -0.451    0.108    0.711    1.358    2.046
    2.763    3.496    4.233    4.948    5.611    6.223    6.685
CT2031:130           -7.529   -7.289   -6.939   -6.547   -6.105   -5.621
   -5.115   -4.595   -4.070   -3.549   -3.037   -2.537   -2.047   -1.562
   -1.077   -0.585   -0.078    0.449    0.997    1.567    2.160    2.776
    3.410    4.055    4.703    5.334    5.921    6.462    6.867
CT2031:125           -7.515   -7.259   -6.885   -6.464   -5.985   -5.456
   -4.896   -4.316   -3.725   -3.133   -2.548   -1.975   -1.414   -0.863
   -0.319    0.221    0.761    1.300    1.842    2.385    2.931    3.482
    4.038    4.599    5.159    5.705    6.213    6.681    7.024
CT2031:120           -7.464   -7.193   -6.796   -6.348   -5.835   -5.264
   -4.658   -4.025   -3.378   -2.725   -2.079   -1.442   -0.819   -0.210
    0.385    0.967    1.537    2.091    2.629    3.151    3.659    4.154
    4.643    5.128    5.609    6.077    6.512    6.911    7.199
CT2031:115           -7.431   -7.135   -6.709   -6.230   -5.682   -5.072
   -4.424   -3.746   -3.051   -2.347   -1.647   -0.956   -0.279    0.382
    1.022    1.642    2.239    2.804    3.339    3.842    4.316    4.761
    5.189    5.605    6.013    6.407    6.770    7.100    7.328
CT2031:110           -7.359   -7.042   -6.589   -6.081   -5.503   -4.861
   -4.178   -3.465   -2.730   -1.985   -1.239   -0.501    0.224    0.931
    1.612    2.266    2.884    3.458    3.988    4.473    4.916    5.318
    5.693    6.051    6.396    6.726    7.029    7.302    7.480
CT2031:105           -7.303   -6.957   -6.474   -5.934   -5.325   -4.653
   -3.941   -3.198   -2.432   -1.651   -0.867   -0.087    0.682    1.430
    2.148    2.829    3.464    4.041    4.561    5.026    5.436    5.796
    6.123    6.427    6.716    6.987    7.232    7.448    7.575
CT2031:100           -7.217   -6.844   -6.331   -5.763   -5.126   -4.428
   -3.692   -2.926   -2.135   -1.327   -0.511    0.305    1.110    1.893
    2.641    3.344    3.990    4.565    5.073    5.514    5.893    6.216
    6.501    6.761    7.004    7.229    7.429    7.603    7.692
CT2031:095           -7.156   -6.749   -6.203   -5.601   -4.934   -4.211
   -3.452   -2.665   -1.854   -1.023   -0.183    0.658    1.491    2.300
    3.068    3.784    4.433    5.000    5.491    5.907    6.254    6.540
    6.786    7.005    7.205    7.387    7.544    7.674    7.719
CT2031:090           -7.061   -6.622   -6.044   -5.411   -4.715   -3.968
   -3.189   -2.384   -1.558   -0.713    0.142    0.999    1.846    2.667
    3.443    4.161    4.806    5.361    5.833    6.226    6.547    6.804
    7.022    7.211    7.384    7.538    7.668    7.772    7.794
CT2031:085           -6.961   -6.491   -5.879   -5.215   -4.490   -3.717
   -2.918   -2.096   -1.258   -0.405    0.455    1.313    2.159    2.975
    3.743    4.450    5.080    5.616    6.068    6.439    6.738    6.972
    7.167    7.335    7.485    7.617    7.725    7.805    7.802
CT2031:080           -6.862   -6.358   -5.711   -5.012   -4.254   -3.454
   -2.632   -1.793   -0.945   -0.089    0.766    1.613    2.442    3.237
    3.980    4.661    5.266    5.779    6.211    6.563    6.846    7.068
    7.250    7.408    7.548    7.672    7.770    7.841    7.829
CT2031:075           -6.692   -6.166   -5.493   -4.766   -3.980   -3.154
   -2.310   -1.457   -0.600    0.252    1.094    1.917    2.714    3.470
    4.172    4.814    5.383    5.868    6.278    6.615    6.889    7.107
    7.289    7.449    7.595    7.725    7.831    7.912    7.913
CT2031:070           -6.595   -6.034   -5.324   -4.560   -3.738   -2.880
   -2.009   -1.136   -0.269    0.579    1.403    2.196    2.950    3.656
    4.304    4.894    5.417    5.865    6.248    6.568    6.832    7.048
    7.234    7.399    7.551    7.688    7.802    7.889    7.893
CT2031:065           -6.417   -5.837   -5.100   -4.308   -3.457   -2.571
   -1.677   -0.786    0.087    0.929    1.731    2.487    3.193    3.839
    4.425    4.954    5.423    5.828    6.180    6.483    6.741    6.961
    7.157    7.338    7.509    7.669    7.807    7.920    7.953
CT2031:060           -6.326   -5.713   -4.941   -4.114   -3.227   -2.309
   -1.386   -0.476    0.407    1.243    2.024    2.743    3.399    3.983
    4.503    4.966    5.374    5.731    6.047    6.325    6.573    6.793
    6.997    7.191    7.379    7.558    7.714    7.845    7.894
CT2031:055           -6.215   -5.581   -4.782   -3.925   -3.007   -2.060
   -1.113   -0.185    0.706    1.536    2.297    2.981    3.589    4.114
    4.569    4.968    5.317    5.625    5.904    6.160    6.398    6.622
    6.840    7.056    7.272    7.482    7.671    7.836    7.918
CT2031:050           -6.134   -5.473   -4.644   -3.759   -2.812   -1.840
   -0.873    0.068    0.962    1.782    2.520    3.169    3.729    4.198
    4.590    4.926    5.216    5.473    5.712    5.940    6.162    6.384
    6.610    6.842    7.078    7.314    7.529    7.720    7.827
CT2031:045           -6.020   -5.343   -4.496   -3.591   -2.626   -1.639
   -0.661    0.284    1.173    1.977    2.689    3.302    3.818    4.234
    4.570    4.849    5.086    5.297    5.498    5.700    5.908    6.129
    6.365    6.614    6.875    7.141    7.389    7.614    7.755
CT2031:040           -5.953   -5.257   -4.391   -3.469   -2.490   -1.493
   -0.512    0.430    1.307    2.091    2.774    3.350    3.823    4.192
    4.480    4.711    4.902    5.074    5.245    5.425    5.621    5.842
    6.087    6.354    6.639    6.933    7.213    7.469    7.641
CT2031:035           -5.932   -5.214   -4.333   -3.397   -2.408   -1.409
   -0.432    0.497    1.355    2.111    2.760    3.298    3.730    4.058
    4.304    4.497    4.654    4.797    4.946    5.111    5.302    5.528
    5.785    6.072    6.383    6.709    7.021    7.312    7.520
CT2031:030           -5.883   -5.156   -4.270   -3.333   -2.348   -1.360
   -0.401    0.503    1.329    2.047    2.655    3.151    3.542    3.832
    4.045    4.208    4.341    4.467    4.605    4.766    4.959    5.194
    5.469    5.779    6.117    6.474    6.821    7.147    7.390
CT2031:025           -5.892   -5.153   -4.264   -3.328   -2.352   -1.383
   -0.451    0.419    1.204    1.877    2.438    2.890    3.240    3.496
    3.682    3.825    3.946    4.067    4.205    4.372    4.577    4.829
    5.125    5.461    5.828    6.218    6.598    6.959    7.237
CT2031:020           -5.864   -5.125   -4.247   -3.327   -2.373   -1.437
   -0.545    0.277    1.010    1.628    2.136    2.539    2.848    3.072
    3.237    3.369    3.488    3.615    3.765    3.949    4.175    4.452
    4.776    5.142    5.542    5.966    6.383    6.780    7.097
CT2031:015           -5.859   -5.124   -4.261   -3.362   -2.439   -1.543
   -0.700    0.066    0.739    1.296    1.747    2.099    2.366    2.561
    2.711    2.839    2.964    3.107    3.278    3.488    3.744    4.053
    4.409    4.809    5.243    5.703    6.155    6.589    6.943
CT2031:010           -5.851   -5.126   -4.286   -3.415   -2.530   -1.683
   -0.897   -0.193    0.414    0.906    1.296    1.597    1.825    1.994
    2.132    2.260    2.398    2.563    2.763    3.007    3.298    3.644
    4.038    4.474    4.945    5.440    5.930    6.402    6.795
CT2031:005           -5.841   -5.132   -4.319   -3.484   -2.642   -1.850
   -1.125   -0.487    0.053    0.479    0.811    1.062    1.251    1.397
    1.526    1.658    1.811    2.002    2.234    2.513    2.843    3.227
    3.659    4.133    4.640    5.171    5.697    6.204    6.634
CT2032:360           -5.851   -5.158   -4.375   -3.575   -2.778   -2.039
   -1.375   -0.801   -0.327    0.038    0.315    0.521    0.676    0.802
    0.924    1.061    1.230    1.445    1.708    2.023    2.391    2.814
    3.284    3.795    4.339    4.907    5.470    6.015    6.483
