CT2038:360           -7.914   -7.517   -6.974   -6.390   -5.772   -5.165
   -4.588   -4.053   -3.569   -3.142   -2.762   -2.420   -2.107   -1.809
   -1.511   -1.200   -0.861   -0.482   -0.058    0.413    0.932    1.502
    2.111    2.753    3.417    4.092    4.748    5.377    5.910
CT2038:355           -7.898   -7.513   -6.983   -6.412   -5.810   -5.220
   -4.662   -4.150   -3.688   -3.285   -2.929   -2.611   -2.320   -2.044
   -1.764   -1.467   -1.137   -0.760   -0.331    0.152    0.690    1.284
    1.923    2.596    3.292    4.000    4.688    5.349    5.912
CT2038:350           -7.906   -7.527   -7.008   -6.449   -5.862   -5.291
   -4.756   -4.267   -3.832   -3.456   -3.127   -2.836   -2.571   -2.317
   -2.057   -1.775   -1.454   -1.077   -0.643   -0.146    0.413    1.034
    1.703    2.408    3.136    3.874    4.590    5.276    5.860
CT2038:345           -7.911   -7.540   -7.033   -6.489   -5.920   -5.373
   -4.864   -4.405   -4.001   -3.657   -3.359   -3.099   -2.862   -2.633
   -2.393   -2.125   -1.811   -1.432   -0.987   -0.472    0.112    0.765
    1.468    2.210    2.975    3.747    4.494    5.210    5.819
CT2038:340           -7.911   -7.546   -7.052   -6.523   -5.977   -5.457
   -4.980   -4.556   -4.189   -3.882   -3.622   -3.396   -3.191   -2.989
   -2.769   -2.514   -2.204   -1.820   -1.361   -0.824   -0.210    0.478
    1.219    1.999    2.802    3.609    4.387    5.131    5.761
CT2038:335           -7.884   -7.529   -7.051   -6.542   -6.021   -5.534
   -5.094   -4.710   -4.385   -4.122   -3.903   -3.716   -3.545   -3.370
   -3.170   -2.926   -2.617   -2.223   -1.744   -1.179   -0.530    0.199
    0.984    1.808    2.655    3.503    4.320    5.100    5.762
CT2038:330           -7.871   -7.520   -7.055   -6.564   -6.068   -5.613
   -5.211   -4.870   -4.591   -4.373   -4.199   -4.053   -3.918   -3.771
   -3.590   -3.356   -3.046   -2.640   -2.141   -1.547   -0.863   -0.095
    0.732    1.598    2.484    3.368    4.215    5.023    5.706
CT2038:325           -7.764   -7.431   -6.989   -6.525   -6.060   -5.642
   -5.283   -4.988   -4.758   -4.589   -4.461   -4.358   -4.259   -4.140
   -3.976   -3.750   -3.437   -3.018   -2.496   -1.873   -1.153   -0.344
    0.526    1.436    2.365    3.290    4.175    5.019    5.735
CT2038:320           -7.733   -7.399   -6.966   -6.514   -6.069   -5.679
   -5.354   -5.098   -4.909   -4.784   -4.697   -4.631   -4.565   -4.470
   -4.322   -4.103   -3.788   -3.359   -2.820   -2.173   -1.425   -0.584
    0.319    1.262    2.224    3.178    4.089    4.956    5.689
CT2038:315           -7.646   -7.317   -6.893   -6.454   -6.027   -5.662
   -5.365   -5.142   -4.989   -4.899   -4.848   -4.814   -4.774   -4.700
   -4.566   -4.355   -4.041   -3.607   -3.057   -2.395   -1.627   -0.763
    0.166    1.137    2.125    3.105    4.040    4.929    5.681
CT2038:310           -7.592   -7.254   -6.829   -6.391   -5.969   -5.614
   -5.332   -5.127   -4.995   -4.929   -4.900   -4.887   -4.866   -4.808
   -4.687   -4.485   -4.178   -3.746   -3.197   -2.532   -1.758   -0.884
    0.056    1.040    2.044    3.038    3.986    4.888    5.650
CT2038:305           -7.555   -7.199   -6.760   -6.311   -5.881   -5.522
   -5.238   -5.034   -4.906   -4.845   -4.824   -4.821   -4.810   -4.763
   -4.654   -4.465   -4.171   -3.752   -3.216   -2.561   -1.796   -0.928
    0.010    0.995    2.002    3.002    3.958    4.867    5.636
CT2038:300           -7.476   -7.103   -6.648   -6.183   -5.736   -5.359
   -5.058   -4.838   -4.696   -4.624   -4.597   -4.590   -4.582   -4.543
   -4.447   -4.275   -4.003   -3.610   -3.100   -2.472   -1.733   -0.887
    0.032    1.003    2.000    2.995    3.947    4.855    5.625
CT2038:295           -7.390   -6.994   -6.514   -6.023   -5.547   -5.138
   -4.802   -4.547   -4.371   -4.269   -4.218   -4.197   -4.182   -4.147
   -4.066   -3.918   -3.677   -3.321   -2.851   -2.265   -1.567   -0.759
    0.127    1.070    2.044    3.023    3.965    4.865    5.633
CT2038:290           -7.287   -6.865   -6.354   -5.829   -5.313   -4.858
   -4.471   -4.163   -3.934   -3.785   -3.695   -3.646   -3.617   -3.583
   -3.517   -3.397   -3.196   -2.888   -2.472   -1.943   -1.300   -0.546
    0.291    1.191    2.130    3.081    4.002    4.886    5.645
CT2038:285           -7.157   -6.708   -6.163   -5.599   -5.037   -4.524
   -4.075   -3.699   -3.402   -3.190   -3.047   -2.958   -2.905   -2.868
   -2.818   -2.730   -2.575   -2.326   -1.975   -1.515   -0.944   -0.257
    0.517    1.360    2.250    3.163    4.053    4.911    5.653
CT2038:280           -7.034   -6.552   -5.966   -5.356   -4.739   -4.161
   -3.637   -3.182   -2.805   -2.517   -2.308   -2.167   -2.081   -2.033
   -1.995   -1.938   -1.832   -1.647   -1.371   -0.991   -0.501    0.105
    0.806    1.583    2.415    3.281    4.135    4.963    5.687
CT2038:275           -6.868   -6.357   -5.732   -5.078   -4.406   -3.762
   -3.163   -2.626   -2.163   -1.793   -1.508   -1.307   -1.178   -1.110
   -1.076   -1.045   -0.989   -0.871   -0.675   -0.383    0.016    0.533
    1.149    1.850    2.615    3.428    4.239    5.031    5.733
CT2038:270           -6.732   -6.185   -5.517   -4.814   -4.086   -3.375
   -2.701   -2.081   -1.532   -1.075   -0.711   -0.439   -0.256   -0.157
   -0.116   -0.103   -0.088   -0.036    0.079    0.279    0.581    1.001
    1.526    2.144    2.837    3.591    4.355    5.107    5.785
CT2038:265           -6.518   -5.949   -5.249   -4.510   -3.737   -2.971
   -2.234   -1.544   -0.919   -0.382    0.060    0.403    0.647    0.789
    0.850    0.859    0.842    0.836    0.875    0.986    1.190    1.513
    1.944    2.478    3.097    3.791    4.509    5.225    5.883
CT2038:260           -6.377   -5.772   -5.034   -4.255   -3.439   -2.623
   -1.832   -1.082   -0.392    0.215    0.730    1.145    1.455    1.649
    1.742    1.761    1.728    1.678    1.651    1.679    1.790    2.016
    2.354    2.801    3.344    3.976    4.643    5.316    5.947
CT2038:255           -6.241   -5.603   -4.831   -4.018   -3.168   -2.318
   -1.488   -0.697    0.040    0.699    1.274    1.751    2.124    2.375
    2.512    2.555    2.521    2.445    2.367    2.326    2.355    2.492
    2.742    3.106    3.573    4.142    4.757    5.383    5.981
CT2038:250           -6.101   -5.431   -4.632   -3.794   -2.922   -2.051
   -1.203   -0.391    0.370    1.061    1.675    2.201    2.627    2.933
    3.118    3.198    3.182    3.098    2.993    2.903    2.869    2.935
    3.111    3.404    3.807    4.322    4.891    5.480    6.052
CT2038:245           -6.053   -5.340   -4.508   -3.643   -2.751   -1.869
   -1.015   -0.200    0.565    1.266    1.900    2.455    2.921    3.273
    3.506    3.628    3.642    3.570    3.457    3.341    3.265    3.276
    3.392    3.623    3.965    4.424    4.943    5.483    6.012
CT2038:240           -5.921   -5.183   -4.337   -3.461   -2.568   -1.694
   -0.854   -0.058    0.688    1.375    2.002    2.563    3.047    3.432
    3.706    3.871    3.924    3.881    3.783    3.668    3.578    3.563
    3.646    3.841    4.146    4.570    5.058    5.570    6.079
CT2038:235           -5.854   -5.084   -4.221   -3.335   -2.443   -1.583
   -0.766   -0.000    0.712    1.366    1.968    2.513    2.996    3.394
    3.695    3.897    3.990    3.986    3.920    3.827    3.748    3.729
    3.799    3.973    4.252    4.648    5.106    5.588    6.066
CT2038:230           -5.737   -4.949   -4.080   -3.196   -2.316   -1.481
   -0.697    0.028    0.694    1.301    1.860    2.371    2.831    3.223
    3.535    3.761    3.891    3.930    3.909    3.857    3.811    3.815
    3.898    4.076    4.353    4.740    5.187    5.657    6.122
CT2038:225           -5.613   -4.813   -3.944   -3.067   -2.204   -1.398
   -0.652    0.028    0.643    1.196    1.701    2.164    2.585    2.952
    3.256    3.491    3.648    3.728    3.756    3.755    3.758    3.805
    3.920    4.121    4.411    4.802    5.247    5.712    6.169
CT2038:220           -5.515   -4.702   -3.834   -2.963   -2.116   -1.337
   -0.627    0.009    0.575    1.073    1.521    1.928    2.298    2.625
    2.905    3.134    3.305    3.418    3.492    3.546    3.608    3.709
    3.872    4.111    4.429    4.836    5.289    5.757    6.210
CT2038:215           -5.364   -4.553   -3.695   -2.840   -2.016   -1.267
   -0.593    0.002    0.521    0.965    1.356    1.704    2.016    2.293
    2.536    2.743    2.913    3.048    3.162    3.271    3.394    3.558
    3.780    4.068    4.426    4.860    5.331    5.812    6.268
CT2038:210           -5.284   -4.464   -3.609   -2.761   -1.951   -1.224
   -0.577   -0.015    0.465    0.865    1.204    1.496    1.749    1.971
    2.167    2.342    2.499    2.644    2.788    2.944    3.125    3.353
    3.636    3.979    4.382    4.847    5.340    5.836    6.295
CT2038:205           -5.168   -4.351   -3.505   -2.670   -1.876   -1.170
   -0.548   -0.013    0.434    0.794    1.087    1.325    1.523    1.687
    1.832    1.968    2.104    2.249    2.414    2.608    2.842    3.130
    3.473    3.873    4.324    4.827    5.346    5.861    6.326
CT2038:200           -5.105   -4.283   -3.439   -2.609   -1.825   -1.132
   -0.526   -0.012    0.411    0.739    0.993    1.186    1.332    1.443
    1.538    1.632    1.741    1.879    2.056    2.279    2.556    2.898
    3.297    3.750    4.249    4.789    5.335    5.871    6.343
CT2038:195           -5.034   -4.211   -3.372   -2.549   -1.774   -1.092
   -0.498    0.000    0.403    0.706    0.927    1.080    1.181    1.244
    1.293    1.348    1.429    1.557    1.739    1.984    2.297    2.684
    3.134    3.637    4.183    4.762    5.339    5.901    6.389
CT2038:190           -4.988   -4.163   -3.326   -2.506   -1.735   -1.059
   -0.474    0.014    0.403    0.685    0.879    1.000    1.063    1.086
    1.096    1.117    1.173    1.288    1.470    1.729    2.067    2.489
    2.978    3.522    4.106    4.718    5.321    5.904    6.401
CT2038:185           -4.939   -4.116   -3.282   -2.465   -1.699   -1.028
   -0.448    0.032    0.409    0.676    0.850    0.945    0.980    0.972
    0.951    0.946    0.982    1.086    1.267    1.535    1.892    2.341
    2.863    3.444    4.065    4.713    5.348    5.960    6.482
CT2038:180           -4.911   -4.088   -3.256   -2.441   -1.677   -1.007
   -0.430    0.046    0.416    0.672    0.832    0.910    0.925    0.896
    0.855    0.830    0.850    0.944    1.121    1.391    1.756    2.221
    2.762    3.365    4.010    4.680    5.334    5.962    6.493
CT2038:175           -4.876   -4.058   -3.230   -2.420   -1.659   -0.992
   -0.416    0.057    0.424    0.675    0.827    0.897    0.902    0.863
    0.812    0.777    0.788    0.874    1.046    1.314    1.683    2.155
    2.710    3.330    3.996    4.689    5.367    6.019    6.571
CT2038:170           -4.866   -4.052   -3.228   -2.420   -1.660   -0.993
   -0.416    0.058    0.426    0.677    0.831    0.901    0.906    0.867
    0.815    0.778    0.784    0.864    1.028    1.288    1.650    2.120
    2.675    3.300    3.973    4.676    5.364    6.025    6.584
CT2038:165           -4.859   -4.052   -3.233   -2.430   -1.672   -1.005
   -0.428    0.050    0.422    0.679    0.841    0.921    0.937    0.908
    0.864    0.831    0.838    0.912    1.067    1.316    1.665    2.124
    2.671    3.292    3.966    4.673    5.366    6.033    6.597
CT2038:160           -4.869   -4.069   -3.256   -2.458   -1.703   -1.035
   -0.455    0.028    0.409    0.679    0.857    0.955    0.991    0.981
    0.953    0.931    0.941    1.011    1.156    1.389    1.721    2.163
    2.696    3.307    3.974    4.680    5.375    6.045    6.612
CT2038:155           -5.005   -4.194   -3.373   -2.568   -1.806   -1.130
   -0.540   -0.045    0.352    0.643    0.844    0.969    1.033    1.049
    1.042    1.035    1.050    1.115    1.246    1.459    1.764    2.178
    2.682    3.266    3.909    4.590    5.261    5.904    6.437
CT2038:150           -5.035   -4.234   -3.422   -2.624   -1.866   -1.191
   -0.596   -0.092    0.320    0.632    0.860    1.016    1.112    1.159
    1.177    1.189    1.213    1.277    1.398    1.593    1.877    2.266
    2.748    3.312    3.941    4.614    5.280    5.921    6.454
CT2038:145           -5.234   -4.417   -3.592   -2.783   -2.015   -1.329
   -0.721   -0.198    0.236    0.576    0.836    1.027    1.159    1.239
    1.285    1.316    1.351    1.414    1.523    1.698    1.955    2.313
    2.764    3.297    3.896    4.541    5.179    5.791    6.290
CT2038:140           -5.285   -4.482   -3.668   -2.867   -2.104   -1.418
   -0.803   -0.269    0.184    0.548    0.838    1.062    1.227    1.339
    1.413    1.464    1.511    1.575    1.678    1.839    2.077    2.414
    2.842    3.354    3.936    4.569    5.199    5.806    6.303
CT2038:135           -5.330   -4.542   -3.740   -2.948   -2.191   -1.503
   -0.882   -0.335    0.136    0.525    0.844    1.099    1.296    1.438
    1.537    1.609    1.669    1.738    1.839    1.992    2.218    2.540
    2.953    3.453    4.025    4.655    5.289    5.904    6.419
CT2038:130           -5.402   -4.631   -3.840   -3.056   -2.303   -1.612
   -0.983   -0.421    0.070    0.483    0.829    1.112    1.337    1.504
    1.624    1.712    1.782    1.856    1.956    2.103    2.317    2.624
    3.021    3.505    4.062    4.681    5.306    5.914    6.427
CT2038:125           -5.401   -4.660   -3.890   -3.123   -2.378   -1.688
   -1.053   -0.479    0.030    0.466    0.836    1.143    1.391    1.578
    1.716    1.818    1.898    1.978    2.081    2.228    2.440    2.742
    3.133    3.611    4.166    4.786    5.418    6.039    6.574
CT2038:120           -5.489   -4.765   -4.006   -3.247   -2.504   -1.809
   -1.162   -0.571   -0.041    0.419    0.814    1.144    1.412    1.616
    1.766    1.877    1.964    2.048    2.153    2.300    2.508    2.804
    3.187    3.655    4.198    4.809    5.434    6.048    6.580
CT2038:115           -5.556   -4.856   -4.111   -3.362   -2.623   -1.923
   -1.265   -0.657   -0.105    0.378    0.796    1.147    1.433    1.650
    1.810    1.928    2.020    2.107    2.215    2.363    2.571    2.864
    3.242    3.704    4.240    4.844    5.463    6.073    6.605
CT2038:110           -5.655   -4.973   -4.240   -3.499   -2.760   -2.053
   -1.381   -0.754   -0.180    0.327    0.769    1.141    1.443    1.672
    1.840    1.963    2.059    2.149    2.259    2.409    2.618    2.910
    3.284    3.741    4.270    4.866    5.479    6.083    6.611
CT2038:105           -5.741   -5.084   -4.366   -3.634   -2.899   -2.186
   -1.502   -0.858   -0.263    0.268    0.731    1.123    1.442    1.682
    1.857    1.985    2.084    2.177    2.289    2.442    2.652    2.944
    3.315    3.767    4.289    4.876    5.480    6.075    6.595
CT2038:100           -5.846   -5.209   -4.504   -3.781   -3.048   -2.329
   -1.634   -0.974   -0.358    0.194    0.679    1.090    1.425    1.678
    1.861    1.996    2.100    2.199    2.316    2.473    2.687    2.980
    3.352    3.800    4.317    4.898    5.496    6.086    6.602
CT2038:095           -5.925   -5.317   -4.630   -3.921   -3.195   -2.476
   -1.774   -1.102   -0.471    0.099    0.602    1.029    1.378    1.643
    1.837    1.981    2.093    2.199    2.323    2.486    2.706    3.001
    3.371    3.815    4.325    4.897    5.483    6.061    6.565
CT2038:090           -6.033   -5.447   -4.776   -4.079   -3.359   -2.639
   -1.933   -1.252   -0.610   -0.026    0.491    0.933    1.296    1.574
    1.782    1.939    2.064    2.183    2.321    2.496    2.725    3.027
    3.400    3.844    4.352    4.918    5.500    6.072    6.574
CT2038:085           -6.036   -5.494   -4.854   -4.182   -3.482   -2.773
   -2.073   -1.394   -0.750   -0.161    0.362    0.813    1.186    1.477
    1.700    1.874    2.019    2.158    2.314    2.507    2.751    3.063
    3.444    3.892    4.401    4.967    5.547    6.120    6.623
CT2038:080           -6.142   -5.624   -5.003   -4.348   -3.659   -2.959
   -2.264   -1.587   -0.944   -0.354    0.173    0.629    1.012    1.317
    1.558    1.754    1.923    2.087    2.268    2.482    2.745    3.071
    3.460    3.912    4.422    4.985    5.563    6.132    6.634
CT2038:075           -6.146   -5.671   -5.084   -4.458   -3.794   -3.112
   -2.433   -1.769   -1.136   -0.553   -0.029    0.428    0.817    1.136
    1.396    1.618    1.816    2.011    2.222    2.464    2.751    3.096
    3.500    3.963    4.481    5.050    5.633    6.209    6.720
CT2038:070           -6.243   -5.794   -5.229   -4.623   -3.976   -3.310
   -2.645   -1.994   -1.372   -0.798   -0.279    0.178    0.574    0.906
    1.188    1.436    1.666    1.893    2.136    2.408    2.718    3.082
    3.500    3.972    4.495    5.066    5.649    6.224    6.735
CT2038:065           -6.416   -5.979   -5.425   -4.831   -4.197   -3.543
   -2.890   -2.251   -1.640   -1.074   -0.560   -0.102    0.301    0.649
    0.953    1.229    1.490    1.750    2.024    2.324    2.659    3.042
    3.473    3.953    4.480    5.050    5.630    6.200    6.703
CT2038:060           -6.500   -6.088   -5.558   -4.986   -4.372   -3.738
   -3.104   -2.482   -1.886   -1.331   -0.823   -0.365    0.045    0.407
    0.732    1.035    1.325    1.617    1.922    2.249    2.608    3.010
    3.457    3.950    4.485    5.060    5.644    6.217    6.722
CT2038:055           -6.779   -6.355   -5.820   -5.246   -4.635   -4.006
   -3.378   -2.764   -2.174   -1.624   -1.116   -0.654   -0.234    0.144
    0.491    0.818    1.136    1.454    1.784    2.134    2.512    2.930
    3.388    3.887    4.425    4.998    5.575    6.139    6.629
CT2038:050           -6.849   -6.451   -5.937   -5.384   -4.793   -4.182
   -3.572   -2.973   -2.396   -1.853   -1.349   -0.884   -0.456   -0.064
    0.301    0.649    0.989    1.330    1.682    2.052    2.450    2.884
    3.357    3.869    4.418    4.999    5.583    6.152    6.647
CT2038:045           -7.119   -6.704   -6.181   -5.623   -5.029   -4.420
   -3.813   -3.218   -2.643   -2.100   -1.592   -1.120   -0.682   -0.276
    0.105    0.471    0.830    1.189    1.559    1.946    2.359    2.807
    3.292    3.815    4.372    4.959    5.546    6.116    6.608
CT2038:040           -7.177   -6.784   -6.280   -5.739   -5.161   -4.568
   -3.974   -3.390   -2.824   -2.287   -1.780   -1.306   -0.862   -0.447
   -0.054    0.325    0.698    1.072    1.456    1.857    2.284    2.746
    3.245    3.780    4.350    4.948    5.544    6.123    6.622
CT2038:035           -7.456   -7.037   -6.515   -5.960   -5.373   -4.774
   -4.178   -3.592   -3.026   -2.487   -1.977   -1.498   -1.048   -0.625
   -0.222    0.168    0.552    0.939    1.337    1.753    2.195    2.672
    3.186    3.738    4.323    4.937    5.548    6.142    6.655
CT2038:030           -7.348   -6.960   -6.467   -5.940   -5.380   -4.806
   -4.232   -3.668   -3.121   -2.599   -2.104   -1.636   -1.195   -0.777
   -0.378    0.010    0.395    0.784    1.185    1.605    2.051    2.532
    3.049    3.602    4.187    4.799    5.407    5.998    6.509
CT2038:025           -7.589   -7.176   -6.665   -6.123   -5.551   -4.969
   -4.392   -3.827   -3.281   -2.762   -2.271   -1.808   -1.369   -0.954
   -0.554   -0.161    0.230    0.629    1.043    1.477    1.940    2.440
    2.977    3.551    4.157    4.790    5.420    6.032    6.565
CT2038:020           -7.623   -7.226   -6.726   -6.193   -5.629   -5.055
   -4.485   -3.929   -3.394   -2.887   -2.409   -1.959   -1.532   -1.125
   -0.732   -0.342    0.052    0.458    0.882    1.330    1.809    2.327
    2.883    3.476    4.100    4.750    5.395    6.021    6.567
CT2038:015           -7.762   -7.355   -6.848   -6.309   -5.739   -5.163
   -4.594   -4.042   -3.515   -3.020   -2.555   -2.119   -1.707   -1.313
   -0.928   -0.543   -0.149    0.262    0.697    1.161    1.658    2.198
    2.776    3.391    4.037    4.707    5.371    6.015    6.577
CT2038:010           -7.786   -7.392   -6.892   -6.360   -5.796   -5.225
   -4.664   -4.123   -3.609   -3.130   -2.684   -2.268   -1.875   -1.499
   -1.128   -0.753   -0.363    0.052    0.496    0.974    1.491    2.053
    2.655    3.294    3.963    4.654    5.335    5.997    6.573
CT2038:005           -7.878   -7.481   -6.979   -6.443   -5.877   -5.308
   -4.751   -4.217   -3.714   -3.251   -2.824   -2.429   -2.058   -1.701
   -1.348   -0.985   -0.602   -0.187    0.264    0.756    1.291    1.874
    2.499    3.159    3.848    4.554    5.247    5.917    6.495
CT2039:360           -7.891   -7.503   -7.007   -6.477   -5.917   -5.354
   -4.806   -4.285   -3.797   -3.353   -2.947   -2.575   -2.228   -1.894
   -1.560   -1.212   -0.837   -0.422    0.036    0.542    1.098    1.706
    2.358    3.046    3.761    4.491    5.204    5.893    6.487
