CT2012:360           -7.190   -7.120   -7.000   -6.881   -6.788   -6.760
   -6.797   -6.894   -7.038   -7.205   -7.356   -7.461   -7.493   -7.423
   -7.242   -6.958   -6.568   -6.077   -5.501   -4.844   -4.105   -3.274
   -2.360   -1.364   -0.295    0.847    2.014    3.177    4.276
CT2012:355           -7.405   -7.365   -7.273   -7.180   -7.112   -7.107
   -7.164   -7.280   -7.439   -7.619   -7.783   -7.901   -7.949   -7.897
   -7.739   -7.479   -7.113   -6.643   -6.083   -5.432   -4.688   -3.840
   -2.895   -1.857   -0.736    0.469    1.705    2.942    4.122
CT2012:350           -7.557   -7.549   -7.482   -7.411   -7.359   -7.365
   -7.429   -7.548   -7.709   -7.891   -8.061   -8.191   -8.260   -8.238
   -8.118   -7.902   -7.582   -7.152   -6.624   -5.994   -5.256   -4.397
   -3.428   -2.354   -1.187    0.071    1.363    2.658    3.898
CT2012:345           -7.755   -7.759   -7.696   -7.626   -7.569   -7.564
   -7.614   -7.716   -7.861   -8.031   -8.198   -8.338   -8.430   -8.448
   -8.382   -8.226   -7.968   -7.595   -7.112   -6.510   -5.783   -4.916
   -3.923   -2.813   -1.602   -0.294    1.051    2.400    3.694
CT2012:340           -7.867   -7.888   -7.829   -7.756   -7.687   -7.662
   -7.685   -7.759   -7.877   -8.029   -8.189   -8.340   -8.463   -8.533
   -8.533   -8.454   -8.274   -7.970   -7.541   -6.976   -6.264   -5.390
   -4.374   -3.230   -1.977   -0.622    0.771    2.168    3.511
CT2012:335           -8.025   -8.044   -7.970   -7.875   -7.776   -7.712
   -7.692   -7.721   -7.799   -7.923   -8.073   -8.235   -8.393   -8.522
   -8.600   -8.608   -8.514   -8.286   -7.917   -7.391   -6.696   -5.818
   -4.784   -3.611   -2.324   -0.932    0.496    1.927    3.302
CT2012:330           -8.097   -8.121   -8.034   -7.917   -7.785   -7.677
   -7.607   -7.586   -7.620   -7.713   -7.854   -8.030   -8.227   -8.422
   -8.583   -8.681   -8.675   -8.524   -8.212   -7.723   -7.044   -6.161
   -5.110   -3.910   -2.592   -1.167    0.295    1.760    3.168
CT2012:325           -8.196   -8.212   -8.099   -7.950   -7.774   -7.612
   -7.484   -7.407   -7.391   -7.452   -7.582   -7.773   -8.010   -8.269
   -8.510   -8.694   -8.772   -8.690   -8.431   -7.975   -7.312   -6.430
   -5.368   -4.154   -2.817   -1.375    0.104    1.586    3.010
CT2012:320           -8.233   -8.245   -8.111   -7.932   -7.715   -7.500
   -7.317   -7.184   -7.121   -7.151   -7.271   -7.476   -7.750   -8.066
   -8.377   -8.634   -8.780   -8.754   -8.538   -8.110   -7.461   -6.581
   -5.517   -4.295   -2.949   -1.496   -0.005    1.491    2.932
CT2012:315           -8.245   -8.254   -8.100   -7.893   -7.636   -7.373
   -7.137   -6.953   -6.846   -6.847   -6.956   -7.169   -7.470   -7.829
   -8.191   -8.502   -8.697   -8.712   -8.528   -8.123   -7.491   -6.623
   -5.567   -4.354   -3.015   -1.566   -0.077    1.419    2.866
CT2012:310           -8.253   -8.257   -8.083   -7.850   -7.558   -7.252
   -6.971   -6.742   -6.595   -6.566   -6.659   -6.870   -7.181   -7.561
   -7.950   -8.289   -8.511   -8.550   -8.387   -8.003   -7.391   -6.545
   -5.512   -4.320   -3.002   -1.569   -0.091    1.397    2.845
CT2012:305           -8.237   -8.238   -8.051   -7.800   -7.483   -7.145
   -6.828   -6.564   -6.382   -6.324   -6.394   -6.589   -6.890   -7.266
   -7.654   -7.994   -8.221   -8.269   -8.120   -7.756   -7.172   -6.359
   -5.361   -4.206   -2.921   -1.516   -0.059    1.414    2.857
CT2012:300           -8.222   -8.219   -8.023   -7.759   -7.427   -7.069
   -6.728   -6.437   -6.227   -6.138   -6.177   -6.340   -6.609   -6.955
   -7.316   -7.634   -7.846   -7.891   -7.751   -7.409   -6.857   -6.086
   -5.136   -4.028   -2.787   -1.419    0.010    1.459    2.890
CT2012:295           -8.217   -8.209   -8.008   -7.740   -7.402   -7.036
   -6.685   -6.378   -6.146   -6.027   -6.027   -6.145   -6.365   -6.658
   -6.970   -7.246   -7.429   -7.462   -7.327   -7.006   -6.490   -5.766
   -4.868   -3.812   -2.621   -1.295    0.099    1.519    2.932
CT2012:290           -8.180   -8.172   -7.976   -7.714   -7.385   -7.028
   -6.682   -6.374   -6.131   -5.988   -5.950   -6.017   -6.176   -6.405
   -6.653   -6.875   -7.018   -7.030   -6.893   -6.587   -6.104   -5.423
   -4.573   -3.566   -2.421   -1.134    0.228    1.619    3.010
CT2012:285           -8.121   -8.117   -7.935   -7.690   -7.384   -7.051
   -6.727   -6.434   -6.194   -6.037   -5.968   -5.987   -6.085   -6.245
   -6.426   -6.586   -6.681   -6.665   -6.517   -6.219   -5.756   -5.107
   -4.294   -3.327   -2.221   -0.969    0.359    1.720    3.084
CT2012:280           -8.062   -8.061   -7.894   -7.671   -7.395   -7.099
   -6.811   -6.548   -6.328   -6.172   -6.086   -6.069   -6.115   -6.211
   -6.325   -6.422   -6.465   -6.410   -6.239   -5.930   -5.469   -4.833
   -4.038   -3.091   -2.007   -0.780    0.525    1.861    3.200
CT2012:275           -7.919   -7.934   -7.797   -7.611   -7.380   -7.136
   -6.901   -6.689   -6.509   -6.376   -6.292   -6.259   -6.270   -6.316
   -6.372   -6.410   -6.396   -6.295   -6.088   -5.753   -5.276   -4.632
   -3.837   -2.897   -1.825   -0.617    0.662    1.968    3.268
CT2012:270           -7.830   -7.844   -7.725   -7.567   -7.376   -7.183
   -7.006   -6.850   -6.722   -6.627   -6.564   -6.532   -6.524   -6.533
   -6.538   -6.519   -6.447   -6.290   -6.033   -5.655   -5.141   -4.468
   -3.650   -2.694   -1.614   -0.409    0.859    2.148    3.420
CT2012:265           -7.620   -7.652   -7.565   -7.445   -7.303   -7.171
   -7.059   -6.971   -6.907   -6.864   -6.838   -6.822   -6.812   -6.796
   -6.761   -6.692   -6.565   -6.352   -6.040   -5.612   -5.054   -4.344
   -3.496   -2.520   -1.430   -0.229    1.021    2.284    3.511
CT2012:260           -7.491   -7.514   -7.436   -7.334   -7.222   -7.134
   -7.074   -7.043   -7.035   -7.043   -7.053   -7.058   -7.048   -7.012
   -6.942   -6.827   -6.647   -6.380   -6.016   -5.539   -4.936   -4.185
   -3.303   -2.300   -1.192    0.013    1.255    2.502    3.698
CT2012:255           -7.277   -7.299   -7.232   -7.146   -7.060   -7.007
   -6.989   -7.003   -7.042   -7.089   -7.129   -7.148   -7.137   -7.084
   -6.983   -6.829   -6.608   -6.301   -5.901   -5.391   -4.760   -3.986
   -3.085   -2.069   -0.957    0.240    1.460    2.676    3.822
CT2012:250           -7.105   -7.103   -7.024   -6.932   -6.846   -6.802
   -6.798   -6.831   -6.887   -6.950   -6.996   -7.013   -6.988   -6.911
   -6.780   -6.594   -6.344   -6.014   -5.598   -5.078   -4.440   -3.663
   -2.761   -1.746   -0.638    0.547    1.746    2.935    4.041
CT2012:245           -6.877   -6.853   -6.756   -6.647   -6.547   -6.491
   -6.477   -6.500   -6.546   -6.594   -6.623   -6.616   -6.564   -6.458
   -6.299   -6.093   -5.831   -5.503   -5.098   -4.598   -3.987   -3.240
   -2.368   -1.383   -0.307    0.841    1.998    3.138    4.181
CT2012:240           -6.663   -6.598   -6.462   -6.314   -6.176   -6.079
   -6.023   -6.002   -6.004   -6.006   -5.989   -5.937   -5.843   -5.701
   -5.518   -5.298   -5.040   -4.732   -4.361   -3.908   -3.348   -2.655
   -1.836   -0.901    0.128    1.232    2.343    3.437    4.429
CT2012:235           -6.334   -6.239   -6.066   -5.877   -5.690   -5.537
   -5.419   -5.332   -5.265   -5.199   -5.116   -5.006   -4.863   -4.686
   -4.483   -4.262   -4.022   -3.751   -3.433   -3.045   -2.559   -1.942
   -1.198   -0.334    0.629    1.673    2.728    3.766    4.704
CT2012:230           -6.083   -5.931   -5.695   -5.440   -5.180   -4.945
   -4.740   -4.561   -4.402   -4.249   -4.088   -3.911   -3.716   -3.507
   -3.292   -3.078   -2.864   -2.640   -2.384   -2.070   -1.668   -1.141
   -0.487    0.290    1.171    2.141    3.126    4.099    4.974
CT2012:225           -5.754   -5.551   -5.252   -4.928   -4.590   -4.266
   -3.964   -3.687   -3.429   -3.185   -2.945   -2.705   -2.466   -2.233
   -2.015   -1.815   -1.633   -1.456   -1.261   -1.019   -0.699   -0.260
    0.303    0.990    1.786    2.678    3.596    4.506    5.330
CT2012:220           -5.474   -5.203   -4.828   -4.423   -3.995   -3.574
   -3.170   -2.790   -2.434   -2.103   -1.792   -1.499   -1.227   -0.982
   -0.770   -0.590   -0.440   -0.307   -0.165    0.013    0.258    0.613
    1.085    1.678    2.382    3.187    4.024    4.857    5.612
CT2012:215           -5.233   -4.883   -4.424   -3.931   -3.409   -2.889
   -2.385   -1.908   -1.462   -1.055   -0.685   -0.354   -0.062    0.184
    0.383    0.541    0.662    0.760    0.860    0.988    1.175    1.460
    1.853    2.363    2.979    3.700    4.457    5.215    5.902
CT2012:210           -4.940   -4.518   -3.980   -3.406   -2.800   -2.192
   -1.603   -1.044   -0.526   -0.062    0.347    0.700    0.998    1.234
    1.414    1.548    1.643    1.714    1.785    1.879    2.024    2.255
    2.586    3.023    3.561    4.203    4.883    5.566    6.183
CT2012:205           -4.714   -4.209   -3.588   -2.930   -2.241   -1.553
   -0.888   -0.262    0.312    0.817    1.252    1.614    1.908    2.128
    2.288    2.399    2.473    2.526    2.578    2.652    2.771    2.965
    3.248    3.627    4.101    4.671    5.280    5.891    6.440
CT2012:200           -4.423   -3.847   -3.156   -2.429   -1.672   -0.923
   -0.202    0.471    1.081    1.609    2.053    2.414    2.696    2.898
    3.036    3.127    3.184    3.223    3.266    3.329    3.434    3.606
    3.857    4.194    4.617    5.128    5.674    6.222    6.707
CT2012:195           -4.163   -3.516   -2.758   -1.967   -1.152   -0.353
    0.410    1.115    1.748    2.286    2.732    3.087    3.355    3.540
    3.660    3.734    3.778    3.808    3.845    3.904    4.001    4.162
    4.392    4.700    5.084    5.547    6.040    6.532    6.957
CT2012:190           -3.887   -3.175   -2.360   -1.517   -0.656    0.179
    0.969    1.693    2.336    2.876    3.319    3.665    3.922    4.093
    4.199    4.261    4.295    4.318    4.350    4.406    4.500    4.653
    4.871    5.158    5.514    5.939    6.387    6.830    7.200
CT2012:185           -3.590   -2.825   -1.965   -1.081   -0.187    0.672
    1.477    2.209    2.855    3.393    3.830    4.170    4.420    4.584
    4.682    4.737    4.763    4.780    4.807    4.858    4.947    5.093
    5.300    5.572    5.906    6.300    6.711    7.111    7.431
CT2012:180           -3.338   -2.518   -1.615   -0.693    0.230    1.107
    1.923    2.660    3.306    3.843    4.279    4.618    4.869    5.033
    5.132    5.185    5.208    5.219    5.238    5.280    5.359    5.494
    5.689    5.946    6.261    6.629    7.007    7.370    7.643
CT2012:175           -3.017   -2.163   -1.233   -0.290    0.648    1.532
    2.351    3.088    3.732    4.269    4.707    5.051    5.308    5.481
    5.587    5.644    5.665    5.671    5.679    5.707    5.771    5.891
    6.070    6.311    6.608    6.956    7.309    7.644    7.883
CT2012:170           -2.797   -1.897   -0.934    0.036    0.992    1.888
    2.714    3.456    4.106    4.649    5.098    5.455    5.729    5.918
    6.037    6.104    6.127    6.126    6.120    6.129    6.169    6.264
    6.419    6.636    6.911    7.233    7.558    7.862    8.062
CT2012:165           -2.506   -1.581   -0.602    0.381    1.345    2.245
    3.074    3.820    4.476    5.030    5.493    5.869    6.164    6.375
    6.513    6.592    6.620    6.612    6.592    6.578    6.591    6.656
    6.783    6.975    7.227    7.530    7.835    8.120    8.297
CT2012:160           -2.318   -1.356   -0.352    0.651    1.629    2.539
    3.378    4.134    4.804    5.376    5.861    6.262    6.583    6.819
    6.978    7.072    7.106    7.092    7.055    7.015    6.995    7.024
    7.115    7.273    7.493    7.767    8.044    8.299    8.445
CT2012:155           -2.124   -1.132   -0.110    0.907    1.896    2.814
    3.662    4.431    5.116    5.708    6.216    6.643    6.992    7.254
    7.436    7.546    7.586    7.568    7.516    7.451    7.400    7.394
    7.448    7.571    7.761    8.010    8.264    8.498    8.623
CT2012:150           -1.970   -0.949    0.092    1.124    2.123    3.051
    3.910    4.691    5.392    6.004    6.536    6.989    7.363    7.650
    7.852    7.977    8.025    8.003    7.938    7.852    7.771    7.729
    7.746    7.833    7.989    8.207    8.433    8.641    8.738
CT2012:145           -1.803   -0.762    0.290    1.331    2.335    3.268
    4.132    4.923    5.636    6.264    6.815    7.288    7.684    7.992
    8.212    8.351    8.405    8.383    8.310    8.207    8.103    8.032
    8.017    8.071    8.196    8.387    8.588    8.772    8.848
CT2012:140           -1.686   -0.623    0.442    1.491    2.501    3.438
    4.307    5.103    5.825    6.464    7.028    7.516    7.928    8.251
    8.486    8.637    8.700    8.681    8.604    8.492    8.372    8.280
    8.241    8.269    8.368    8.533    8.712    8.874    8.929
CT2012:135           -1.558   -0.485    0.584    1.636    2.644    3.577
    4.443    5.237    5.958    6.598    7.166    7.661    8.081    8.415
    8.659    8.820    8.891    8.877    8.802    8.688    8.562    8.458
    8.402    8.411    8.488    8.631    8.788    8.927    8.960
CT2012:130           -1.480   -0.392    0.683    1.736    2.743    3.670
    4.528    5.313    6.026    6.659    7.223    7.715    8.137    8.474
    8.725    8.894    8.974    8.970    8.905    8.798    8.676    8.572
    8.513    8.515    8.581    8.712    8.856    8.983    9.004
CT2012:125           -1.496   -0.384    0.703    1.763    2.770    3.691
    4.539    5.311    6.009    6.628    7.178    7.661    8.076    8.411
    8.665    8.840    8.930    8.939    8.889    8.798    8.690    8.598
    8.547    8.552    8.617    8.744    8.881    9.000    9.012
CT2012:120           -1.460   -0.343    0.743    1.798    2.794    3.699
    4.526    5.274    5.946    6.539    7.065    7.527    7.925    8.250
    8.500    8.678    8.778    8.802    8.772    8.705    8.622    8.553
    8.521    8.541    8.617    8.747    8.885    9.004    9.013
CT2012:115           -1.453   -0.331    0.751    1.800    2.783    3.667
    4.470    5.189    5.830    6.390    6.884    7.316    7.690    7.997
    8.238    8.416    8.525    8.570    8.567    8.533    8.487    8.455
    8.459    8.511    8.613    8.766    8.924    9.062    9.094
CT2012:110           -1.464   -0.345    0.728    1.764    2.729    3.590
    4.363    5.049    5.652    6.173    6.628    7.024    7.365    7.647
    7.871    8.042    8.158    8.221    8.246    8.248    8.244    8.255
    8.298    8.384    8.516    8.689    8.862    9.012    9.052
CT2012:105           -1.366   -0.279    0.764    1.769    2.702    3.526
    4.261    4.905    5.464    5.940    6.350    6.702    7.003    7.252
    7.454    7.614    7.732    7.814    7.870    7.913    7.957    8.019
    8.112    8.244    8.416    8.622    8.824    9.001    9.066
CT2012:100           -1.423   -0.349    0.677    1.663    2.574    3.371
    4.073    4.682    5.203    5.638    6.005    6.314    6.575    6.789
    6.965    7.110    7.229    7.325    7.411    7.494    7.585    7.698
    7.842    8.020    8.232    8.471    8.700    8.900    8.983
CT2012:095           -1.537   -0.478    0.531    1.497    2.385    3.155
    3.829    4.405    4.891    5.287    5.614    5.883    6.103    6.282
    6.430    6.557    6.671    6.778    6.886    7.002    7.135    7.293
    7.480    7.698    7.942    8.203    8.443    8.650    8.727
CT2012:090           -1.640   -0.604    0.381    1.323    2.185    2.928
    3.573    4.119    4.572    4.934    5.225    5.457    5.642    5.788
    5.910    6.021    6.129    6.244    6.373    6.522    6.695    6.900
    7.135    7.400    7.688    7.988    8.262    8.500    8.605
CT2012:085           -1.985   -0.940    0.045    0.984    1.837    2.569
    3.199    3.727    4.161    4.499    4.765    4.969    5.126    5.247
    5.348    5.443    5.544    5.662    5.805    5.976    6.179    6.420
    6.693    6.993    7.314    7.638    7.930    8.181    8.288
CT2012:080           -2.138   -1.127   -0.173    0.735    1.559    2.263
    2.867    3.371    3.780    4.094    4.334    4.513    4.645    4.743
    4.825    4.906    5.000    5.121    5.275    5.467    5.700    5.976
    6.290    6.633    6.996    7.361    7.693    7.982    8.124
CT2012:075           -2.323   -1.348   -0.429    0.447    1.241    1.918
    2.497    2.977    3.364    3.656    3.875    4.033    4.146    4.226
    4.293    4.364    4.454    4.580    4.746    4.959    5.221    5.536
    5.894    6.285    6.700    7.120    7.507    7.854    8.060
CT2012:070           -2.528   -1.598   -0.719    0.117    0.876    1.522
    2.072    2.527    2.889    3.158    3.355    3.493    3.587    3.650
    3.705    3.767    3.855    3.985    4.163    4.396    4.684    5.033
    5.429    5.863    6.321    6.785    7.217    7.607    7.856
CT2012:065           -2.513   -1.675   -0.873   -0.107    0.591    1.184
    1.688    2.102    2.427    2.663    2.831    2.942    3.014    3.061
    3.104    3.163    3.255    3.398    3.598    3.860    4.188    4.584
    5.035    5.529    6.054    6.591    7.101    7.576    7.923
CT2012:060           -2.760   -1.977   -1.228   -0.511    0.141    0.692
    1.156    1.531    1.820    2.023    2.159    2.243    2.292    2.324
    2.359    2.417    2.518    2.679    2.904    3.199    3.565    4.005
    4.502    5.046    5.621    6.208    6.768    7.292    7.690
CT2012:055           -2.857   -2.164   -1.493   -0.849   -0.265    0.225
    0.631    0.952    1.189    1.344    1.438    1.488    1.510    1.524
    1.555    1.619    1.737    1.926    2.189    2.530    2.948    3.446
    4.005    4.612    5.253    5.910    6.543    7.143    7.626
CT2012:050           -3.131   -2.502   -1.893   -1.311   -0.786   -0.354
   -0.005    0.258    0.440    0.544    0.592    0.603    0.597    0.598
    0.628    0.704    0.846    1.072    1.380    1.771    2.245    2.801
    3.418    4.084    4.783    5.495    6.183    6.838    7.377
CT2012:045           -3.387   -2.831   -2.292   -1.779   -1.322   -0.958
   -0.676   -0.478   -0.361   -0.317   -0.320   -0.349   -0.382   -0.393
   -0.358   -0.262   -0.085    0.185    0.546    0.996    1.532    2.151
    2.833    3.562    4.324    5.099    5.851    6.571    7.177
CT2012:040           -3.672   -3.186   -2.718   -2.275   -1.888   -1.595
   -1.384   -1.257   -1.208   -1.226   -1.282   -1.350   -1.407   -1.423
   -1.376   -1.254   -1.039   -0.718   -0.302    0.207    0.804    1.485
    2.227    3.016    3.837    4.670    5.480    6.259    6.924
CT2012:035           -4.004   -3.583   -3.181   -2.806   -2.488   -2.265
   -2.125   -2.069   -2.086   -2.164   -2.267   -2.370   -2.444   -2.459
   -2.394   -2.239   -1.981   -1.611   -1.141   -0.576    0.077    0.812
    1.609    2.452    3.326    4.213    5.076    5.908    6.626
CT2012:030           -4.287   -3.938   -3.609   -3.307   -3.062   -2.912
   -2.844   -2.857   -2.939   -3.071   -3.217   -3.346   -3.430   -3.436
   -3.347   -3.158   -2.857   -2.439   -1.920   -1.306   -0.605    0.179
    1.025    1.919    2.845    3.788    4.708    5.599    6.379
CT2012:025           -4.671   -4.375   -4.104   -3.862   -3.678   -3.590
   -3.583   -3.655   -3.789   -3.964   -4.139   -4.283   -4.368   -4.360
   -4.245   -4.022   -3.683   -3.227   -2.672   -2.024   -1.290   -0.474
    0.404    1.332    2.293    3.271    4.227    5.151    5.959
CT2012:020           -4.941   -4.715   -4.512   -4.336   -4.219   -4.193
   -4.245   -4.370   -4.549   -4.756   -4.952   -5.103   -5.183   -5.156
   -5.015   -4.762   -4.391   -3.905   -3.321   -2.647   -1.887   -1.044
   -0.134    0.830    1.834    2.862    3.872    4.853    5.722
CT2012:015           -5.267   -5.094   -4.946   -4.825   -4.761   -4.785
   -4.883   -5.046   -5.256   -5.482   -5.687   -5.836   -5.905   -5.861
   -5.698   -5.423   -5.033   -4.530   -3.934   -3.249   -2.479   -1.623
   -0.698    0.288    1.318    2.376    3.419    4.433    5.330
CT2012:010           -5.514   -5.402   -5.311   -5.244   -5.230   -5.297
   -5.432   -5.623   -5.853   -6.089   -6.293   -6.436   -6.494   -6.435
   -6.258   -5.971   -5.571   -5.063   -4.463   -3.774   -2.999   -2.132
   -1.189   -0.177    0.887    1.990    3.084    4.152    5.108
CT2012:005           -5.715   -5.664   -5.626   -5.608   -5.637   -5.739
   -5.899   -6.108   -6.346   -6.582   -6.782   -6.916   -6.964   -6.899
   -6.719   -6.432   -6.038   -5.537   -4.945   -4.263   -3.490   -2.618
   -1.660   -0.627    0.469    1.613    2.753    3.870    4.879
CT2013:360           -5.929   -5.927   -5.929   -5.946   -6.004   -6.125
   -6.296   -6.509   -6.743   -6.970   -7.159   -7.285   -7.328   -7.265
   -7.094   -6.823   -6.448   -5.967   -5.393   -4.724   -3.956   -3.081
   -2.110   -1.053    0.074    1.260    2.447    3.615    4.679
