CT2016:360           -6.115   -5.841   -5.598   -5.393   -5.270   -5.269
   -5.362   -5.535   -5.762   -6.011   -6.241   -6.423   -6.533   -6.543
   -6.446   -6.241   -5.919   -5.473   -4.915   -4.244   -3.459   -2.555
   -1.553   -0.469    0.676    1.859    3.023    4.152    5.147
CT2016:355           -6.257   -5.980   -5.729   -5.515   -5.381   -5.366
   -5.447   -5.611   -5.836   -6.094   -6.345   -6.560   -6.714   -6.777
   -6.735   -6.583   -6.307   -5.895   -5.357   -4.692   -3.899   -2.975
   -1.944   -0.825    0.358    1.581    2.787    3.957    4.992
CT2016:350           -6.334   -6.062   -5.806   -5.584   -5.437   -5.408
   -5.475   -5.631   -5.856   -6.126   -6.405   -6.663   -6.873   -7.000
   -7.024   -6.935   -6.710   -6.333   -5.813   -5.148   -4.342   -3.391
   -2.327   -1.170    0.053    1.316    2.559    3.766    4.835
CT2016:345           -6.450   -6.168   -5.895   -5.653   -5.482   -5.429
   -5.475   -5.617   -5.838   -6.122   -6.432   -6.737   -7.008   -7.207
   -7.303   -7.280   -7.108   -6.764   -6.258   -5.590   -4.764   -3.781
   -2.678   -1.480   -0.215    1.087    2.366    3.609    4.714
CT2016:340           -6.509   -6.224   -5.939   -5.679   -5.486   -5.408
   -5.433   -5.559   -5.776   -6.074   -6.415   -6.770   -7.105   -7.376
   -7.546   -7.590   -7.471   -7.160   -6.668   -5.995   -5.149   -4.134
   -2.995   -1.759   -0.459    0.876    2.185    3.456    4.586
CT2016:335           -6.546   -6.258   -5.958   -5.679   -5.461   -5.355
   -5.354   -5.460   -5.670   -5.976   -6.343   -6.741   -7.133   -7.472
   -7.710   -7.815   -7.745   -7.466   -6.987   -6.312   -5.450   -4.411
   -3.242   -1.976   -0.646    0.715    2.049    3.344    4.498
CT2016:330           -6.589   -6.296   -5.978   -5.677   -5.431   -5.294
   -5.261   -5.343   -5.536   -5.841   -6.222   -6.649   -7.083   -7.473
   -7.766   -7.923   -7.895   -7.646   -7.185   -6.516   -5.650   -4.599
   -3.416   -2.134   -0.790    0.585    1.932    3.240    4.409
CT2016:325           -6.583   -6.293   -5.964   -5.645   -5.374   -5.206
   -5.142   -5.193   -5.363   -5.654   -6.034   -6.471   -6.926   -7.346
   -7.673   -7.866   -7.874   -7.654   -7.217   -6.566   -5.713   -4.671
   -3.494   -2.218   -0.877    0.496    1.842    3.151    4.324
CT2016:320           -6.614   -6.319   -5.974   -5.634   -5.334   -5.131
   -5.030   -5.044   -5.179   -5.440   -5.797   -6.219   -6.667   -7.089
   -7.426   -7.636   -7.665   -7.472   -7.065   -6.445   -5.625   -4.614
   -3.466   -2.214   -0.895    0.462    1.799    3.101    4.276
CT2016:315           -6.617   -6.322   -5.965   -5.609   -5.284   -5.049
   -4.911   -4.885   -4.977   -5.195   -5.510   -5.893   -6.307   -6.703
   -7.024   -7.230   -7.268   -7.098   -6.726   -6.150   -5.380   -4.422
   -3.325   -2.120   -0.841    0.486    1.801    3.088    4.259
CT2016:310           -6.639   -6.342   -5.975   -5.603   -5.256   -4.990
   -4.815   -4.745   -4.787   -4.951   -5.207   -5.531   -5.887   -6.231
   -6.512   -6.693   -6.726   -6.573   -6.237   -5.714   -5.009   -4.122
   -3.096   -1.957   -0.735    0.548    1.831    3.093    4.253
CT2016:305           -6.694   -6.390   -6.010   -5.623   -5.255   -4.961
   -4.750   -4.637   -4.628   -4.730   -4.917   -5.166   -5.446   -5.719
   -5.941   -6.078   -6.092   -5.948   -5.645   -5.177   -4.544   -3.740
   -2.797   -1.738   -0.586    0.641    1.881    3.108    4.249
CT2016:300           -6.707   -6.406   -6.024   -5.631   -5.253   -4.940
   -4.702   -4.552   -4.496   -4.538   -4.655   -4.825   -5.022   -5.213
   -5.362   -5.444   -5.426   -5.279   -5.001   -4.583   -4.019   -3.298
   -2.443   -1.466   -0.389    0.777    1.971    3.161    4.283
CT2016:295           -6.726   -6.429   -6.049   -5.657   -5.274   -4.949
   -4.692   -4.514   -4.418   -4.407   -4.459   -4.553   -4.666   -4.772
   -4.844   -4.862   -4.801   -4.640   -4.375   -3.997   -3.495   -2.851
   -2.079   -1.185   -0.185    0.918    2.059    3.205    4.297
CT2016:290           -6.730   -6.440   -6.067   -5.680   -5.300   -4.972
   -4.705   -4.508   -4.383   -4.329   -4.325   -4.351   -4.389   -4.415
   -4.409   -4.360   -4.249   -4.063   -3.798   -3.443   -2.986   -2.404
   -1.702   -0.880    0.052    1.096    2.190    3.296    4.363
CT2016:285           -6.641   -6.379   -6.030   -5.664   -5.302   -4.985
   -4.722   -4.521   -4.380   -4.297   -4.251   -4.223   -4.197   -4.153
   -4.078   -3.965   -3.804   -3.586   -3.310   -2.966   -2.538   -2.003
   -1.357   -0.596    0.275    1.263    2.308    3.369    4.402
CT2016:280           -6.632   -6.378   -6.042   -5.690   -5.340   -5.033
   -4.774   -4.570   -4.418   -4.313   -4.232   -4.160   -4.080   -3.975
   -3.838   -3.667   -3.457   -3.204   -2.909   -2.560   -2.146   -1.638
   -1.030   -0.313    0.512    1.456    2.461    3.487    4.494
CT2016:275           -6.503   -6.281   -5.975   -5.651   -5.327   -5.041
   -4.797   -4.600   -4.446   -4.326   -4.221   -4.114   -3.992   -3.839
   -3.652   -3.433   -3.181   -2.897   -2.581   -2.224   -1.812   -1.319
   -0.736   -0.050    0.740    1.646    2.616    3.607    4.584
CT2016:270           -6.473   -6.258   -5.964   -5.654   -5.345   -5.070
   -4.835   -4.639   -4.479   -4.344   -4.214   -4.074   -3.913   -3.719
   -3.492   -3.235   -2.951   -2.641   -2.306   -1.939   -1.525   -1.039
   -0.469    0.197    0.962    1.841    2.781    3.745    4.696
CT2016:265           -6.412   -6.205   -5.923   -5.626   -5.330   -5.065
   -4.835   -4.638   -4.469   -4.315   -4.160   -3.989   -3.794   -3.565
   -3.306   -3.023   -2.717   -2.392   -2.046   -1.672   -1.256   -0.772
   -0.209    0.446    1.196    2.056    2.976    3.919    4.853
CT2016:260           -6.353   -6.147   -5.870   -5.579   -5.290   -5.029
   -4.797   -4.592   -4.407   -4.230   -4.045   -3.842   -3.615   -3.358
   -3.076   -2.777   -2.462   -2.133   -1.788   -1.416   -1.003   -0.525
    0.032    0.676    1.412    2.254    3.153    4.073    4.982
CT2016:255           -6.332   -6.112   -5.828   -5.530   -5.235   -4.965
   -4.719   -4.496   -4.287   -4.079   -3.860   -3.624   -3.367   -3.087
   -2.791   -2.485   -2.172   -1.850   -1.515   -1.153   -0.749   -0.279
    0.269    0.905    1.629    2.455    3.336    4.236    5.122
CT2016:250           -6.241   -6.012   -5.719   -5.414   -5.108   -4.823
   -4.559   -4.312   -4.073   -3.832   -3.581   -3.314   -3.033   -2.738
   -2.437   -2.136   -1.834   -1.529   -1.211   -0.866   -0.478   -0.020
    0.517    1.141    1.853    2.663    3.526    4.405    5.266
CT2016:245           -6.224   -5.964   -5.644   -5.310   -4.977   -4.661
   -4.363   -4.079   -3.802   -3.525   -3.241   -2.948   -2.650   -2.350
   -2.054   -1.766   -1.484   -1.202   -0.908   -0.585   -0.217    0.224
    0.745    1.352    2.046    2.834    3.669    4.519    5.342
CT2016:240           -6.102   -5.820   -5.475   -5.115   -4.751   -4.400
   -4.064   -3.740   -3.425   -3.113   -2.803   -2.494   -2.191   -1.897
   -1.618   -1.353   -1.097   -0.842   -0.573   -0.272    0.078    0.504
    1.011    1.605    2.284    3.056    3.872    4.701    5.499
CT2016:235           -6.134   -5.797   -5.398   -4.984   -4.565   -4.159
   -3.767   -3.391   -3.028   -2.680   -2.346   -2.029   -1.731   -1.457
   -1.206   -0.975   -0.755   -0.533   -0.294   -0.020    0.306    0.707
    1.188    1.753    2.399    3.128    3.893    4.662    5.384
CT2016:230           -5.987   -5.617   -5.176   -4.717   -4.247   -3.787
   -3.341   -2.913   -2.507   -2.128   -1.779   -1.463   -1.182   -0.939
   -0.728   -0.538   -0.357   -0.168    0.045    0.299    0.609    0.998
    1.467    2.019    2.650    3.361    4.106    4.853    5.547
CT2016:225           -5.990   -5.555   -5.047   -4.519   -3.978   -3.446
   -2.931   -2.441   -1.982   -1.570   -1.206   -0.895   -0.638   -0.435
   -0.273   -0.134   -0.001    0.147    0.326    0.552    0.838    1.202
    1.644    2.165    2.758    3.421    4.107    4.787    5.395
CT2016:220           -5.832   -5.354   -4.791   -4.204   -3.598   -2.998
   -2.416   -1.865   -1.357   -0.913   -0.537   -0.235   -0.005    0.155
    0.266    0.352    0.435    0.541    0.687    0.888    1.155    1.505
    1.933    2.439    3.015    3.658    4.320    4.975    5.553
CT2016:215           -5.642   -5.121   -4.503   -3.855   -3.182   -2.510
   -1.859   -1.245   -0.685   -0.206    0.184    0.481    0.688    0.808
    0.869    0.901    0.932    0.992    1.100    1.271    1.516    1.849
    2.263    2.756    3.318    3.946    4.594    5.235    5.800
CT2016:210           -5.485   -4.916   -4.237   -3.524   -2.778   -2.032
   -1.307   -0.626   -0.010    0.509    0.922    1.223    1.415    1.502
    1.519    1.499    1.475    1.482    1.543    1.673    1.884    2.188
    2.577    3.045    3.582    4.184    4.803    5.414    5.947
CT2016:205           -5.217   -4.614   -3.886   -3.117   -2.308   -1.493
   -0.700    0.046    0.719    1.282    1.724    2.038    2.228    2.297
    2.281    2.218    2.146    2.103    2.115    2.203    2.379    2.656
    3.025    3.480    4.009    4.611    5.238    5.862    6.422
CT2016:200           -5.068   -4.416   -3.629   -2.797   -1.919   -1.032
   -0.169    0.645    1.379    1.994    2.476    2.817    3.019    3.083
    3.045    2.948    2.829    2.731    2.686    2.716    2.836    3.064
    3.388    3.802    4.293    4.858    5.449    6.038    6.563
CT2016:195           -4.889   -4.194   -3.354   -2.464   -1.525   -0.574
    0.354    1.231    2.025    2.693    3.222    3.601    3.829    3.904
    3.862    3.744    3.590    3.444    3.344    3.316    3.379    3.554
    3.831    4.204    4.660    5.198    5.767    6.337    6.853
CT2016:190           -4.752   -4.013   -3.123   -2.181   -1.186   -0.177
    0.809    1.743    2.593    3.315    3.895    4.319    4.584    4.684
    4.652    4.528    4.349    4.163    4.010    3.922    3.920    4.031
    4.247    4.564    4.969    5.461    5.986    6.515    6.993
CT2016:185           -4.637   -3.855   -2.919   -1.930   -0.887    0.169
    1.204    2.186    3.085    3.858    4.488    4.961    5.271    5.408
    5.399    5.285    5.097    4.883    4.687    4.543    4.479    4.524
    4.675    4.930    5.277    5.716    6.192    6.673    7.106
CT2016:180           -4.516   -3.699   -2.727   -1.703   -0.624    0.467
    1.537    2.555    3.493    4.308    4.983    5.505    5.865    6.046
    6.074    5.984    5.803    5.576    5.351    5.163    5.045    5.029
    5.117    5.311    5.601    5.987    6.415    6.851    7.243
CT2016:175           -4.453   -3.597   -2.591   -1.534   -0.427    0.690
    1.784    2.828    3.793    4.641    5.356    5.923    6.333    6.565
    6.638    6.584    6.425    6.201    5.962    5.743    5.579    5.507
    5.535    5.666    5.894    6.221    6.592    6.973    7.313
CT2016:170           -4.353   -3.472   -2.446   -1.372   -0.252    0.875
    1.977    3.031    4.010    4.879    5.624    6.230    6.686    6.970
    7.095    7.087    6.964    6.760    6.523    6.290    6.096    5.981
    5.959    6.036    6.209    6.484    6.806    7.142    7.442
CT2016:165           -4.331   -3.419   -2.371   -1.281   -0.151    0.978
    2.081    3.135    4.118    4.999    5.767    6.406    6.905    7.240
    7.420    7.465    7.388    7.215    6.993    6.758    6.546    6.397
    6.329    6.354    6.472    6.689    6.956    7.236    7.485
CT2016:160           -4.255   -3.327   -2.274   -1.181   -0.057    1.062
    2.151    3.193    4.169    5.052    5.832    6.496    7.033    7.417
    7.653    7.755    7.729    7.598    7.404    7.181    6.964    6.794
    6.694    6.678    6.751    6.923    7.146    7.385    7.598
CT2016:155           -4.250   -3.301   -2.239   -1.145   -0.026    1.079
    2.152    3.177    4.140    5.019    5.806    6.490    7.059    7.489
    7.778    7.936    7.964    7.878    7.717    7.512    7.297    7.111
    6.982    6.927    6.953    7.074    7.246    7.434    7.597
CT2016:150           -4.199   -3.243   -2.183   -1.095    0.010    1.094
    2.144    3.147    4.092    4.961    5.749    6.447    7.043    7.513
    7.851    8.062    8.144    8.105    7.982    7.801    7.596    7.405
    7.258    7.176    7.170    7.256    7.394    7.549    7.684
CT2016:145           -4.162   -3.200   -2.145   -1.065    0.024    1.088
    2.115    3.095    4.020    4.877    5.663    6.369    6.985    7.487
    7.867    8.125    8.254    8.259    8.171    8.015    7.823    7.630
    7.470    7.367    7.334    7.388    7.495    7.619    7.727
CT2016:140           -4.137   -3.173   -2.121   -1.050    0.026    1.072
    2.079    3.038    3.944    4.787    5.567    6.276    6.904    7.429
    7.839    8.135    8.303    8.345    8.290    8.158    7.980    7.791
    7.626    7.511    7.460    7.495    7.582    7.687    7.778
CT2016:135           -4.042   -3.091   -2.054   -0.998    0.060    1.086
    2.072    3.010    3.897    4.723    5.490    6.193    6.822    7.356
    7.785    8.104    8.301    8.374    8.346    8.239    8.080    7.903
    7.744    7.630    7.578    7.610    7.696    7.801    7.897
CT2016:130           -4.042   -3.091   -2.058   -1.008    0.043    1.058
    2.032    2.956    3.826    4.635    5.386    6.073    6.691    7.221
    7.651    7.979    8.191    8.284    8.278    8.193    8.054    7.893
    7.746    7.641    7.593    7.626    7.711    7.815    7.908
CT2016:125           -3.972   -3.038   -2.018   -0.981    0.058    1.061
    2.020    2.928    3.778    4.564    5.287    5.946    6.537    7.044
    7.459    7.780    7.996    8.101    8.115    8.055    7.944    7.811
    7.691    7.611    7.586    7.639    7.742    7.863    7.973
CT2016:120           -3.995   -3.065   -2.049   -1.016    0.019    1.016
    1.966    2.860    3.690    4.446    5.135    5.754    6.303    6.771
    7.154    7.453    7.660    7.770    7.803    7.770    7.693    7.597
    7.516    7.471    7.479    7.558    7.683    7.822    7.944
CT2016:115           -4.088   -3.157   -2.140   -1.106   -0.071    0.923
    1.865    2.743    3.548    4.269    4.912    5.478    5.971    6.384
    6.720    6.985    7.173    7.284    7.333    7.330    7.292    7.241
    7.205    7.203    7.247    7.354    7.495    7.644    7.758
CT2016:110           -4.134   -3.214   -2.205   -1.179   -0.152    0.830
    1.757    2.611    3.383    4.058    4.644    5.145    5.570    5.917
    6.197    6.420    6.586    6.698    6.768    6.804    6.819    6.830
    6.859    6.921    7.025    7.183    7.368    7.553    7.693
CT2016:105           -4.319   -3.393   -2.382   -1.356   -0.331    0.642
    1.552    2.381    3.115    3.738    4.262    4.692    5.042    5.317
    5.536    5.712    5.854    5.965    6.056    6.133    6.203    6.279
    6.376    6.502    6.663    6.866    7.081    7.287    7.425
CT2016:100           -4.395   -3.488   -2.496   -1.488   -0.483    0.466
    1.345    2.133    2.818    3.380    3.833    4.187    4.459    4.661
    4.819    4.952    5.072    5.188    5.306    5.431    5.567    5.722
    5.901    6.110    6.350    6.621    6.893    7.150    7.323
CT2016:095           -4.495   -3.611   -2.641   -1.658   -0.681    0.236
    1.075    1.817    2.445    2.941    3.322    3.601    3.798    3.932
    4.035    4.129    4.233    4.358    4.510    4.689    4.897    5.137
    5.407    5.707    6.035    6.386    6.731    7.054    7.284
CT2016:090           -4.605   -3.749   -2.812   -1.861   -0.921   -0.047
    0.743    1.429    1.995    2.423    2.731    2.937    3.064    3.137
    3.191    3.253    3.347    3.486    3.673    3.908    4.187    4.510
    4.869    5.257    5.668    6.092    6.500    6.879    7.150
CT2016:085           -4.660   -3.849   -2.958   -2.057   -1.167   -0.350
    0.380    1.000    1.498    1.854    2.090    2.227    2.291    2.312
    2.328    2.370    2.463    2.626    2.856    3.153    3.511    3.923
    4.376    4.859    5.363    5.874    6.363    6.820    7.163
CT2016:080           -4.800   -4.028   -3.182   -2.329   -1.494   -0.736
   -0.071    0.480    0.907    1.192    1.361    1.436    1.445    1.424
    1.413    1.444    1.546    1.738    2.017    2.376    2.808    3.303
    3.840    4.405    4.985    5.565    6.113    6.623    7.010
CT2016:075           -4.865   -4.151   -3.368   -2.579   -1.813   -1.129
   -0.540   -0.066    0.284    0.497    0.599    0.616    0.580    0.527
    0.502    0.535    0.658    0.891    1.224    1.652    2.161    2.738
    3.357    4.002    4.658    5.307    5.919    6.491    6.934
CT2016:070           -5.027   -4.359   -3.632   -2.904   -2.204   -1.593
   -1.081   -0.683   -0.407   -0.263   -0.219   -0.250   -0.320   -0.390
   -0.416   -0.367   -0.211    0.070    0.463    0.959    1.540    2.190
    2.880    3.591    4.308    5.010    5.670    6.287    6.771
CT2016:065           -5.104   -4.502   -3.846   -3.192   -2.571   -2.043
   -1.614   -1.298   -1.098   -1.019   -1.029   -1.097   -1.189   -1.261
   -1.272   -1.192   -0.992   -0.655   -0.200    0.363    1.012    1.727
    2.479    3.248    4.018    4.771    5.482    6.149    6.685
CT2016:060           -5.274   -4.721   -4.126   -3.537   -2.989   -2.538
   -2.186   -1.945   -1.813   -1.789   -1.837   -1.926   -2.022   -2.078
   -2.056   -1.933   -1.680   -1.286   -0.771   -0.152    0.549    1.312
    2.106    2.913    3.719    4.506    5.250    5.951    6.522
CT2016:055           -5.400   -4.906   -4.377   -3.860   -3.386   -3.013
   -2.738   -2.567   -2.496   -2.515   -2.588   -2.681   -2.760   -2.782
   -2.712   -2.533   -2.222   -1.773   -1.209   -0.548    0.189    0.980
    1.798    2.627    3.455    4.267    5.039    5.772    6.379
CT2016:050           -5.566   -5.121   -4.651   -4.196   -3.790   -3.486
   -3.277   -3.166   -3.142   -3.189   -3.267   -3.345   -3.388   -3.357
   -3.225   -2.982   -2.612   -2.115   -1.515   -0.830   -0.080    0.717
    1.538    2.371    3.207    4.032    4.824    5.581    6.220
CT2016:045           -5.702   -5.309   -4.899   -4.505   -4.164   -3.924
   -3.775   -3.713   -3.723   -3.783   -3.852   -3.897   -3.889   -3.792
   -3.590   -3.281   -2.857   -2.324   -1.705   -1.017   -0.276    0.504
    1.309    2.129    2.957    3.785    4.587    5.358    6.019
CT2016:040           -5.857   -5.507   -5.147   -4.805   -4.519   -4.331
   -4.228   -4.202   -4.233   -4.292   -4.337   -4.338   -4.269   -4.101
   -3.827   -3.454   -2.983   -2.425   -1.802   -1.126   -0.410    0.341
    1.118    1.917    2.735    3.565    4.380    5.169    5.860
CT2016:035           -5.943   -5.644   -5.336   -5.048   -4.813   -4.672
   -4.608   -4.610   -4.653   -4.703   -4.721   -4.676   -4.547   -4.311
   -3.972   -3.546   -3.040   -2.469   -1.854   -1.203   -0.522    0.192
    0.936    1.712    2.517    3.349    4.176    4.984    5.705
CT2016:030           -6.075   -5.809   -5.539   -5.288   -5.090   -4.982
   -4.944   -4.962   -5.010   -5.047   -5.036   -4.949   -4.769   -4.479
   -4.091   -3.626   -3.098   -2.525   -1.925   -1.303   -0.657    0.021
    0.736    1.492    2.288    3.125    3.968    4.797    5.549
CT2016:025           -6.118   -5.894   -5.663   -5.450   -5.288   -5.209
   -5.194   -5.226   -5.277   -5.305   -5.276   -5.162   -4.950   -4.626
   -4.210   -3.725   -3.189   -2.622   -2.039   -1.440   -0.820   -0.164
    0.535    1.287    2.091    2.949    3.824    4.692    5.495
CT2016:020           -6.216   -6.015   -5.806   -5.616   -5.476   -5.415
   -5.412   -5.452   -5.505   -5.531   -5.494   -5.371   -5.150   -4.820
   -4.400   -3.917   -3.389   -2.836   -2.270   -1.689   -1.085   -0.441
    0.256    1.012    1.828    2.708    3.610    4.508    5.346
CT2016:015           -6.281   -6.098   -5.908   -5.735   -5.609   -5.561
   -5.569   -5.617   -5.677   -5.710   -5.682   -5.571   -5.366   -5.054
   -4.656   -4.196   -3.690   -3.155   -2.601   -2.026   -1.421   -0.765
   -0.050    0.734    1.584    2.505    3.453    4.400    5.291
CT2016:010           -6.341   -6.169   -5.989   -5.825   -5.708   -5.668
   -5.684   -5.741   -5.813   -5.864   -5.861   -5.783   -5.617   -5.351
   -4.999   -4.582   -4.111   -3.599   -3.057   -2.480   -1.861   -1.180
   -0.431    0.391    1.283    2.248    3.238    4.226    5.154
CT2016:005           -6.435   -6.259   -6.075   -5.908   -5.789   -5.749
   -5.769   -5.835   -5.923   -6.000   -6.036   -6.007   -5.900   -5.698
   -5.410   -5.051   -4.625   -4.141   -3.606   -3.019   -2.372   -1.648
   -0.849    0.029    0.978    1.998    3.040    4.079    5.053
CT2017:360           -6.458   -6.282   -6.096   -5.927   -5.806   -5.768
   -5.794   -5.873   -5.984   -6.098   -6.184   -6.220   -6.188   -6.068
   -5.860   -5.571   -5.199   -4.745   -4.217   -3.614   -2.931   -2.156
   -1.295   -0.353    0.660    1.740    2.835    3.923    4.936
