CT2049:360           -7.033   -6.557   -6.038   -5.524   -5.044   -4.639
   -4.305   -4.038   -3.826   -3.653   -3.491   -3.316   -3.113   -2.861
   -2.554   -2.193   -1.773   -1.296   -0.770   -0.198    0.417    1.076
    1.770    2.494    3.240    3.995    4.728    5.431    6.024
CT2049:355           -6.933   -6.475   -5.970   -5.468   -4.996   -4.596
   -4.262   -3.989   -3.765   -3.573   -3.386   -3.185   -2.955   -2.679
   -2.354   -1.981   -1.560   -1.089   -0.577   -0.022    0.573    1.212
    1.889    2.597    3.329    4.073    4.799    5.495    6.086
CT2049:350           -6.920   -6.457   -5.948   -5.441   -4.963   -4.553
   -4.204   -3.912   -3.664   -3.443   -3.224   -2.990   -2.730   -2.430
   -2.090   -1.713   -1.296   -0.840   -0.349    0.180    0.748    1.359
    2.010    2.695    3.406    4.133    4.843    5.525    6.106
CT2049:345           -6.848   -6.389   -5.879   -5.368   -4.882   -4.459
   -4.091   -3.775   -3.499   -3.245   -2.993   -2.728   -2.440   -2.121
   -1.771   -1.393   -0.986   -0.550   -0.085    0.413    0.948    1.528
    2.148    2.806    3.492    4.197    4.887    5.551    6.116
CT2049:340           -6.818   -6.350   -5.826   -5.301   -4.797   -4.350
   -3.955   -3.608   -3.297   -3.008   -2.721   -2.425   -2.113   -1.778
   -1.422   -1.048   -0.655   -0.241    0.197    0.664    1.166    1.713
    2.302    2.931    3.591    4.273    4.944    5.590    6.142
CT2049:335           -6.853   -6.363   -5.816   -5.265   -4.733   -4.255
   -3.825   -3.441   -3.092   -2.766   -2.445   -2.121   -1.789   -1.443
   -1.087   -0.721   -0.344    0.045    0.453    0.886    1.351    1.859
    2.408    2.996    3.616    4.258    4.887    5.491    5.996
CT2049:330           -6.812   -6.307   -5.741   -5.168   -4.611   -4.102
   -3.639   -3.219   -2.834   -2.474   -2.124   -1.777   -1.429   -1.076
   -0.721   -0.364   -0.003    0.365    0.748    1.152    1.586    2.061
    2.578    3.136    3.727    4.344    4.950    5.534    6.025
CT2049:325           -6.853   -6.319   -5.722   -5.117   -4.524   -3.979
   -3.477   -3.018   -2.595   -2.202   -1.824   -1.457   -1.096   -0.739
   -0.388   -0.041    0.303    0.650    1.005    1.378    1.778    2.215
    2.693    3.209    3.759    4.332    4.895    5.434    5.877
CT2049:320           -6.808   -6.258   -5.638   -5.009   -4.388   -3.810
   -3.274   -2.780   -2.325   -1.902   -1.501   -1.117   -0.745   -0.386
   -0.038    0.300    0.631    0.959    1.292    1.639    2.010    2.416
    2.861    3.346    3.866    4.413    4.953    5.471    5.900
CT2049:315           -6.713   -6.153   -5.518   -4.869   -4.224   -3.618
   -3.051   -2.527   -2.043   -1.595   -1.174   -0.775   -0.395   -0.033
    0.313    0.643    0.962    1.274    1.587    1.910    2.254    2.632
    3.048    3.505    3.999    4.525    5.048    5.553    5.977
CT2049:310           -6.670   -6.094   -5.437   -4.764   -4.093   -3.457
   -2.860   -2.306   -1.793   -1.321   -0.880   -0.467   -0.078    0.287
    0.630    0.955    1.263    1.558    1.850    2.149    2.465    2.813
    3.199    3.625    4.091    4.590    5.091    5.577    5.988
CT2049:305           -6.550   -5.971   -5.303   -4.617   -3.927   -3.269
   -2.649   -2.071   -1.536   -1.045   -0.588   -0.164    0.233    0.602
    0.944    1.264    1.563    1.845    2.120    2.398    2.691    3.015
    3.376    3.781    4.227    4.713    5.205    5.688    6.107
CT2049:300           -6.512   -5.918   -5.232   -4.526   -3.814   -3.133
   -2.489   -1.889   -1.332   -0.823   -0.353    0.083    0.487    0.858
    1.199    1.514    1.804    2.073    2.331    2.588    2.858    3.156
    3.492    3.871    4.293    4.757    5.231    5.698    6.107
CT2049:295           -6.456   -5.852   -5.153   -4.432   -3.704   -3.005
   -2.343   -1.725   -1.154   -0.632   -0.152    0.291    0.699    1.072
    1.412    1.722    2.004    2.262    2.506    2.747    2.997    3.275
    3.590    3.948    4.350    4.797    5.257    5.712    6.116
CT2049:290           -6.424   -5.808   -5.096   -4.361   -3.619   -2.905
   -2.229   -1.599   -1.016   -0.486    0.000    0.446    0.855    1.227
    1.564    1.870    2.146    2.395    2.628    2.856    3.093    3.354
    3.652    3.994    4.380    4.813    5.261    5.706    6.104
CT2049:285           -6.385   -5.760   -5.040   -4.296   -3.544   -2.821
   -2.137   -1.500   -0.912   -0.379    0.108    0.553    0.959    1.327
    1.660    1.962    2.232    2.476    2.702    2.923    3.150    3.402
    3.690    4.021    4.397    4.821    5.262    5.702    6.100
CT2049:280           -6.359   -5.727   -4.999   -4.249   -3.491   -2.763
   -2.075   -1.435   -0.847   -0.316    0.167    0.606    1.007    1.369
    1.697    1.993    2.260    2.499    2.723    2.939    3.163    3.410
    3.692    4.017    4.387    4.805    5.242    5.678    6.076
CT2049:275           -6.343   -5.704   -4.971   -4.217   -3.456   -2.726
   -2.039   -1.401   -0.817   -0.292    0.184    0.615    1.007    1.361
    1.682    1.973    2.236    2.474    2.697    2.914    3.138    3.385
    3.667    3.991    4.361    4.778    5.216    5.654    6.056
CT2049:270           -6.324   -5.682   -4.948   -4.193   -3.434   -2.708
   -2.025   -1.394   -0.818   -0.302    0.163    0.584    0.965    1.310
    1.622    1.908    2.168    2.405    2.628    2.848    3.075    3.326
    3.611    3.939    4.311    4.731    5.171    5.613    6.022
CT2049:265           -6.334   -5.686   -4.950   -4.195   -3.438   -2.717
   -2.041   -1.418   -0.852   -0.347    0.106    0.515    0.885    1.220
    1.524    1.803    2.059    2.295    2.520    2.743    2.975    3.232
    3.523    3.856    4.233    4.658    5.102    5.548    5.962
CT2049:260           -6.322   -5.674   -4.942   -4.194   -3.445   -2.734
   -2.068   -1.458   -0.904   -0.413    0.028    0.424    0.782    1.106
    1.402    1.674    1.926    2.161    2.388    2.615    2.853    3.118
    3.419    3.762    4.148    4.582    5.037    5.493    5.917
CT2049:255           -6.339   -5.689   -4.960   -4.216   -3.475   -2.774
   -2.121   -1.522   -0.982   -0.504   -0.077    0.307    0.653    0.967
    1.253    1.518    1.764    1.998    2.225    2.457    2.702    2.975
    3.285    3.638    4.035    4.479    4.943    5.407    5.839
CT2049:250           -6.333   -5.686   -4.965   -4.231   -3.502   -2.816
   -2.178   -1.595   -1.071   -0.607   -0.194    0.177    0.511    0.813
    1.089    1.346    1.588    1.819    2.048    2.284    2.537    2.821
    3.144    3.510    3.922    4.380    4.860    5.340    5.787
CT2049:245           -6.344   -5.698   -4.985   -4.260   -3.543   -2.872
   -2.249   -1.683   -1.174   -0.726   -0.327    0.030    0.352    0.642
    0.908    1.156    1.391    1.619    1.849    2.089    2.349    2.645
    2.980    3.361    3.787    4.261    4.755    5.249    5.709
CT2049:240           -6.342   -5.702   -4.999   -4.286   -3.584   -2.929
   -2.324   -1.775   -1.284   -0.852   -0.468   -0.126    0.181    0.459
    0.713    0.952    1.180    1.405    1.635    1.881    2.150    2.458
    2.810    3.208    3.653    4.146    4.660    5.174    5.652
CT2049:235           -6.330   -5.698   -5.006   -4.307   -3.622   -2.984
   -2.398   -1.868   -1.395   -0.981   -0.615   -0.290    0.002    0.265
    0.506    0.734    0.954    1.176    1.408    1.659    1.938    2.261
    2.629    3.046    3.511    4.025    4.559    5.094    5.591
CT2049:230           -6.331   -5.705   -5.023   -4.337   -3.666   -3.045
   -2.477   -1.965   -1.511   -1.116   -0.769   -0.462   -0.188    0.058
    0.285    0.501    0.713    0.932    1.165    1.422    1.713    2.052
    2.439    2.878    3.365    3.903    4.459    5.016    5.534
CT2049:225           -6.327   -5.707   -5.037   -4.362   -3.706   -3.102
   -2.551   -2.059   -1.624   -1.249   -0.922   -0.636   -0.382   -0.154
    0.056    0.258    0.461    0.675    0.910    1.175    1.478    1.834
    2.241    2.702    3.212    3.773    4.351    4.929    5.464
CT2049:220           -6.329   -5.715   -5.052   -4.388   -3.743   -3.154
   -2.620   -2.145   -1.730   -1.375   -1.070   -0.805   -0.573   -0.366
   -0.174    0.013    0.206    0.417    0.654    0.926    1.243    1.617
    2.047    2.532    3.067    3.652    4.255    4.856    5.411
CT2049:215           -6.373   -5.755   -5.094   -4.434   -3.796   -3.217
   -2.694   -2.234   -1.836   -1.500   -1.215   -0.972   -0.762   -0.577
   -0.404   -0.233   -0.051    0.155    0.393    0.673    1.002    1.394
    1.844    2.351    2.908    3.515    4.136    4.754    5.321
CT2049:210           -6.377   -5.761   -5.105   -4.451   -3.821   -3.251
   -2.741   -2.294   -1.912   -1.595   -1.331   -1.110   -0.922   -0.758
   -0.605   -0.450   -0.280   -0.080    0.158    0.445    0.787    1.196
    1.667    2.197    2.778    3.408    4.052    4.690    5.275
CT2049:205           -6.444   -5.820   -5.158   -4.500   -3.869   -3.301
   -2.796   -2.357   -1.985   -1.682   -1.434   -1.231   -1.063   -0.919
   -0.785   -0.646   -0.489   -0.296   -0.060    0.230    0.581    1.003
    1.491    2.038    2.638    3.284    3.942    4.591    5.181
CT2049:200           -6.451   -5.826   -5.165   -4.507   -3.877   -3.312
   -2.811   -2.379   -2.015   -1.724   -1.489   -1.302   -1.151   -1.025
   -0.908   -0.785   -0.640   -0.456   -0.224    0.066    0.423    0.856
    1.358    1.922    2.539    3.203    3.877    4.542    5.144
CT2049:195           -6.537   -5.899   -5.227   -4.559   -3.920   -3.349
   -2.843   -2.409   -2.047   -1.759   -1.532   -1.354   -1.215   -1.103
   -1.002   -0.894   -0.764   -0.592   -0.369   -0.085    0.270    0.704
    1.208    1.776    2.396    3.061    3.732    4.390    4.975
CT2049:190           -6.549   -5.909   -5.231   -4.558   -3.913   -3.336
   -2.826   -2.388   -2.023   -1.736   -1.511   -1.339   -1.207   -1.106
   -1.016   -0.921   -0.804   -0.643   -0.430   -0.152    0.199    0.634
    1.142    1.715    2.343    3.016    3.694    4.359    4.949
CT2049:185           -6.553   -5.912   -5.231   -4.552   -3.900   -3.314
   -2.795   -2.350   -1.979   -1.687   -1.460   -1.288   -1.160   -1.065
   -0.985   -0.903   -0.798   -0.652   -0.452   -0.185    0.156    0.582
    1.084    1.652    2.275    2.941    3.609    4.262    4.834
CT2049:180           -6.574   -5.928   -5.238   -4.548   -3.883   -3.284
   -2.752   -2.293   -1.910   -1.608   -1.373   -1.197   -1.068   -0.975
   -0.900   -0.826   -0.731   -0.596   -0.407   -0.152    0.179    0.597
    1.092    1.655    2.273    2.935    3.600    4.249    4.817
CT2049:175           -6.400   -5.783   -5.108   -4.428   -3.766   -3.164
   -2.625   -2.158   -1.765   -1.455   -1.213   -1.031   -0.900   -0.807
   -0.735   -0.665   -0.577   -0.449   -0.268   -0.020    0.303    0.716
    1.208    1.770    2.389    3.057    3.731    4.392    4.983
CT2049:170           -6.429   -5.806   -5.118   -4.424   -3.745   -3.123
   -2.564   -2.077   -1.665   -1.337   -1.080   -0.887   -0.746   -0.649
   -0.575   -0.506   -0.422   -0.300   -0.128    0.109    0.420    0.819
    1.295    1.841    2.443    3.094    3.752    4.398    4.976
CT2049:165           -6.295   -5.691   -5.011   -4.319   -3.636   -3.004
   -2.431   -1.928   -1.499   -1.155   -0.882   -0.675   -0.523   -0.417
   -0.337   -0.263   -0.177   -0.056    0.113    0.344    0.648    1.038
    1.503    2.039    2.633    3.279    3.938    4.591    5.189
CT2049:160           -6.326   -5.715   -5.022   -4.314   -3.612   -2.958
   -2.361   -1.833   -1.379   -1.011   -0.716   -0.488   -0.318   -0.196
   -0.103   -0.020    0.071    0.192    0.357    0.579    0.868    1.236
    1.676    2.183    2.747    3.363    3.994    4.620    5.197
CT2049:155           -6.353   -5.735   -5.028   -4.304   -3.582   -2.905
   -2.284   -1.730   -1.249   -0.853   -0.531   -0.277   -0.081    0.064
    0.177    0.276    0.379    0.505    0.668    0.880    1.152    1.495
    1.906    2.380    2.910    3.494    4.096    4.698    5.260
CT2049:150           -6.385   -5.760   -5.040   -4.301   -3.560   -2.860
   -2.213   -1.632   -1.123   -0.696   -0.342   -0.055    0.173    0.349
    0.491    0.614    0.733    0.867    1.027    1.226    1.474    1.785
    2.157    2.588    3.074    3.615    4.179    4.746    5.282
CT2049:145           -6.441   -5.805   -5.070   -4.312   -3.550   -2.826
   -2.153   -1.543   -1.003   -0.542   -0.152    0.173    0.442    0.658
    0.836    0.991    1.133    1.277    1.435    1.619    1.840    2.113
    2.440    2.823    3.261    3.758    4.284    4.817    5.331
CT2049:140           -6.473   -5.832   -5.086   -4.315   -3.536   -2.791
   -2.094   -1.457   -0.887   -0.391    0.037    0.405    0.718    0.980
    1.201    1.393    1.561    1.717    1.873    2.039    2.228    2.457
    2.733    3.063    3.448    3.896    4.379    4.874    5.360
CT2049:135           -6.528   -5.878   -5.119   -4.333   -3.536   -2.771
   -2.050   -1.387   -0.786   -0.257    0.212    0.623    0.984    1.295
    1.563    1.795    1.993    2.163    2.317    2.465    2.622    2.806
    3.032    3.310    3.644    4.047    4.492    4.956    5.422
CT2049:130           -6.561   -5.907   -5.141   -4.345   -3.535   -2.753
   -2.014   -1.328   -0.702   -0.141    0.363    0.816    1.222    1.580
    1.893    2.164    2.391    2.575    2.727    2.859    2.984    3.126
    3.303    3.529    3.814    4.172    4.580    5.009    5.451
CT2049:125           -6.614   -5.955   -5.179   -4.374   -3.551   -2.755
   -1.999   -1.294   -0.645   -0.058    0.477    0.965    1.410    1.810
    2.163    2.469    2.723    2.921    3.074    3.192    3.293    3.400
    3.537    3.722    3.966    4.289    4.667    5.070    5.495
CT2049:120           -6.647   -5.988   -5.209   -4.398   -3.569   -2.764
   -1.997   -1.280   -0.616   -0.011    0.546    1.060    1.533    1.964
    2.347    2.681    2.956    3.166    3.322    3.434    3.518    3.601
    3.709    3.863    4.077    4.373    4.726    5.107    5.516
CT2049:115           -6.669   -6.013   -5.234   -4.423   -3.591   -2.782
   -2.010   -1.287   -0.616   -0.001    0.567    1.094    1.584    2.032
    2.433    2.785    3.075    3.297    3.459    3.571    3.650    3.723
    3.818    3.958    4.157    4.438    4.779    5.150    5.551
CT2049:110           -6.704   -6.050   -5.273   -4.462   -3.631   -2.822
   -2.050   -1.327   -0.655   -0.040    0.529    1.058    1.551    2.002
    2.409    2.768    3.066    3.295    3.465    3.584    3.670    3.747
    3.844    3.983    4.180    4.459    4.796    5.162    5.558
CT2049:105           -6.732   -6.084   -5.311   -4.505   -3.678   -2.873
   -2.107   -1.390   -0.726   -0.119    0.441    0.960    1.443    1.886
    2.286    2.640    2.939    3.173    3.352    3.484    3.585    3.678
    3.791    3.945    4.154    4.441    4.783    5.152    5.546
CT2049:100           -6.769   -6.126   -5.358   -4.558   -3.738   -2.942
   -2.185   -1.479   -0.829   -0.237    0.307    0.807    1.271    1.695
    2.078    2.419    2.710    2.946    3.135    3.284    3.408    3.529
    3.671    3.853    4.087    4.395    4.754    5.137    5.537
CT2049:095           -6.808   -6.171   -5.412   -4.619   -3.809   -3.024
   -2.281   -1.591   -0.958   -0.387    0.133    0.608    1.045    1.442
    1.801    2.122    2.401    2.635    2.832    2.999    3.151    3.305
    3.484    3.702    3.971    4.308    4.690    5.090    5.498
CT2049:090           -6.846   -6.217   -5.466   -4.684   -3.885   -3.115
   -2.388   -1.717   -1.105   -0.559   -0.066    0.380    0.785    1.150
    1.480    1.778    2.041    2.271    2.475    2.662    2.843    3.036
    3.258    3.521    3.834    4.209    4.623    5.051    5.474
CT2049:085           -6.868   -6.251   -5.513   -4.745   -3.961   -3.208
   -2.501   -1.851   -1.264   -0.745   -0.282    0.131    0.503    0.835
    1.134    1.405    1.652    1.875    2.086    2.291    2.502    2.736
    3.004    3.317    3.679    4.099    4.552    5.014    5.460
CT2049:080           -6.906   -6.298   -5.572   -4.817   -4.048   -3.313
   -2.625   -1.998   -1.436   -0.945   -0.513   -0.132    0.205    0.504
    0.772    1.017    1.246    1.463    1.678    1.901    2.141    2.414
    2.728    3.090    3.502    3.969    4.462    4.959    5.426
CT2049:075           -6.927   -6.333   -5.622   -4.883   -4.132   -3.416
   -2.750   -2.147   -1.611   -1.148   -0.747   -0.399   -0.095    0.171
    0.410    0.631    0.843    1.054    1.275    1.514    1.783    2.095
    2.455    2.867    3.331    3.848    4.385    4.923    5.418
CT2049:070           -6.964   -6.380   -5.683   -4.959   -4.224   -3.528
   -2.884   -2.304   -1.794   -1.359   -0.988   -0.671   -0.398   -0.163
    0.049    0.248    0.445    0.652    0.877    1.133    1.427    1.775
    2.178    2.637    3.149    3.712    4.291    4.864    5.383
CT2049:065           -6.991   -6.419   -5.737   -5.029   -4.313   -3.638
   -3.017   -2.461   -1.977   -1.570   -1.228   -0.940   -0.697   -0.489
   -0.302   -0.121    0.064    0.269    0.502    0.774    1.095    1.478
    1.922    2.427    2.986    3.595    4.215    4.826    5.371
CT2049:060           -7.025   -6.464   -5.795   -5.104   -4.407   -3.752
   -3.154   -2.623   -2.164   -1.785   -1.471   -1.211   -0.995   -0.812
   -0.645   -0.480   -0.303   -0.097    0.145    0.435    0.782    1.199
    1.681    2.227    2.828    3.478    4.134    4.777    5.343
CT2049:055           -7.051   -6.500   -5.847   -5.171   -4.493   -3.861
   -3.286   -2.780   -2.349   -1.997   -1.710   -1.477   -1.286   -1.124
   -0.974   -0.820   -0.646   -0.436   -0.180    0.132    0.507    0.958
    1.479    2.065    2.707    3.397    4.089    4.766    5.357
CT2049:050           -7.080   -6.538   -5.899   -5.240   -4.581   -3.970
   -3.419   -2.939   -2.534   -2.209   -1.949   -1.742   -1.574   -1.432
   -1.295   -1.149   -0.974   -0.754   -0.481   -0.146    0.258    0.743
    1.299    1.920    2.597    3.317    4.036    4.736    5.341
CT2049:045           -7.093   -6.562   -5.937   -5.294   -4.654   -4.065
   -3.538   -3.084   -2.705   -2.407   -2.174   -1.991   -1.844   -1.718
   -1.592   -1.447   -1.267   -1.032   -0.737   -0.373    0.064    0.583
    1.175    1.832    2.542    3.294    4.042    4.768    5.396
CT2049:040           -7.114   -6.590   -5.977   -5.348   -4.726   -4.157
   -3.652   -3.221   -2.866   -2.593   -2.383   -2.222   -2.094   -1.981
   -1.861   -1.716   -1.526   -1.274   -0.955   -0.563   -0.094    0.457
    1.078    1.762    2.495    3.265    4.028    4.766    5.400
CT2049:035           -7.117   -6.602   -6.000   -5.385   -4.778   -4.228
   -3.742   -3.331   -2.997   -2.744   -2.553   -2.408   -2.293   -2.188
   -2.070   -1.919   -1.717   -1.445   -1.101   -0.680   -0.182    0.398
    1.047    1.754    2.507    3.293    4.070    4.821    5.466
CT2049:030           -7.127   -6.616   -6.023   -5.418   -4.822   -4.285
   -3.813   -3.415   -3.094   -2.852   -2.670   -2.533   -2.423   -2.318
   -2.196   -2.037   -1.822   -1.532   -1.168   -0.726   -0.206    0.394
    1.057    1.775    2.536    3.325    4.102    4.851    5.491
CT2049:025           -7.135   -6.627   -6.039   -5.440   -4.852   -4.322
   -3.856   -3.463   -3.144   -2.901   -2.715   -2.571   -2.452   -2.338
   -2.204   -2.034   -1.806   -1.504   -1.127   -0.674   -0.144    0.462
    1.129    1.848    2.606    3.390    4.160    4.902    5.533
CT2049:020           -7.134   -6.626   -6.041   -5.445   -4.860   -4.331
   -3.864   -3.465   -3.135   -2.875   -2.668   -2.501   -2.357   -2.219
   -2.066   -1.881   -1.643   -1.337   -0.960   -0.511    0.012    0.609
    1.264    1.970    2.713    3.482    4.236    4.963    5.580
CT2049:015           -7.145   -6.633   -6.045   -5.446   -4.858   -4.322
   -3.842   -3.425   -3.070   -2.777   -2.530   -2.320   -2.134   -1.959
   -1.778   -1.574   -1.330   -1.030   -0.668   -0.239    0.258    0.827
    1.455    2.133    2.849    3.592    4.322    5.025    5.621
CT2049:010           -7.133   -6.618   -6.027   -5.423   -4.828   -4.281
   -3.782   -3.338   -2.945   -2.603   -2.301   -2.032   -1.788   -1.563
   -1.345   -1.121   -0.874   -0.588   -0.255    0.137    0.592    1.117
    1.703    2.342    3.023    3.733    4.434    5.110    5.683
CT2049:005           -7.126   -6.604   -6.004   -5.392   -4.785   -4.219
   -3.695   -3.214   -2.774   -2.373   -2.003   -1.663   -1.351   -1.067
   -0.806   -0.559   -0.312   -0.048    0.249    0.592    0.993    1.464
    1.998    2.589    3.227    3.901    4.569    5.217    5.767
CT2050:360           -7.106   -6.576   -5.969   -5.346   -4.726   -4.138
   -3.585   -3.064   -2.573   -2.109   -1.668   -1.254   -0.869   -0.525
   -0.220    0.051    0.297    0.538    0.793    1.083    1.424    1.834
    2.310    2.848    3.438    4.070    4.701    5.314    5.837
