CT2029:360           -4.141   -3.091   -2.015   -0.955    0.055    0.952
    1.735    2.387    2.899    3.256    3.486    3.607    3.645    3.623
    3.576    3.531    3.508    3.522    3.577    3.677    3.824    4.022
    4.269    4.562    4.898    5.277    5.673    6.068    6.428
CT2029:355           -4.161   -3.142   -2.107   -1.090   -0.130    0.713
    1.439    2.031    2.483    2.783    2.959    3.032    3.030    2.980
    2.918    2.870    2.858    2.900    2.996    3.146    3.351    3.612
    3.922    4.276    4.668    5.097    5.536    5.969    6.359
CT2029:350           -4.246   -3.258   -2.264   -1.292   -0.383    0.404
    1.070    1.603    1.996    2.240    2.366    2.396    2.361    2.289
    2.217    2.172    2.177    2.250    2.387    2.590    2.854    3.179
    3.552    3.967    4.416    4.894    5.375    5.846    6.265
CT2029:345           -4.268   -3.332   -2.395   -1.483   -0.637    0.085
    0.686    1.154    1.487    1.677    1.758    1.752    1.691    1.604
    1.530    1.494    1.520    1.625    1.805    2.060    2.382    2.771
    3.209    3.689    4.200    4.736    5.271    5.793    6.257
CT2029:340           -4.389   -3.493   -2.607   -1.749   -0.961   -0.299
    0.242    0.654    0.934    1.082    1.127    1.098    1.021    0.931
    0.862    0.838    0.886    1.021    1.239    1.538    1.912    2.355
    2.849    3.384    3.948    4.531    5.108    5.669    6.162
CT2029:335           -4.493   -3.649   -2.821   -2.023   -1.297   -0.696
   -0.212    0.146    0.382    0.495    0.517    0.474    0.394    0.309
    0.251    0.245    0.314    0.476    0.726    1.063    1.479    1.970
    2.513    3.098    3.711    4.341    4.961    5.562    6.090
CT2029:330           -4.640   -3.844   -3.070   -2.328   -1.659   -1.112
   -0.678   -0.363   -0.161   -0.071   -0.060   -0.104   -0.176   -0.248
   -0.289   -0.276   -0.186   -0.001    0.275    0.641    1.091    1.618
    2.202    2.828    3.483    4.153    4.810    5.446    6.002
CT2029:325           -4.826   -4.078   -3.357   -2.669   -2.052   -1.554
   -1.163   -0.882   -0.704   -0.625   -0.614   -0.649   -0.707   -0.759
   -0.780   -0.748   -0.641   -0.440   -0.147    0.238    0.708    1.259
    1.867    2.518    3.197    3.888    4.560    5.207    5.762
CT2029:320           -4.992   -4.294   -3.625   -2.990   -2.424   -1.970
   -1.615   -1.360   -1.197   -1.121   -1.102   -1.121   -1.157   -1.185
   -1.182   -1.129   -1.004   -0.786   -0.477   -0.077    0.412    0.985
    1.619    2.297    3.006    3.727    4.430    5.105    5.684
CT2029:315           -5.155   -4.510   -3.896   -3.313   -2.795   -2.381
   -2.057   -1.823   -1.669   -1.590   -1.559   -1.558   -1.570   -1.574
   -1.548   -1.474   -1.331   -1.100   -0.781   -0.370    0.130    0.714
    1.361    2.055    2.779    3.515    4.229    4.912    5.489
CT2029:310           -5.332   -4.735   -4.169   -3.632   -3.157   -2.776
   -2.477   -2.256   -2.107   -2.021   -1.975   -1.953   -1.940   -1.916
   -1.864   -1.767   -1.605   -1.358   -1.024   -0.601   -0.089    0.509
    1.173    1.885    2.629    3.386    4.122    4.826    5.421
CT2029:305           -5.374   -4.846   -4.342   -3.864   -3.439   -3.097
   -2.826   -2.623   -2.479   -2.389   -2.331   -2.291   -2.255   -2.207
   -2.129   -2.007   -1.821   -1.554   -1.203   -0.764   -0.237    0.378
    1.060    1.795    2.564    3.351    4.118    4.855    5.486
CT2029:300           -5.551   -5.067   -4.603   -4.164   -3.772   -3.456
   -3.202   -3.009   -2.867   -2.769   -2.698   -2.639   -2.581   -2.507
   -2.402   -2.254   -2.044   -1.755   -1.386   -0.931   -0.391    0.237
    0.931    1.678    2.461    3.261    4.041    4.791    5.432
CT2029:295           -5.557   -5.140   -4.735   -4.347   -4.000   -3.717
   -3.487   -3.309   -3.174   -3.075   -2.996   -2.923   -2.846   -2.748
   -2.617   -2.440   -2.202   -1.887   -1.493   -1.017   -0.457    0.189
    0.902    1.670    2.475    3.300    4.108    4.889    5.567
CT2029:290           -5.721   -5.340   -4.965   -4.606   -4.283   -4.018
   -3.801   -3.630   -3.497   -3.393   -3.303   -3.216   -3.119   -2.997
   -2.838   -2.633   -2.366   -2.024   -1.608   -1.112   -0.536    0.122
    0.845    1.620    2.431    3.261    4.073    4.856    5.536
CT2029:285           -5.796   -5.459   -5.120   -4.793   -4.495   -4.249
   -4.045   -3.881   -3.750   -3.644   -3.547   -3.447   -3.332   -3.187
   -3.002   -2.768   -2.471   -2.101   -1.660   -1.142   -0.550    0.121
    0.853    1.635    2.451    3.285    4.101    4.888    5.574
CT2029:280           -5.936   -5.623   -5.303   -4.992   -4.706   -4.466
   -4.265   -4.101   -3.967   -3.854   -3.746   -3.632   -3.499   -3.331
   -3.119   -2.857   -2.532   -2.135   -1.669   -1.133   -0.527    0.151
    0.886    1.667    2.479    3.306    4.114    4.894    5.571
CT2029:275           -6.067   -5.772   -5.463   -5.159   -4.876   -4.634
   -4.429   -4.258   -4.114   -3.990   -3.869   -3.738   -3.587   -3.397
   -3.161   -2.872   -2.521   -2.101   -1.615   -1.065   -0.450    0.230
    0.960    1.731    2.530    3.341    4.131    4.892    5.551
CT2029:270           -6.174   -5.892   -5.587   -5.283   -4.994   -4.741
   -4.522   -4.334   -4.174   -4.031   -3.891   -3.742   -3.570   -3.359
   -3.100   -2.788   -2.415   -1.974   -1.474   -0.913   -0.295    0.380
    1.100    1.856    2.636    3.426    4.195    4.936    5.578
CT2029:265           -6.279   -6.002   -5.690   -5.374   -5.068   -4.792
   -4.546   -4.331   -4.142   -3.972   -3.806   -3.633   -3.439   -3.206
   -2.926   -2.595   -2.205   -1.752   -1.244   -0.683   -0.072    0.588
    1.287    2.018    2.769    3.530    4.270    4.984    5.604
CT2029:260           -6.352   -6.076   -5.752   -5.418   -5.084   -4.774
   -4.489   -4.232   -4.002   -3.794   -3.594   -3.389   -3.169   -2.914
   -2.616   -2.270   -1.870   -1.414   -0.909   -0.359    0.234    0.869
    1.537    2.232    2.947    3.671    4.378    5.061    5.657
CT2029:255           -6.348   -6.079   -5.742   -5.387   -5.021   -4.666
   -4.332   -4.022   -3.739   -3.480   -3.234   -2.991   -2.739   -2.460
   -2.146   -1.791   -1.390   -0.940   -0.451    0.077    0.640    1.237
    1.865    2.520    3.195    3.884    4.563    5.222    5.809
CT2029:250           -6.387   -6.110   -5.746   -5.355   -4.941   -4.526
   -4.125   -3.745   -3.390   -3.063   -2.758   -2.464   -2.171   -1.866
   -1.537   -1.180   -0.788   -0.361    0.096    0.582    1.095    1.638
    2.209    2.807    3.428    4.068    4.704    5.325    5.883
CT2029:245           -6.317   -6.045   -5.661   -5.238   -4.776   -4.297
   -3.821   -3.360   -2.922   -2.515   -2.137   -1.782   -1.442   -1.106
   -0.765   -0.412   -0.041    0.349    0.758    1.186    1.636    2.112
    2.617    3.154    3.720    4.316    4.917    5.510    6.057
CT2029:240           -6.327   -6.041   -5.621   -5.151   -4.626   -4.068
   -3.502   -2.943   -2.405   -1.902   -1.437   -1.008   -0.611   -0.241
    0.111    0.453    0.792    1.130    1.472    1.824    2.191    2.584
    3.010    3.474    3.975    4.517    5.073    5.627    6.146
CT2029:235           -6.451   -6.128   -5.653   -5.120   -4.518   -3.868
   -3.199   -2.530   -1.879   -1.267   -0.702   -0.189    0.272    0.679
    1.041    1.367    1.664    1.936    2.198    2.458    2.731    3.031
    3.371    3.756    4.189    4.673    5.180    5.690    6.175
CT2029:230           -6.439   -6.102   -5.591   -5.010   -4.345   -3.612
   -2.849   -2.075   -1.315   -0.595    0.069    0.666    1.190    1.633
    2.001    2.306    2.554    2.754    2.929    3.094    3.269    3.478
    3.735    4.048    4.421    4.858    5.327    5.806    6.269
CT2029:225           -6.742   -6.334   -5.746   -5.085   -4.332   -3.502
   -2.632   -1.748   -0.874   -0.045    0.719    1.399    1.986    2.464
    2.837    3.120    3.317    3.445    3.534    3.606    3.688    3.809
    3.988    4.234    4.549    4.938    5.365    5.804    6.231
CT2029:220           -6.725   -6.308   -5.695   -5.000   -4.201   -3.309
   -2.368   -1.404   -0.447    0.465    1.304    2.047    2.679    3.179
    3.551    3.809    3.960    4.026    4.042    4.039    4.047    4.103
    4.226    4.427    4.706    5.069    5.477    5.900    6.316
CT2029:215           -6.893   -6.437   -5.782   -5.043   -4.194   -3.246
   -2.246   -1.219   -0.198    0.774    1.665    2.451    3.114    3.626
    3.992    4.229    4.347    4.367    4.334    4.281    4.243    4.259
    4.350    4.526    4.787    5.138    5.536    5.951    6.357
CT2029:210           -6.883   -6.429   -5.769   -5.021   -4.159   -3.193
   -2.172   -1.122   -0.079    0.914    1.822    2.619    3.286    3.794
    4.149    4.370    4.467    4.466    4.413    4.342    4.292    4.301
    4.390    4.569    4.835    5.193    5.597    6.017    6.425
CT2029:205           -6.965   -6.503   -5.837   -5.086   -4.222   -3.258
   -2.242   -1.200   -0.168    0.811    1.703    2.481    3.130    3.621
    3.963    4.174    4.268    4.271    4.228    4.174    4.145    4.179
    4.293    4.496    4.784    5.158    5.572    5.997    6.397
CT2029:200           -6.970   -6.521   -5.874   -5.143   -4.305   -3.375
   -2.397   -1.400   -0.417    0.510    1.351    2.083    2.691    3.153
    3.479    3.689    3.797    3.830    3.830    3.827    3.855    3.949
    4.122    4.380    4.717    5.132    5.579    6.030    6.444
CT2029:195           -7.050   -6.610   -5.982   -5.279   -4.478   -3.599
   -2.683   -1.757   -0.850   -0.002    0.763    1.427    1.979    2.403
    2.712    2.927    3.062    3.144    3.207    3.280    3.390    3.566
    3.816    4.142    4.537    4.995    5.468    5.935    6.343
CT2029:190           -7.071   -6.655   -6.064   -5.405   -4.662   -3.855
   -3.023   -2.190   -1.384   -0.636    0.034    0.614    1.100    1.482
    1.774    1.999    2.171    2.316    2.463    2.633    2.848    3.131
    3.483    3.903    4.380    4.903    5.428    5.937    6.368
CT2029:185           -7.121   -6.728   -6.177   -5.567   -4.888   -4.162
   -3.424   -2.696   -1.999   -1.361   -0.793   -0.302    0.113    0.449
    0.725    0.960    1.173    1.386    1.623    1.899    2.229    2.628
    3.091    3.611    4.175    4.765    5.341    5.891    6.338
CT2029:180           -7.153   -6.788   -6.283   -5.728   -5.117   -4.477
   -3.837   -3.215   -2.630   -2.102   -1.636   -1.233   -0.889   -0.598
   -0.341   -0.096    0.156    0.437    0.764    1.147    1.595    2.115
    2.694    3.321    3.978    4.643    5.278    5.874    6.349
CT2029:175           -7.261   -6.911   -6.440   -5.930   -5.378   -4.815
   -4.262   -3.736   -3.251   -2.822   -2.448   -2.126   -1.847   -1.599
   -1.361   -1.110   -0.825   -0.482   -0.072    0.412    0.971    1.607
    2.297    3.025    3.770    4.504    5.191    5.830    6.325
CT2029:170           -7.294   -6.971   -6.542   -6.080   -5.589   -5.097
   -4.624   -4.184   -3.786   -3.443   -3.150   -2.899   -2.678   -2.471
   -2.253   -2.001   -1.689   -1.294   -0.812   -0.239    0.421    1.161
    1.952    2.772    3.598    4.396    5.133    5.813    6.330
CT2029:165           -7.396   -7.086   -6.683   -6.253   -5.804   -5.364
   -4.950   -4.572   -4.240   -3.961   -3.728   -3.532   -3.358   -3.185
   -2.985   -2.734   -2.403   -1.967   -1.426   -0.780   -0.038    0.787
    1.660    2.555    3.446    4.295    5.071    5.781    6.315
CT2029:160           -7.422   -7.133   -6.758   -6.361   -5.948   -5.549
   -5.177   -4.844   -4.556   -4.321   -4.130   -3.972   -3.832   -3.684
   -3.498   -3.249   -2.905   -2.440   -1.857   -1.157   -0.355    0.533
    1.466    2.415    3.352    4.238    5.042    5.776    6.325
CT2029:155           -7.435   -7.164   -6.810   -6.435   -6.045   -5.669
   -5.320   -5.008   -4.741   -4.525   -4.353   -4.213   -4.089   -3.953
   -3.774   -3.525   -3.172   -2.688   -2.078   -1.347   -0.509    0.415
    1.382    2.362    3.327    4.235    5.059    5.812    6.376
CT2029:150           -7.447   -7.189   -6.847   -6.482   -6.101   -5.730
   -5.384   -5.072   -4.803   -4.583   -4.406   -4.261   -4.132   -3.992
   -3.809   -3.555   -3.196   -2.705   -2.088   -1.349   -0.504    0.424
    1.395    2.377    3.341    4.250    5.075    5.829    6.396
CT2029:145           -7.439   -7.190   -6.853   -6.490   -6.107   -5.728
   -5.368   -5.038   -4.746   -4.501   -4.297   -4.125   -3.970   -3.808
   -3.607   -3.342   -2.978   -2.491   -1.883   -1.159   -0.334    0.572
    1.518    2.477    3.421    4.314    5.130    5.877    6.446
CT2029:140           -7.435   -7.189   -6.850   -6.480   -6.084   -5.685
   -5.298   -4.934   -4.603   -4.313   -4.062   -3.842   -3.643   -3.441
   -3.212   -2.928   -2.560   -2.083   -1.499   -0.810   -0.029    0.827
    1.724    2.635    3.537    4.397    5.188    5.916    6.476
CT2029:135           -7.447   -7.196   -6.844   -6.458   -6.040   -5.610
   -5.186   -4.778   -4.396   -4.049   -3.736   -3.454   -3.195   -2.941
   -2.672   -2.364   -1.992   -1.532   -0.983   -0.345    0.373    1.161
    1.988    2.833    3.676    4.488    5.241    5.939    6.480
CT2029:130           -7.429   -7.173   -6.808   -6.406   -5.964   -5.501
   -5.037   -4.582   -4.144   -3.734   -3.353   -3.001   -2.673   -2.360
   -2.045   -1.709   -1.330   -0.889   -0.380    0.200    0.847    1.556
    2.305    3.076    3.854    4.614    5.327    5.992    6.516
CT2029:125           -7.416   -7.151   -6.769   -6.346   -5.876   -5.379
   -4.874   -4.370   -3.876   -3.403   -2.953   -2.530   -2.133   -1.759
   -1.396   -1.031   -0.645   -0.223    0.245    0.766    1.341    1.970
    2.638    3.333    4.043    4.748    5.418    6.049    6.555
CT2029:120           -7.383   -7.108   -6.710   -6.267   -5.772   -5.243
   -4.699   -4.151   -3.606   -3.074   -2.562   -2.074   -1.613   -1.182
   -0.775   -0.382    0.010    0.416    0.847    1.314    1.821    2.375
    2.966    3.589    4.233    4.883    5.511    6.107    6.594
CT2029:115           -7.294   -7.018   -6.610   -6.153   -5.639   -5.083
   -4.509   -3.923   -3.335   -2.754   -2.188   -1.645   -1.130   -0.650
   -0.206    0.211    0.609    1.001    1.402    1.823    2.274    2.765
    3.292    3.854    4.444    5.052    5.649    6.222    6.703
CT2029:110           -7.246   -6.958   -6.535   -6.059   -5.523   -4.942
   -4.338   -3.719   -3.094   -2.471   -1.861   -1.273   -0.714   -0.196
    0.277    0.712    1.114    1.494    1.868    2.251    2.653    3.089
    3.560    4.068    4.606    5.172    5.733    6.276    6.739
CT2029:105           -7.114   -6.829   -6.402   -5.919   -5.372   -4.775
   -4.151   -3.509   -2.856   -2.202   -1.559   -0.937   -0.346    0.199
    0.694    1.141    1.545    1.914    2.267    2.620    2.985    3.379
    3.809    4.276    4.778    5.315    5.855    6.383    6.844
CT2029:100           -7.052   -6.754   -6.313   -5.816   -5.253   -4.639
   -3.996   -3.332   -2.656   -1.978   -1.309   -0.661   -0.047    0.519
    1.028    1.483    1.885    2.244    2.579    2.906    3.240    3.599
    3.992    4.424    4.895    5.403    5.919    6.427    6.874
CT2029:095           -6.943   -6.640   -6.193   -5.689   -5.118   -4.494
   -3.840   -3.164   -2.474   -1.780   -1.094   -0.431    0.199    0.777
    1.295    1.755    2.156    2.506    2.826    3.133    3.443    3.776
    4.143    4.551    5.000    5.490    5.993    6.489    6.933
CT2029:090           -6.867   -6.551   -6.092   -5.578   -4.998   -4.367
   -3.706   -3.023   -2.326   -1.625   -0.932   -0.260    0.378    0.963
    1.487    1.950    2.351    2.695    3.005    3.296    3.588    3.901
    4.248    4.637    5.069    5.545    6.035    6.520    6.955
CT2029:085           -6.748   -6.424   -5.960   -5.442   -4.862   -4.231
   -3.573   -2.894   -2.202   -1.506   -0.818   -0.149    0.489    1.076
    1.604    2.071    2.475    2.819    3.125    3.410    3.692    3.994
    4.331    4.712    5.137    5.609    6.098    6.583    7.022
CT2029:080           -6.657   -6.318   -5.845   -5.321   -4.739   -4.113
   -3.463   -2.797   -2.121   -1.442   -0.770   -0.115    0.513    1.097
    1.626    2.098    2.509    2.860    3.170    3.456    3.737    4.036
    4.369    4.745    5.166    5.635    6.120    6.602    7.038
CT2029:075           -6.518   -6.170   -5.694   -5.170   -4.593   -3.980
   -3.348   -2.707   -2.060   -1.414   -0.773   -0.146    0.461    1.034
    1.562    2.040    2.463    2.828    3.153    3.451    3.742    4.047
    4.385    4.766    5.191    5.664    6.153    6.639    7.078
CT2029:070           -6.411   -6.045   -5.559   -5.031   -4.457   -3.857
   -3.248   -2.638   -2.030   -1.426   -0.828   -0.239    0.337    0.892
    1.414    1.898    2.335    2.721    3.068    3.388    3.698    4.020
    4.370    4.761    5.193    5.671    6.163    6.652    7.092
CT2029:065           -6.300   -5.916   -5.419   -4.885   -4.314   -3.729
   -3.146   -2.572   -2.009   -1.457   -0.911   -0.371    0.166    0.693
    1.204    1.689    2.140    2.549    2.924    3.272    3.608    3.950
    4.317    4.720    5.161    5.642    6.133    6.619    7.050
CT2029:060           -6.175   -5.769   -5.260   -4.718   -4.149   -3.578
   -3.020   -2.482   -1.966   -1.468   -0.980   -0.494   -0.004    0.490
    0.982    1.465    1.927    2.359    2.763    3.143    3.510    3.881
    4.272    4.693    5.148    5.639    6.138    6.629    7.064
CT2029:055           -6.047   -5.617   -5.092   -4.539   -3.966   -3.405
   -2.868   -2.362   -1.889   -1.443   -1.011   -0.580   -0.141    0.313
    0.780    1.251    1.717    2.165    2.593    3.002    3.399    3.798
    4.212    4.653    5.122    5.621    6.125    6.618    7.052
CT2029:050           -5.907   -5.452   -4.908   -4.340   -3.760   -3.202
   -2.679   -2.197   -1.758   -1.356   -0.974   -0.595   -0.207    0.204
    0.638    1.089    1.548    2.003    2.447    2.878    3.301    3.726
    4.163    4.622    5.106    5.615    6.126    6.626    7.065
CT2029:045           -5.766   -5.283   -4.715   -4.128   -3.535   -2.972
   -2.452   -1.983   -1.565   -1.196   -0.854   -0.521   -0.180    0.185
    0.580    1.000    1.440    1.889    2.337    2.781    3.221    3.664
    4.120    4.594    5.090    5.608    6.125    6.629    7.072
CT2029:040           -5.616   -5.103   -4.511   -3.901   -3.289   -2.714
   -2.189   -1.721   -1.314   -0.965   -0.652   -0.356   -0.057    0.262
    0.612    0.994    1.404    1.833    2.273    2.717    3.164    3.619
    4.087    4.573    5.078    5.603    6.126    6.637    7.086
CT2029:035           -5.542   -4.986   -4.356   -3.712   -3.070   -2.472
   -1.929   -1.451   -1.040   -0.698   -0.402   -0.133    0.129    0.405
    0.709    1.045    1.415    1.815    2.233    2.665    3.108    3.564
    4.034    4.521    5.027    5.551    6.071    6.577    7.019
CT2029:030           -5.388   -4.803   -4.144   -3.473   -2.806   -2.186
   -1.626   -1.134   -0.718   -0.378   -0.093    0.153    0.383    0.619
    0.876    1.166    1.493    1.856    2.247    2.661    3.094    3.546
    4.016    4.506    5.016    5.544    6.070    6.582    7.031
CT2029:025           -5.329   -4.700   -4.001   -3.293   -2.593   -1.946
   -1.361   -0.852   -0.424   -0.081    0.196    0.425    0.628    0.827
    1.041    1.285    1.568    1.893    2.252    2.641    3.057    3.498
    3.961    4.446    4.952    5.476    5.998    6.505    6.947
CT2029:020           -5.183   -4.527   -3.802   -3.069   -2.346   -1.680
   -1.081   -0.562   -0.128    0.212    0.479    0.691    0.867    1.032
    1.208    1.411    1.655    1.944    2.274    2.641    3.041    3.474
    3.933    4.419    4.928    5.459    5.988    6.503    6.954
CT2029:015           -5.099   -4.409   -3.655   -2.895   -2.150   -1.467
   -0.856   -0.331    0.102    0.435    0.689    0.880    1.031    1.166
    1.308    1.477    1.688    1.947    2.252    2.599    2.985    3.409
    3.864    4.348    4.858    5.391    5.921    6.438    6.886
CT2029:010           -4.971   -4.260   -3.488   -2.712   -1.955   -1.267
   -0.657   -0.138    0.284    0.600    0.832    1.000    1.124    1.230
    1.345    1.487    1.672    1.911    2.199    2.535    2.915    3.338
    3.797    4.289    4.809    5.354    5.897    6.426    6.887
CT2029:005           -4.901   -4.163   -3.372   -2.581   -1.816   -1.128
   -0.525   -0.020    0.382    0.674    0.880    1.019    1.116    1.195
    1.286    1.406    1.574    1.800    2.080    2.411    2.791    3.220
    3.687    4.190    4.722    5.278    5.831    6.368    6.834
CT2030:360           -4.799   -4.048   -3.250   -2.456   -1.694   -1.018
   -0.434    0.046    0.419    0.678    0.851    0.959    1.026    1.081
    1.151    1.255    1.413    1.633    1.913    2.249    2.639    3.082
    3.568    4.090    4.643    5.219    5.791    6.346    6.827
