CT2025:360           -4.567   -3.526   -2.334   -1.098    0.175    1.433
    2.648    3.794    4.843    5.756    6.524    7.137    7.596    7.895
    8.065    8.143    8.157    8.139    8.120    8.113    8.127    8.163
    8.213    8.269    8.321    8.355    8.362    8.344    8.262
CT2025:355           -4.835   -3.862   -2.739   -1.571   -0.363    0.839
    2.008    3.116    4.137    5.032    5.787    6.389    6.836    7.122
    7.275    7.337    7.337    7.314    7.299    7.312    7.362    7.454
    7.578    7.720    7.870    8.007    8.114    8.193    8.192
CT2025:350           -5.107   -4.216   -3.178   -2.093   -0.965    0.166
    1.271    2.326    3.305    4.168    4.899    5.483    5.916    6.189
    6.333    6.387    6.386    6.369    6.372    6.416    6.512    6.668
    6.868    7.099    7.344    7.581    7.784    7.954    8.028
CT2025:345           -5.437   -4.627   -3.677   -2.680   -1.639   -0.590
    0.441    1.431    2.356    3.175    3.873    4.432    4.848    5.112
    5.254    5.313    5.324    5.331    5.367    5.456    5.611    5.838
    6.121    6.444    6.787    7.125    7.426    7.689    7.839
CT2025:340           -5.740   -5.026   -4.176   -3.280   -2.340   -1.385
   -0.442    0.470    1.325    2.089    2.743    3.271    3.668    3.926
    4.073    4.148    4.186    4.231    4.316    4.464    4.687    4.994
    5.365    5.782    6.224    6.663    7.062    7.419    7.649
CT2025:335           -6.203   -5.560   -4.795   -3.988   -3.140   -2.276
   -1.420   -0.590    0.194    0.897    1.504    1.999    2.377    2.634
    2.795    2.897    2.975    3.071    3.216    3.431    3.728    4.115
    4.571    5.076    5.609    6.137    6.621    7.058    7.351
CT2025:330           -6.521   -5.977   -5.318   -4.620   -3.881   -3.123
   -2.366   -1.628   -0.928   -0.293    0.260    0.718    1.078    1.336
    1.517    1.655    1.783    1.941    2.155    2.446    2.824    3.295
    3.838    4.434    5.060    5.682    6.257    6.782    7.152
CT2025:325           -7.082   -6.593   -6.007   -5.388   -4.734   -4.063
   -3.392   -2.734   -2.107   -1.533   -1.028   -0.600   -0.253    0.014
    0.222    0.403    0.587    0.810    1.095    1.460    1.914    2.463
    3.084    3.757    4.458    5.155    5.800    6.390    6.810
CT2025:320           -7.398   -7.005   -6.521   -6.005   -5.454   -4.882
   -4.305   -3.734   -3.183   -2.672   -2.213   -1.814   -1.477   -1.200
   -0.962   -0.737   -0.496   -0.207    0.150    0.589    1.117    1.741
    2.437    3.186    3.965    4.738    5.459    6.124    6.614
CT2025:315           -7.751   -7.439   -7.043   -6.617   -6.156   -5.670
   -5.173   -4.676   -4.188   -3.728   -3.305   -2.927   -2.593   -2.299
   -2.028   -1.757   -1.459   -1.106   -0.682   -0.174    0.424    1.118
    1.885    2.707    3.560    4.411    5.213    5.960    6.535
CT2025:310           -8.050   -7.823   -7.515   -7.176   -6.799   -6.392
   -5.967   -5.532   -5.097   -4.677   -4.280   -3.914   -3.577   -3.266
   -2.964   -2.651   -2.304   -1.896   -1.416   -0.852   -0.198    0.550
    1.370    2.245    3.151    4.057    4.916    5.720    6.350
CT2025:305           -8.213   -8.082   -7.865   -7.614   -7.320   -6.985
   -6.623   -6.241   -5.848   -5.457   -5.078   -4.716   -4.371   -4.039
   -3.706   -3.353   -2.961   -2.504   -1.974   -1.360   -0.656    0.142
    1.014    1.943    2.907    3.878    4.809    5.692    6.414
CT2025:300           -8.477   -8.414   -8.264   -8.076   -7.841   -7.557
   -7.238   -6.890   -6.522   -6.145   -5.770   -5.404   -5.046   -4.692
   -4.330   -3.944   -3.515   -3.021   -2.454   -1.805   -1.069   -0.242
    0.657    1.613    2.605    3.608    4.573    5.492    6.255
CT2025:295           -8.653   -8.660   -8.572   -8.443   -8.260   -8.018
   -7.732   -7.409   -7.058   -6.687   -6.310   -5.934   -5.560   -5.184
   -4.794   -4.377   -3.916   -3.391   -2.795   -2.119   -1.361   -0.515
    0.402    1.376    2.388    3.415    4.411    5.363    6.167
CT2025:290           -8.867   -8.923   -8.877   -8.786   -8.636   -8.419
   -8.153   -7.843   -7.496   -7.124   -6.739   -6.349   -5.957   -5.556
   -5.139   -4.694   -4.204   -3.652   -3.034   -2.342   -1.571   -0.718
    0.203    1.181    2.198    3.235    4.244    5.214    6.042
CT2025:285           -9.031   -9.128   -9.115   -9.054   -8.927   -8.728
   -8.473   -8.169   -7.824   -7.447   -7.053   -6.648   -6.236   -5.812
   -5.368   -4.895   -4.378   -3.804   -3.168   -2.464   -1.689   -0.837
    0.081    1.054    2.069    3.108    4.126    5.108    5.958
CT2025:280           -9.186   -9.310   -9.316   -9.271   -9.155   -8.961
   -8.710   -8.406   -8.059   -7.675   -7.271   -6.852   -6.421   -5.973
   -5.503   -5.003   -4.461   -3.867   -3.218   -2.508   -1.735   -0.890
    0.017    0.977    1.981    3.012    4.027    5.011    5.870
CT2025:275           -9.289   -9.432   -9.448   -9.409   -9.295   -9.101
   -8.848   -8.541   -8.190   -7.801   -7.387   -6.954   -6.505   -6.035
   -5.541   -5.016   -4.452   -3.840   -3.180   -2.465   -1.694   -0.857
    0.038    0.987    1.981    3.009    4.027    5.020    5.901
CT2025:270           -9.381   -9.531   -9.546   -9.502   -9.381   -9.178
   -8.917   -8.603   -8.246   -7.849   -7.427   -6.983   -6.519   -6.031
   -5.516   -4.972   -4.390   -3.767   -3.100   -2.387   -1.624   -0.802
    0.075    1.005    1.978    2.988    3.992    4.974    5.852
CT2025:265           -9.381   -9.538   -9.549   -9.498   -9.366   -9.151
   -8.880   -8.558   -8.194   -7.792   -7.363   -6.910   -6.436   -5.934
   -5.404   -4.846   -4.253   -3.621   -2.952   -2.241   -1.484   -0.674
    0.189    1.103    2.061    3.059    4.056    5.035    5.922
CT2025:260           -9.411   -9.558   -9.550   -9.477   -9.322   -9.086
   -8.796   -8.458   -8.082   -7.671   -7.234   -6.775   -6.292   -5.783
   -5.246   -4.682   -4.085   -3.453   -2.787   -2.082   -1.337   -0.541
    0.303    1.195    2.130    3.104    4.080    5.038    5.912
CT2025:255           -9.342   -9.483   -9.457   -9.364   -9.185   -8.925
   -8.614   -8.259   -7.869   -7.449   -7.005   -6.541   -6.057   -5.547
   -5.011   -4.449   -3.856   -3.230   -2.571   -1.875   -1.141   -0.360
    0.467    1.339    2.252    3.203    4.156    5.095    5.954
CT2025:250           -9.311   -9.427   -9.369   -9.241   -9.026   -8.733
   -8.391   -8.010   -7.599   -7.164   -6.711   -6.243   -5.758   -5.253
   -4.726   -4.174   -3.592   -2.977   -2.330   -1.647   -0.926   -0.160
    0.647    1.497    2.384    3.307    4.232    5.143    5.980
CT2025:245           -9.307   -9.383   -9.281   -9.107   -8.846   -8.510
   -8.129   -7.714   -7.275   -6.820   -6.355   -5.883   -5.401   -4.905
   -4.391   -3.856   -3.293   -2.696   -2.067   -1.402   -0.699    0.045
    0.828    1.648    2.500    3.383    4.266    5.135    5.929
CT2025:240           -9.222   -9.264   -9.119   -8.901   -8.594   -8.213
   -7.790   -7.338   -6.869   -6.391   -5.912   -5.435   -4.957   -4.473
   -3.977   -3.463   -2.921   -2.346   -1.737   -1.091   -0.408    0.315
    1.073    1.865    2.687    3.536    4.385    5.220    5.987
CT2025:235           -9.202   -9.191   -8.991   -8.717   -8.354   -7.919
   -7.446   -6.949   -6.441   -5.934   -5.436   -4.950   -4.474   -4.002
   -3.525   -3.035   -2.519   -1.971   -1.388   -0.769   -0.114    0.577
    1.300    2.052    2.830    3.630    4.428    5.211    5.924
CT2025:230           -9.076   -9.024   -8.777   -8.453   -8.039   -7.554
   -7.032   -6.489   -5.942   -5.403   -4.883   -4.385   -3.908   -3.445
   -2.985   -2.518   -2.029   -1.509   -0.955   -0.366    0.258    0.916
    1.603    2.317    3.056    3.816    4.575    5.320    6.002
CT2025:225           -8.963   -8.865   -8.566   -8.190   -7.723   -7.185
   -6.612   -6.022   -5.430   -4.856   -4.308   -3.791   -3.306   -2.846
   -2.400   -1.953   -1.492   -1.004   -0.486    0.064    0.646    1.260
    1.900    2.567    3.256    3.966    4.675    5.372    6.008
CT2025:220           -8.810   -8.668   -8.322   -7.898   -7.381   -6.794
   -6.172   -5.534   -4.898   -4.283   -3.702   -3.159   -2.657   -2.193
   -1.753   -1.323   -0.887   -0.434    0.044    0.550    1.084    1.648
    2.239    2.857    3.498    4.164    4.832    5.490    6.095
CT2025:215           -8.693   -8.501   -8.103   -7.627   -7.060   -6.425
   -5.756   -5.071   -4.389   -3.731   -3.109   -2.532   -2.004   -1.525
   -1.083   -0.664   -0.253    0.163    0.594    1.045    1.521    2.026
    2.558    3.117    3.704    4.317    4.934    5.542    6.102
CT2025:210           -8.525   -8.291   -7.851   -7.334   -6.727   -6.052
   -5.344   -4.620   -3.897   -3.195   -2.531   -1.914   -1.350   -0.847
   -0.395    0.020    0.409    0.788    1.169    1.563    1.977    2.420
    2.893    3.398    3.934    4.503    5.081    5.654    6.186
CT2025:205           -8.400   -8.117   -7.634   -7.075   -6.429   -5.720
   -4.979   -4.221   -3.462   -2.720   -2.011   -1.350   -0.745   -0.210
    0.260    0.676    1.047    1.388    1.719    2.053    2.403    2.781
    3.193    3.642    4.128    4.652    5.190    5.726    6.227
CT2025:200           -8.228   -7.910   -7.394   -6.805   -6.134   -5.403
   -4.642   -3.863   -3.079   -2.305   -1.559   -0.856   -0.210    0.360
    0.852    1.273    1.631    1.939    2.222    2.500    2.789    3.108
    3.466    3.867    4.310    4.799    5.306    5.815    6.296
CT2025:195           -8.068   -7.714   -7.170   -6.557   -5.868   -5.125
   -4.355   -3.567   -2.769   -1.976   -1.202   -0.465    0.216    0.817
    1.330    1.760    2.108    2.390    2.636    2.867    3.107    3.379
    3.694    4.057    4.469    4.933    5.421    5.914    6.387
CT2025:190           -7.901   -7.518   -6.954   -6.325   -5.626   -4.883
   -4.115   -3.331   -2.536   -1.739   -0.954   -0.201    0.501    1.124
    1.651    2.087    2.429    2.694    2.913    3.113    3.319    3.558
    3.843    4.181    4.571    5.016    5.489    5.968    6.433
CT2025:185           -7.751   -7.342   -6.762   -6.123   -5.423   -4.687
   -3.934   -3.167   -2.390   -1.606   -0.831   -0.081    0.622    1.248
    1.780    2.216    2.555    2.812    3.021    3.208    3.401    3.627
    3.900    4.227    4.606    5.042    5.505    5.976    6.433
CT2025:180           -7.593   -7.163   -6.574   -5.932   -5.238   -4.519
   -3.790   -3.052   -2.308   -1.558   -0.814   -0.092    0.588    1.197
    1.717    2.147    2.486    2.747    2.963    3.160    3.364    3.602
    3.885    4.221    4.607    5.048    5.516    5.991    6.453
CT2025:175           -7.451   -7.006   -6.414   -5.775   -5.094   -4.399
   -3.702   -3.005   -2.308   -1.610   -0.920   -0.249    0.384    0.955
    1.448    1.863    2.201    2.474    2.712    2.937    3.173    3.440
    3.750    4.107    4.509    4.959    5.430    5.907    6.362
CT2025:170           -7.305   -6.847   -6.256   -5.626   -4.963   -4.299
   -3.642   -2.995   -2.357   -1.727   -1.107   -0.508    0.058    0.573
    1.027    1.422    1.760    2.055    2.330    2.603    2.891    3.211
    3.569    3.967    4.405    4.884    5.381    5.880    6.354
CT2025:165           -7.147   -6.685   -6.105   -5.493   -4.857   -4.230
   -3.622   -3.035   -2.467   -1.916   -1.382   -0.869   -0.383    0.065
    0.471    0.841    1.182    1.504    1.824    2.155    2.507    2.891
    3.308    3.758    4.241    4.757    5.287    5.815    6.311
CT2025:160           -7.015   -6.547   -5.978   -5.384   -4.778   -4.194
   -3.640   -3.117   -2.625   -2.161   -1.719   -1.298   -0.899   -0.521
   -0.163    0.184    0.528    0.881    1.251    1.645    2.067    2.520
    3.002    3.511    4.047    4.611    5.182    5.749    6.276
CT2025:155           -6.871   -6.405   -5.855   -5.288   -4.719   -4.185
   -3.691   -3.241   -2.831   -2.458   -2.110   -1.782   -1.465   -1.154
   -0.839   -0.510   -0.158    0.227    0.646    1.101    1.590    2.112
    2.662    3.235    3.832    4.452    5.078    5.696    6.269
CT2025:150           -6.752   -6.285   -5.754   -5.214   -4.685   -4.205
   -3.776   -3.401   -3.076   -2.794   -2.538   -2.296   -2.054   -1.799
   -1.518   -1.202   -0.839   -0.424    0.039    0.547    1.095    1.678
    2.288    2.922    3.577    4.254    4.933    5.601    6.213
CT2025:145           -6.665   -6.194   -5.681   -5.169   -4.682   -4.258
   -3.897   -3.599   -3.358   -3.164   -2.993   -2.827   -2.648   -2.437
   -2.179   -1.868   -1.493   -1.051   -0.552   -0.001    0.595    1.230
    1.895    2.587    3.303    4.040    4.777    5.501    6.159
CT2025:140           -6.558   -6.088   -5.597   -5.117   -4.675   -4.312
   -4.021   -3.801   -3.643   -3.532   -3.438   -3.339   -3.213   -3.035
   -2.794   -2.485   -2.099   -1.637   -1.110   -0.527    0.106    0.784
    1.498    2.244    3.018    3.816    4.612    5.391    6.093
CT2025:135           -6.424   -5.959   -5.494   -5.048   -4.653   -4.351
   -4.129   -3.986   -3.907   -3.871   -3.845   -3.803   -3.720   -3.571
   -3.344   -3.038   -2.646   -2.172   -1.628   -1.023   -0.361    0.354
    1.114    1.914    2.748    3.612    4.471    5.311    6.062
CT2025:130           -6.323   -5.857   -5.410   -4.992   -4.638   -4.389
   -4.229   -4.152   -4.140   -4.168   -4.200   -4.205   -4.160   -4.037
   -3.827   -3.531   -3.145   -2.670   -2.122   -1.504   -0.823   -0.075
    0.727    1.578    2.471    3.395    4.313    5.208    6.000
CT2025:125           -6.088   -5.642   -5.226   -4.846   -4.538   -4.343
   -4.240   -4.222   -4.268   -4.350   -4.430   -4.477   -4.468   -4.375
   -4.191   -3.919   -3.552   -3.091   -2.548   -1.926   -1.228   -0.450
    0.396    1.302    2.257    3.248    4.229    5.185    6.026
CT2025:120           -5.983   -5.528   -5.120   -4.754   -4.468   -4.303
   -4.235   -4.252   -4.333   -4.448   -4.560   -4.638   -4.661   -4.603
   -4.456   -4.220   -3.889   -3.457   -2.934   -2.319   -1.612   -0.808
    0.076    1.030    2.038    3.084    4.115    5.115    5.986
CT2025:115           -5.786   -5.333   -4.936   -4.584   -4.317   -4.172
   -4.123   -4.159   -4.257   -4.389   -4.519   -4.620   -4.673   -4.654
   -4.554   -4.370   -4.090   -3.702   -3.211   -2.613   -1.906   -1.083
   -0.166    0.830    1.886    2.978    4.051    5.088    5.984
CT2025:110           -5.670   -5.197   -4.789   -4.428   -4.156   -4.006
   -3.951   -3.978   -4.067   -4.191   -4.320   -4.430   -4.505   -4.523
   -4.474   -4.350   -4.132   -3.800   -3.354   -2.785   -2.089   -1.259
   -0.322    0.703    1.791    2.916    4.016    5.077    5.985
CT2025:105           -5.508   -5.017   -4.593   -4.218   -3.929   -3.758
   -3.678   -3.676   -3.733   -3.830   -3.939   -4.043   -4.129   -4.179
   -4.179   -4.116   -3.966   -3.700   -3.310   -2.785   -2.117   -1.298
   -0.361    0.672    1.771    2.906    4.012    5.075    5.975
CT2025:100           -5.378   -4.856   -4.400   -3.991   -3.666   -3.453
   -3.325   -3.271   -3.275   -3.322   -3.391   -3.471   -3.550   -3.616
   -3.654   -3.644   -3.557   -3.358   -3.033   -2.564   -1.941   -1.155
   -0.241    0.776    1.864    2.990    4.087    5.139    6.026
CT2025:095           -5.177   -4.629   -4.142   -3.697   -3.329   -3.064
   -2.875   -2.755   -2.691   -2.672   -2.685   -2.721   -2.775   -2.839
   -2.895   -2.922   -2.889   -2.753   -2.496   -2.095   -1.538   -0.810
    0.053    1.025    2.074    3.165    4.231    5.254    6.117
CT2025:090           -5.037   -4.447   -3.910   -3.412   -2.983   -2.647
   -2.382   -2.180   -2.033   -1.934   -1.873   -1.848   -1.856   -1.893
   -1.943   -1.985   -1.986   -1.905   -1.715   -1.391   -0.916   -0.272
    0.510    1.407    2.386    3.416    4.427    5.400    6.222
CT2025:085           -4.872   -4.238   -3.649   -3.092   -2.596   -2.184
   -1.836   -1.547   -1.310   -1.124   -0.981   -0.881   -0.825   -0.813
   -0.833   -0.863   -0.877   -0.833   -0.703   -0.458   -0.076    0.466
    1.145    1.942    2.828    3.778    4.720    5.634    6.414
CT2025:080           -4.729   -4.046   -3.396   -2.774   -2.205   -1.711
   -1.277   -0.898   -0.571   -0.295   -0.066    0.116    0.249    0.327
    0.359    0.362    0.359    0.382    0.463    0.632    0.914    1.339
    1.894    2.566    3.333    4.175    5.023    5.852    6.568
CT2025:075           -4.648   -3.902   -3.181   -2.484   -1.833   -1.253
   -0.729   -0.261    0.155    0.518    0.832    1.097    1.312    1.467
    1.567    1.624    1.652    1.675    1.724    1.829    2.019    2.327
    2.753    3.294    3.933    4.660    5.410    6.152    6.810
CT2025:070           -4.513   -3.717   -2.933   -2.168   -1.444   -0.785
   -0.181    0.367    0.861    1.299    1.689    2.030    2.321    2.553
    2.726    2.846    2.918    2.957    2.990    3.046    3.153    3.350
    3.646    4.048    4.549    5.147    5.781    6.417    6.995
CT2025:065           -4.460   -3.599   -2.744   -1.904   -1.101   -0.363
    0.319    0.943    1.508    2.014    2.469    2.875    3.234    3.537
    3.781    3.967    4.092    4.161    4.197    4.223    4.269    4.373
    4.557    4.834    5.207    5.683    6.209    6.749    7.258
CT2025:060           -4.346   -3.439   -2.527   -1.626   -0.758    0.049
    0.797    1.483    2.107    2.666    3.171    3.628    4.038    4.397
    4.699    4.942    5.118    5.222    5.272    5.286    5.290    5.321
    5.408    5.573    5.825    6.179    6.592    7.026    7.453
CT2025:055           -4.278   -3.322   -2.352   -1.391   -0.460    0.409
    1.219    1.962    2.637    3.240    3.784    4.277    4.724    5.122
    5.466    5.755    5.974    6.114    6.187    6.205    6.189    6.173
    6.191    6.269    6.422    6.672    6.987    7.330    7.686
CT2025:050           -4.198   -3.204   -2.188   -1.178   -0.194    0.729
    1.590    2.381    3.099    3.737    4.310    4.827    5.294    5.712
    6.080    6.395    6.645    6.815    6.912    6.943    6.924    6.883
    6.855    6.868    6.941    7.102    7.327    7.583    7.865
CT2025:045           -4.157   -3.129   -2.072   -1.018    0.013    0.983
    1.891    2.725    3.480    4.149    4.744    5.274    5.750    6.172
    6.545    6.869    7.133    7.322    7.440    7.488    7.479    7.431
    7.379    7.350    7.365    7.454    7.601    7.778    7.987
CT2025:040           -4.120   -3.069   -1.980   -0.891    0.177    1.186
    2.132    3.003    3.790    4.484    5.095    5.633    6.107    6.522
    6.885    7.202    7.465    7.663    7.797    7.865    7.874    7.837
    7.784    7.738    7.722    7.763    7.856    7.976    8.131
CT2025:035           -4.146   -3.072   -1.956   -0.838    0.262    1.304
    2.283    3.185    4.000    4.715    5.338    5.878    6.344    6.742
    7.084    7.382    7.631    7.826    7.966    8.050    8.079    8.060
    8.015    7.966    7.931    7.935    7.979    8.043    8.132
CT2025:030           -4.161   -3.079   -1.948   -0.813    0.307    1.371
    2.373    3.298    4.134    4.863    5.494    6.031    6.485    6.861
    7.177    7.448    7.677    7.863    8.007    8.107    8.161    8.171
    8.154    8.124    8.099    8.098    8.124    8.166    8.224
CT2025:025           -4.166   -3.090   -1.958   -0.820    0.306    1.380
    2.394    3.331    4.179    4.915    5.546    6.076    6.513    6.864
    7.151    7.393    7.598    7.771    7.916    8.029    8.109    8.153
    8.171    8.173    8.172    8.181    8.207    8.239    8.277
CT2025:020           -4.236   -3.169   -2.042   -0.906    0.220    1.297
    2.314    3.256    4.107    4.844    5.471    5.989    6.408    6.735
    6.993    7.208    7.390    7.551    7.695    7.822    7.929    8.012
    8.073    8.119    8.157    8.194    8.236    8.278    8.312
CT2025:015           -4.164   -3.143   -2.052   -0.947    0.153    1.210
    2.212    3.140    3.980    4.704    5.316    5.816    6.213    6.515
    6.747    6.937    7.100    7.252    7.401    7.546    7.686    7.815
    7.932    8.037    8.133    8.224    8.311    8.394    8.459
CT2025:010           -4.286   -3.293   -2.225   -1.144   -0.064    0.974
    1.958    2.870    3.694    4.402    4.997    5.478    5.855    6.135
    6.345    6.514    6.663    6.810    6.964    7.129    7.301    7.476
    7.647    7.811    7.966    8.108    8.239    8.357    8.440
CT2025:005           -4.352   -3.408   -2.384   -1.345   -0.304    0.699
    1.651    2.533    3.328    4.011    4.582    5.040    5.395    5.654
    5.845    6.000    6.141    6.288    6.454    6.643    6.853    7.078
    7.310    7.539    7.762    7.969    8.156    8.325    8.443
CT2026:360           -4.518   -3.618   -2.638   -1.642   -0.643    0.320
    1.234    2.080    2.842    3.494    4.038    4.472    4.806    5.048
    5.227    5.373    5.512    5.668    5.851    6.069    6.320    6.599
    6.892    7.190    7.483    7.757    8.004    8.227    8.382
