CT2044:360           -6.544   -6.187   -5.784   -5.379   -4.993   -4.663
   -4.389   -4.174   -4.015   -3.909   -3.832   -3.767   -3.692   -3.580
   -3.409   -3.165   -2.831   -2.396   -1.872   -1.266   -0.585    0.162
    0.957    1.788    2.643    3.508    4.348    5.155    5.840
CT2044:355           -6.711   -6.349   -5.944   -5.540   -5.157   -4.833
   -4.566   -4.362   -4.216   -4.124   -4.065   -4.018   -3.961   -3.864
   -3.704   -3.464   -3.125   -2.675   -2.127   -1.487   -0.766    0.025
    0.864    1.738    2.630    3.523    4.384    5.204    5.892
CT2044:350           -6.765   -6.414   -6.018   -5.622   -5.247   -4.930
   -4.671   -4.475   -4.339   -4.258   -4.211   -4.177   -4.133   -4.047
   -3.893   -3.656   -3.312   -2.850   -2.283   -1.619   -0.868   -0.045
    0.827    1.731    2.650    3.563    4.436    5.263    5.947
CT2044:345           -6.905   -6.541   -6.135   -5.728   -5.344   -5.019
   -4.754   -4.552   -4.413   -4.331   -4.283   -4.249   -4.205   -4.119
   -3.964   -3.723   -3.374   -2.904   -2.326   -1.648   -0.883   -0.043
    0.845    1.763    2.694    3.614    4.488    5.313    5.984
CT2044:340           -6.936   -6.574   -6.164   -5.752   -5.361   -5.027
   -4.751   -4.539   -4.388   -4.294   -4.235   -4.189   -4.133   -4.036
   -3.871   -3.623   -3.268   -2.794   -2.215   -1.538   -0.774    0.064
    0.950    1.867    2.796    3.713    4.581    5.397    6.055
CT2044:335           -6.980   -6.610   -6.187   -5.760   -5.350   -4.995
   -4.697   -4.461   -4.285   -4.164   -4.077   -4.004   -3.922   -3.801
   -3.617   -3.355   -2.995   -2.525   -1.957   -1.296   -0.553    0.262
    1.126    2.021    2.930    3.827    4.674    5.470    6.103
CT2044:330           -6.988   -6.610   -6.171   -5.725   -5.291   -4.907
   -4.576   -4.304   -4.089   -3.928   -3.798   -3.683   -3.560   -3.404
   -3.193   -2.915   -2.550   -2.090   -1.544   -0.914   -0.210    0.565
    1.388    2.245    3.119    3.987    4.808    5.578    6.189
CT2044:325           -6.941   -6.559   -6.104   -5.637   -5.175   -4.755
   -4.383   -4.065   -3.800   -3.585   -3.400   -3.230   -3.056   -2.857
   -2.613   -2.316   -1.950   -1.507   -0.993   -0.409    0.241    0.957
    1.723    2.526    3.352    4.177    4.962    5.698    6.281
CT2044:320           -6.929   -6.531   -6.048   -5.548   -5.046   -4.579
   -4.153   -3.776   -3.448   -3.166   -2.914   -2.678   -2.444   -2.194
   -1.916   -1.599   -1.235   -0.815   -0.342    0.186    0.770    1.414
    2.109    2.846    3.612    4.386    5.126    5.824    6.376
CT2044:315           -6.874   -6.462   -5.952   -5.419   -4.874   -4.353
   -3.868   -3.425   -3.026   -2.671   -2.345   -2.039   -1.741   -1.440
   -1.126   -0.793   -0.433   -0.042    0.383    0.847    1.357    1.920
    2.535    3.195    3.890    4.604    5.292    5.941    6.455
CT2044:310           -6.846   -6.412   -5.867   -5.291   -4.696   -4.115
   -3.563   -3.048   -2.571   -2.137   -1.733   -1.354   -0.992   -0.640
   -0.292    0.056    0.408    0.768    1.142    1.541    1.972    2.452
    2.983    3.563    4.186    4.836    5.471    6.073    6.551
CT2044:305           -6.845   -6.381   -5.794   -5.170   -4.518   -3.873
   -3.249   -2.658   -2.102   -1.587   -1.107   -0.657   -0.233    0.167
    0.545    0.904    1.246    1.572    1.895    2.226    2.579    2.974
    3.418    3.914    4.458    5.039    5.611    6.156    6.587
CT2044:300           -6.808   -6.319   -5.694   -5.026   -4.321   -3.614
   -2.923   -2.258   -1.627   -1.037   -0.485    0.031    0.512    0.955
    1.359    1.727    2.057    2.352    2.626    2.894    3.174    3.489
    3.853    4.273    4.745    5.264    5.782    6.280    6.676
CT2044:295           -6.859   -6.329   -5.654   -4.933   -4.169   -3.397
   -2.636   -1.900   -1.197   -0.537    0.082    0.658    1.190    1.670
    2.097    2.471    2.790    3.054    3.283    3.492    3.704    3.945
    4.232    4.577    4.978    5.432    5.891    6.334    6.684
CT2044:290           -6.820   -6.266   -5.557   -4.797   -3.988   -3.165
   -2.349   -1.555   -0.793   -0.075    0.599    1.224    1.797    2.308
    2.753    3.132    3.440    3.679    3.869    4.030    4.184    4.363
    4.588    4.871    5.214    5.616    6.031    6.434    6.754
CT2044:285           -6.857   -6.267   -5.517   -4.714   -3.859   -2.986
   -2.121   -1.277   -0.466    0.300    1.017    1.681    2.288    2.825
    3.285    3.668    3.968    4.187    4.346    4.467    4.575    4.704
    4.877    5.109    5.403    5.759    6.134    6.499    6.791
CT2044:280           -6.822   -6.215   -5.440   -4.610   -3.725   -2.820
   -1.922   -1.046   -0.203    0.593    1.339    2.029    2.658    3.211
    3.682    4.068    4.364    4.568    4.706    4.799    4.875    4.967
    5.103    5.298    5.556    5.880    6.225    6.564    6.835
CT2044:275           -6.795   -6.171   -5.376   -4.525   -3.618   -2.693
   -1.775   -0.880   -0.021    0.791    1.550    2.253    2.894    3.457
    3.935    4.325    4.619    4.818    4.946    5.025    5.083    5.156
    5.271    5.446    5.685    5.991    6.321    6.647    6.912
CT2044:270           -6.769   -6.134   -5.328   -4.464   -3.547   -2.613
   -1.689   -0.791    0.070    0.881    1.640    2.343    2.985    3.549
    4.029    4.421    4.717    4.916    5.043    5.119    5.173    5.240
    5.347    5.513    5.741    6.037    6.355    6.671    6.927
CT2044:265           -6.741   -6.101   -5.290   -4.423   -3.504   -2.573
   -1.656   -0.768    0.080    0.877    1.623    2.313    2.945    3.503
    3.980    4.373    4.673    4.878    5.013    5.098    5.160    5.235
    5.348    5.517    5.747    6.041    6.356    6.667    6.918
CT2044:260           -6.725   -6.082   -5.272   -4.407   -3.495   -2.577
   -1.676   -0.809    0.016    0.788    1.509    2.178    2.791    3.336
    3.806    4.198    4.503    4.720    4.870    4.974    5.056    5.150
    5.282    5.467    5.710    6.012    6.333    6.649    6.902
CT2044:255           -6.736   -6.091   -5.283   -4.426   -3.526   -2.626
   -1.749   -0.910   -0.116    0.624    1.314    1.953    2.541    3.067
    3.525    3.913    4.223    4.453    4.623    4.751    4.860    4.982
    5.139    5.345    5.605    5.919    6.247    6.565    6.815
CT2044:250           -6.730   -6.089   -5.292   -4.448   -3.567   -2.692
   -1.846   -1.041   -0.283    0.419    1.072    1.678    2.236    2.739
    3.182    3.564    3.878    4.122    4.315    4.472    4.615    4.771
    4.962    5.201    5.489    5.825    6.172    6.507    6.770
CT2044:245           -6.752   -6.113   -5.327   -4.497   -3.636   -2.789
   -1.974   -1.204   -0.485    0.179    0.794    1.364    1.891    2.368
    2.793    3.166    3.482    3.739    3.954    4.141    4.319    4.513
    4.741    5.015    5.334    5.696    6.065    6.420    6.697
CT2044:240           -6.754   -6.123   -5.352   -4.543   -3.706   -2.889
   -2.108   -1.375   -0.693   -0.068    0.508    1.042    1.536    1.985
    2.391    2.752    3.067    3.335    3.570    3.785    3.998    4.230
    4.497    4.808    5.161    5.554    5.948    6.327    6.625
CT2044:235           -6.777   -6.153   -5.396   -4.603   -3.790   -3.001
   -2.251   -1.552   -0.905   -0.317    0.224    0.723    1.184    1.606
    1.990    2.338    2.648    2.923    3.175    3.416    3.661    3.930
    4.234    4.581    4.969    5.393    5.817    6.223    6.545
CT2044:230           -6.782   -6.168   -5.428   -4.656   -3.867   -3.105
   -2.386   -1.718   -1.105   -0.551   -0.044    0.422    0.852    1.245
    1.606    1.938    2.241    2.519    2.784    3.046    3.319    3.620
    3.959    4.341    4.762    5.218    5.670    6.104    6.452
CT2044:225           -6.802   -6.194   -5.468   -4.713   -3.943   -3.205
   -2.511   -1.871   -1.286   -0.762   -0.285    0.149    0.549    0.915
    1.252    1.565    1.858    2.136    2.409    2.687    2.984    3.315
    3.686    4.101    4.555    5.043    5.527    5.992    6.372
CT2044:220           -6.804   -6.207   -5.496   -4.757   -4.007   -3.291
   -2.620   -2.003   -1.444   -0.947   -0.499   -0.093    0.276    0.614
    0.926    1.219    1.498    1.770    2.046    2.336    2.651    3.006
    3.404    3.848    4.331    4.848    5.361    5.856    6.264
CT2044:215           -6.804   -6.214   -5.515   -4.791   -4.057   -3.357
   -2.704   -2.107   -1.570   -1.096   -0.674   -0.296    0.045    0.354
    0.640    0.910    1.172    1.436    1.711    2.009    2.339    2.715
    3.140    3.612    4.125    4.674    5.221    5.751    6.199
CT2044:210           -6.800   -6.216   -5.528   -4.815   -4.094   -3.408
   -2.770   -2.189   -1.670   -1.217   -0.819   -0.468   -0.156    0.123
    0.380    0.625    0.867    1.117    1.387    1.687    2.026    2.419
    2.863    3.358    3.896    4.471    5.046    5.605    6.083
CT2044:205           -6.760   -6.187   -5.510   -4.809   -4.100   -3.426
   -2.800   -2.233   -1.730   -1.298   -0.924   -0.600   -0.317   -0.070
    0.156    0.373    0.592    0.827    1.089    1.388    1.735    2.142
    2.605    3.122    3.687    4.291    4.897    5.490    6.006
CT2044:200           -6.743   -6.173   -5.501   -4.805   -4.102   -3.434
   -2.816   -2.260   -1.771   -1.357   -1.005   -0.709   -0.458   -0.243
   -0.050    0.137    0.330    0.547    0.798    1.094    1.445    1.862
    2.340    2.876    3.461    4.089    4.723    5.343    5.890
CT2044:195           -6.678   -6.116   -5.451   -4.762   -4.065   -3.404
   -2.794   -2.248   -1.773   -1.378   -1.051   -0.784   -0.566   -0.386
   -0.228   -0.074    0.093    0.290    0.529    0.820    1.173    1.598
    2.089    2.642    3.247    3.898    4.557    5.204    5.781
CT2044:190           -6.646   -6.081   -5.415   -4.725   -4.028   -3.368
   -2.761   -2.222   -1.759   -1.382   -1.079   -0.841   -0.657   -0.513
   -0.390   -0.269   -0.130    0.047    0.272    0.557    0.910    1.342
    1.844    2.411    3.034    3.707    4.390    5.064    5.670
CT2044:185           -6.651   -6.072   -5.394   -4.695   -3.990   -3.326
   -2.718   -2.182   -1.728   -1.367   -1.087   -0.879   -0.727   -0.620
   -0.533   -0.444   -0.334   -0.180    0.029    0.304    0.653    1.086
    1.593    2.169    2.802    3.487    4.184    4.872    5.491
CT2044:180           -6.603   -6.016   -5.332   -4.626   -3.915   -3.246
   -2.638   -2.106   -1.660   -1.316   -1.058   -0.877   -0.757   -0.684
   -0.631   -0.575   -0.493   -0.362   -0.170    0.094    0.436    0.869
    1.382    1.967    2.614    3.317    4.034    4.745    5.391
CT2044:175           -6.685   -6.061   -5.348   -4.616   -3.883   -3.199
   -2.580   -2.042   -1.599   -1.263   -1.021   -0.861   -0.768   -0.724
   -0.702   -0.677   -0.625   -0.520   -0.352   -0.108    0.220    0.643
    1.150    1.732    2.379    3.085    3.805    4.517    5.161
CT2044:170           -6.626   -5.989   -5.263   -4.520   -3.776   -3.083
   -2.458   -1.919   -1.478   -1.150   -0.920   -0.778   -0.706   -0.687
   -0.693   -0.697   -0.675   -0.599   -0.456   -0.235    0.075    0.487
    0.988    1.571    2.224    2.942    3.677    4.407    5.074
CT2044:165           -6.682   -6.009   -5.252   -4.481   -3.713   -3.002
   -2.362   -1.812   -1.364   -1.035   -0.809   -0.674   -0.614   -0.614
   -0.643   -0.676   -0.685   -0.643   -0.536   -0.348   -0.067    0.319
    0.801    1.369    2.011    2.720    3.447    4.168    4.821
CT2044:160           -6.618   -5.928   -5.155   -4.368   -3.585   -2.861
   -2.210   -1.651   -1.195   -0.861   -0.633   -0.500   -0.446   -0.457
   -0.505   -0.562   -0.603   -0.597   -0.527   -0.375   -0.127    0.235
    0.698    1.257    1.896    2.609    3.346    4.078    4.748
CT2044:155           -6.614   -5.896   -5.098   -4.287   -3.484   -2.741
   -2.074   -1.500   -1.032   -0.686   -0.448   -0.309   -0.253   -0.271
   -0.334   -0.416   -0.490   -0.525   -0.499   -0.392   -0.186    0.138
    0.571    1.105    1.724    2.421    3.141    3.856    4.504
CT2044:150           -6.551   -5.814   -4.997   -4.168   -3.348   -2.590
   -1.909   -1.321   -0.839   -0.479   -0.228   -0.077   -0.015   -0.034
   -0.108   -0.210   -0.315   -0.389   -0.406   -0.342   -0.176    0.116
    0.524    1.040    1.650    2.344    3.066    3.786    4.443
CT2044:145           -6.421   -5.676   -4.850   -4.012   -3.182   -2.414
   -1.723   -1.124   -0.630   -0.256    0.008    0.171    0.240    0.222
    0.139    0.017   -0.117   -0.228   -0.286   -0.264   -0.137    0.122
    0.505    1.003    1.599    2.286    3.004    3.723    4.383
CT2044:140           -6.366   -5.601   -4.756   -3.899   -3.054   -2.272
   -1.567   -0.956   -0.448   -0.060    0.218    0.393    0.471    0.454
    0.364    0.226    0.068   -0.076   -0.170   -0.183   -0.090    0.141
    0.500    0.980    1.564    2.243    2.957    3.673    4.335
CT2044:135           -6.169   -5.409   -4.565   -3.708   -2.860   -2.077
   -1.369   -0.754   -0.241    0.153    0.439    0.620    0.703    0.685
    0.589    0.440    0.262    0.096   -0.024   -0.063    0.007    0.219
    0.565    1.037    1.616    2.296    3.015    3.741    4.423
CT2044:130           -6.121   -5.343   -4.481   -3.608   -2.748   -1.955
   -1.240   -0.618   -0.099    0.300    0.591    0.777    0.862    0.845
    0.744    0.586    0.396    0.214    0.077    0.020    0.072    0.268
    0.599    1.056    1.622    2.290    2.998    3.714    4.392
CT2044:125           -6.031   -5.243   -4.371   -3.489   -2.622   -1.825
   -1.108   -0.486    0.032    0.431    0.721    0.906    0.991    0.972
    0.870    0.709    0.515    0.328    0.185    0.121    0.166    0.354
    0.675    1.122    1.677    2.334    3.032    3.741    4.419
CT2044:120           -5.992   -5.186   -4.301   -3.406   -2.530   -1.729
   -1.011   -0.391    0.123    0.518    0.804    0.986    1.069    1.050
    0.950    0.792    0.603    0.420    0.281    0.218    0.262    0.443
    0.755    1.188    1.728    2.366    3.048    3.740    4.407
CT2044:115           -5.945   -5.127   -4.230   -3.326   -2.444   -1.642
   -0.926   -0.310    0.198    0.585    0.865    1.042    1.123    1.108
    1.015    0.869    0.693    0.524    0.397    0.342    0.389    0.567
    0.869    1.289    1.810    2.429    3.092    3.767    4.422
CT2044:110           -5.916   -5.084   -4.177   -3.265   -2.377   -1.574
   -0.861   -0.251    0.250    0.629    0.903    1.077    1.160    1.152
    1.073    0.945    0.790    0.641    0.531    0.488    0.538    0.711
    1.001    1.403    1.902    2.497    3.135    3.789    4.428
CT2044:105           -5.898   -5.054   -4.137   -3.217   -2.325   -1.521
   -0.810   -0.205    0.290    0.663    0.932    1.107    1.196    1.201
    1.142    1.038    0.910    0.785    0.694    0.662    0.715    0.880
    1.153    1.531    2.003    2.568    3.177    3.803    4.419
CT2044:100           -5.879   -5.028   -4.104   -3.178   -2.284   -1.480
   -0.771   -0.169    0.321    0.691    0.961    1.140    1.240    1.263
    1.228    1.153    1.054    0.956    0.884    0.864    0.918    1.073
    1.327    1.681    2.125    2.661    3.243    3.843    4.441
CT2044:095           -5.949   -5.077   -4.138   -3.199   -2.295   -1.485
   -0.773   -0.170    0.322    0.695    0.970    1.160    1.275    1.320
    1.311    1.265    1.195    1.122    1.069    1.057    1.107    1.246
    1.476    1.798    2.204    2.699    3.241    3.800    4.358
CT2044:090           -5.944   -5.070   -4.129   -3.189   -2.284   -1.475
   -0.763   -0.160    0.333    0.709    0.991    1.192    1.322    1.389
    1.408    1.391    1.351    1.303    1.269    1.267    1.317    1.446
    1.657    1.954    2.333    2.799    3.314    3.849    4.390
CT2044:085           -5.986   -5.106   -4.161   -3.217   -2.310   -1.499
   -0.786   -0.181    0.315    0.697    0.987    1.199    1.345    1.431
    1.473    1.483    1.470    1.447    1.432    1.441    1.493    1.613
    1.807    2.081    2.433    2.870    3.357    3.864    4.380
CT2044:080           -6.000   -5.124   -4.183   -3.242   -2.338   -1.529
   -0.817   -0.212    0.286    0.671    0.966    1.186    1.343    1.445
    1.506    1.539    1.550    1.551    1.557    1.582    1.642    1.761
    1.947    2.207    2.540    2.957    3.422    3.911    4.412
CT2044:075           -6.001   -5.138   -4.207   -3.275   -2.379   -1.576
   -0.868   -0.266    0.230    0.615    0.912    1.136    1.299    1.411
    1.487    1.538    1.571    1.596    1.626    1.671    1.747    1.875
    2.062    2.317    2.642    3.046    3.501    3.979    4.475
CT2044:070           -6.034   -5.182   -4.261   -3.340   -2.452   -1.656
   -0.954   -0.356    0.136    0.519    0.814    1.037    1.202    1.319
    1.405    1.470    1.523    1.572    1.627    1.697    1.795    1.937
    2.132    2.389    2.709    3.104    3.548    4.016    4.504
CT2044:065           -6.087   -5.249   -4.342   -3.433   -2.557   -1.771
   -1.078   -0.487   -0.001    0.376    0.667    0.887    1.050    1.170
    1.261    1.339    1.410    1.483    1.565    1.663    1.787    1.950
    2.161    2.426    2.749    3.142    3.582    4.045    4.529
CT2044:060           -6.140   -5.321   -4.432   -3.540   -2.680   -1.908
   -1.227   -0.648   -0.171    0.199    0.484    0.699    0.860    0.980
    1.077    1.166    1.255    1.351    1.461    1.588    1.740    1.929
    2.159    2.437    2.768    3.165    3.605    4.067    4.549
CT2044:055           -6.225   -5.424   -4.554   -3.682   -2.840   -2.084
   -1.418   -0.851   -0.384   -0.023    0.256    0.467    0.628    0.751
    0.856    0.956    1.062    1.181    1.317    1.473    1.653    1.867
    2.119    2.414    2.757    3.161    3.606    4.071    4.554
CT2044:050           -6.297   -5.522   -4.677   -3.830   -3.012   -2.278
   -1.632   -1.081   -0.628   -0.276   -0.002    0.207    0.369    0.499
    0.614    0.728    0.852    0.993    1.154    1.336    1.542    1.782
    2.056    2.371    2.731    3.147    3.602    4.076    4.563
CT2044:045           -6.385   -5.635   -4.818   -3.999   -3.208   -2.500
   -1.875   -1.343   -0.905   -0.562   -0.293   -0.083    0.085    0.224
    0.353    0.484    0.627    0.789    0.972    1.178    1.410    1.674
    1.972    2.309    2.689    3.123    3.594    4.082    4.580
CT2044:040           -6.472   -5.753   -4.968   -4.182   -3.423   -2.744
   -2.146   -1.637   -1.216   -0.884   -0.620   -0.408   -0.233   -0.081
    0.064    0.213    0.376    0.559    0.763    0.992    1.247    1.534
    1.857    2.218    2.621    3.076    3.567    4.072    4.582
CT2044:035           -6.570   -5.881   -5.130   -4.378   -3.654   -3.007
   -2.439   -1.956   -1.556   -1.237   -0.979   -0.767   -0.585   -0.421
   -0.260   -0.092    0.091    0.296    0.522    0.774    1.053    1.366
    1.714    2.102    2.532    3.012    3.524    4.048    4.569
CT2044:030           -6.664   -6.009   -5.295   -4.580   -3.894   -3.284
   -2.750   -2.296   -1.921   -1.620   -1.373   -1.164   -0.979   -0.806
   -0.630   -0.444   -0.241   -0.014    0.238    0.516    0.823    1.167
    1.547    1.968    2.431    2.942    3.482    4.030    4.567
CT2044:025           -6.748   -6.128   -5.453   -4.779   -4.133   -3.563
   -3.067   -2.648   -2.303   -2.026   -1.796   -1.598   -1.417   -1.240
   -1.055   -0.854   -0.631   -0.380   -0.101    0.208    0.549    0.930
    1.348    1.806    2.305    2.848    3.415    3.986    4.533
CT2044:020           -6.842   -6.255   -5.617   -4.981   -4.376   -3.845
   -3.387   -3.005   -2.693   -2.446   -2.241   -2.061   -1.892   -1.719
   -1.531   -1.319   -1.077   -0.799   -0.487   -0.139    0.246    0.672
    1.137    1.642    2.185    2.769    3.370    3.970    4.534
CT2044:015           -6.919   -6.366   -5.765   -5.168   -4.602   -4.112
   -3.694   -3.350   -3.076   -2.863   -2.689   -2.537   -2.389   -2.229
   -2.044   -1.827   -1.567   -1.261   -0.912   -0.519   -0.084    0.395
    0.914    1.471    2.062    2.687    3.321    3.949    4.527
CT2044:010           -7.003   -6.479   -5.911   -5.347   -4.816   -4.362
   -3.980   -3.674   -3.437   -3.261   -3.123   -3.003   -2.883   -2.743
   -2.567   -2.348   -2.073   -1.738   -1.348   -0.906   -0.416    0.123
    0.700    1.312    1.954    2.622    3.291    3.947    4.539
CT2044:005           -7.083   -6.583   -6.043   -5.508   -5.007   -4.583
   -4.234   -3.961   -3.758   -3.618   -3.516   -3.430   -3.341   -3.224
   -3.062   -2.843   -2.555   -2.192   -1.762   -1.271   -0.725   -0.128
    0.507    1.173    1.863    2.570    3.269    3.948    4.550
CT2045:360           -7.151   -6.671   -6.153   -5.640   -5.163   -4.763
   -4.438   -4.191   -4.016   -3.905   -3.834   -3.778   -3.717   -3.622
   -3.472   -3.255   -2.956   -2.568   -2.102   -1.566   -0.970   -0.320
    0.366    1.079    1.810    2.550    3.274    3.973    4.580
