CT2032:360           -5.851   -5.158   -4.375   -3.575   -2.778   -2.039
   -1.375   -0.801   -0.327    0.038    0.315    0.521    0.676    0.802
    0.924    1.061    1.230    1.445    1.708    2.023    2.391    2.814
    3.284    3.795    4.339    4.907    5.470    6.015    6.483
CT2032:355           -5.854   -5.182   -4.431   -3.669   -2.918   -2.233
   -1.627   -1.113   -0.699   -0.389   -0.160    0.006    0.132    0.241
    0.356    0.496    0.677    0.913    1.201    1.546    1.946    2.404
    2.908    3.452    4.029    4.629    5.224    5.801    6.301
CT2032:350           -5.875   -5.222   -4.501   -3.774   -3.065   -2.429
   -1.873   -1.412   -1.047   -0.783   -0.593   -0.458   -0.355   -0.260
   -0.151   -0.010    0.179    0.429    0.737    1.105    1.531    2.018
    2.553    3.130    3.739    4.373    5.003    5.616    6.153
CT2032:345           -5.857   -5.231   -4.545   -3.857   -3.191   -2.600
   -2.091   -1.675   -1.353   -1.125   -0.967   -0.856   -0.771   -0.689
   -0.587   -0.448   -0.257   -0.002    0.316    0.698    1.142    1.650
    2.208    2.810    3.447    4.110    4.769    5.412    5.979
CT2032:340           -5.884   -5.276   -4.617   -3.958   -3.326   -2.771
   -2.298   -1.916   -1.626   -1.426   -1.289   -1.196   -1.124   -1.051
   -0.955   -0.821   -0.632   -0.377   -0.055    0.333    0.788    1.311
    1.889    2.515    3.178    3.871    4.562    5.237    5.838
CT2032:335           -5.802   -5.231   -4.611   -3.992   -3.399   -2.882
   -2.445   -2.096   -1.834   -1.657   -1.540   -1.462   -1.402   -1.338
   -1.250   -1.122   -0.939   -0.688   -0.368    0.022    0.483    1.018
    1.613    2.260    2.950    3.674    4.400    5.112    5.752
CT2032:330           -5.828   -5.272   -4.674   -4.079   -3.512   -3.021
   -2.609   -2.283   -2.042   -1.883   -1.779   -1.712   -1.662   -1.606
   -1.525   -1.405   -1.229   -0.983   -0.668   -0.279    0.184    0.726
    1.334    1.998    2.710    3.460    4.214    4.955    5.625
CT2032:325           -5.758   -5.232   -4.666   -4.102   -3.567   -3.106
   -2.722   -2.422   -2.203   -2.064   -1.977   -1.924   -1.886   -1.839
   -1.766   -1.653   -1.483   -1.241   -0.928   -0.539   -0.071    0.482
    1.105    1.791    2.528    3.309    4.097    4.873    5.583
CT2032:320           -5.777   -5.264   -4.715   -4.171   -3.657   -3.219
   -2.858   -2.580   -2.383   -2.262   -2.193   -2.156   -2.130   -2.095
   -2.030   -1.923   -1.757   -1.517   -1.204   -0.811   -0.336    0.227
    0.865    1.569    2.327    3.132    3.943    4.744    5.479
CT2032:315           -5.784   -5.285   -4.754   -4.230   -3.739   -3.325
   -2.989   -2.736   -2.564   -2.467   -2.421   -2.403   -2.395   -2.373
   -2.318   -2.217   -2.053   -1.812   -1.493   -1.092   -0.607   -0.031
    0.621    1.340    2.114    2.933    3.756    4.566    5.304
CT2032:310           -5.795   -5.304   -4.788   -4.282   -3.812   -3.422
   -3.112   -2.887   -2.744   -2.676   -2.656   -2.663   -2.675   -2.669
   -2.624   -2.526   -2.359   -2.108   -1.775   -1.356   -0.850   -0.251
    0.423    1.165    1.961    2.801    3.643    4.472    5.227
CT2032:305           -5.865   -5.374   -4.866   -4.371   -3.918   -3.551
   -3.267   -3.072   -2.960   -2.924   -2.935   -2.971   -3.009   -3.021
   -2.987   -2.892   -2.720   -2.457   -2.107   -1.668   -1.141   -0.524
    0.165    0.917    1.715    2.548    3.375    4.181    4.898
CT2032:300           -5.868   -5.382   -4.886   -4.406   -3.974   -3.633
   -3.379   -3.218   -3.141   -3.142   -3.190   -3.258   -3.323   -3.354
   -3.329   -3.233   -3.048   -2.761   -2.381   -1.908   -1.347   -0.696
    0.023    0.800    1.620    2.468    3.307    4.123    4.847
CT2032:295           -5.907   -5.418   -4.928   -4.458   -4.042   -3.724
   -3.499   -3.370   -3.330   -3.369   -3.453   -3.557   -3.650   -3.701
   -3.683   -3.584   -3.383   -3.071   -2.658   -2.149   -1.552   -0.871
   -0.128    0.665    1.492    2.337    3.164    3.964    4.663
CT2032:290           -5.906   -5.418   -4.935   -4.476   -4.076   -3.781
   -3.583   -3.485   -3.480   -3.556   -3.678   -3.814   -3.936   -4.004
   -3.991   -3.883   -3.662   -3.316   -2.865   -2.314   -1.677   -0.961
   -0.190    0.623    1.462    2.312    3.139    3.938    4.634
CT2032:285           -5.835   -5.355   -4.883   -4.438   -4.055   -3.781
   -3.609   -3.539   -3.565   -3.675   -3.829   -3.996   -4.142   -4.223
   -4.211   -4.091   -3.843   -3.463   -2.970   -2.377   -1.699   -0.949
   -0.149    0.685    1.539    2.399    3.236    4.046    4.760
CT2032:280           -5.831   -5.347   -4.874   -4.431   -4.053   -3.790
   -3.632   -3.579   -3.625   -3.756   -3.932   -4.119   -4.279   -4.367
   -4.351   -4.218   -3.947   -3.536   -3.011   -2.386   -1.680   -0.910
   -0.099    0.737    1.586    2.433    3.255    4.049    4.751
CT2032:275           -5.763   -5.281   -4.811   -4.370   -3.996   -3.738
   -3.585   -3.540   -3.594   -3.733   -3.917   -4.109   -4.272   -4.356
   -4.331   -4.182   -3.890   -3.454   -2.903   -2.255   -1.532   -0.751
    0.063    0.896    1.738    2.576    3.392    4.183    4.894
CT2032:270           -5.753   -5.262   -4.782   -4.331   -3.948   -3.681
   -3.519   -3.464   -3.507   -3.635   -3.807   -3.987   -4.135   -4.205
   -4.164   -3.999   -3.691   -3.243   -2.683   -2.033   -1.314   -0.547
    0.246    1.053    1.864    2.669    3.453    4.215    4.905
CT2032:265           -5.754   -5.249   -4.754   -4.286   -3.884   -3.595
   -3.410   -3.329   -3.343   -3.439   -3.579   -3.726   -3.843   -3.885
   -3.822   -3.639   -3.323   -2.874   -2.323   -1.690   -0.998   -0.265
    0.489    1.252    2.019    2.782    3.527    4.255    4.922
CT2032:260           -5.741   -5.222   -4.708   -4.218   -3.790   -3.471
   -3.249   -3.126   -3.094   -3.140   -3.227   -3.322   -3.391   -3.393
   -3.300   -3.100   -2.782   -2.347   -1.822   -1.228   -0.583    0.095
    0.790    1.495    2.205    2.916    3.617    4.305    4.946
CT2032:255           -5.748   -5.211   -4.671   -4.153   -3.690   -3.329
   -3.058   -2.879   -2.784   -2.761   -2.777   -2.803   -2.810   -2.761
   -2.634   -2.418   -2.105   -1.696   -1.216   -0.680   -0.103    0.501
    1.121    1.753    2.395    3.047    3.699    4.343    4.956
CT2032:250           -5.736   -5.183   -4.618   -4.069   -3.568   -3.158
   -2.830   -2.584   -2.414   -2.310   -2.243   -2.189   -2.123   -2.018
   -1.854   -1.626   -1.324   -0.954   -0.531   -0.067    0.426    0.943
    1.478    2.030    2.599    3.191    3.794    4.397    4.984
CT2032:245           -5.747   -5.174   -4.579   -3.994   -3.449   -2.984
   -2.592   -2.272   -2.020   -1.827   -1.670   -1.529   -1.388   -1.224
   -1.026   -0.788   -0.505   -0.179    0.177    0.559    0.962    1.385
    1.831    2.301    2.800    3.336    3.895    4.463    5.032
CT2032:240           -5.743   -5.155   -4.532   -3.915   -3.328   -2.807
   -2.349   -1.955   -1.620   -1.339   -1.094   -0.871   -0.658   -0.442
   -0.215    0.027    0.286    0.561    0.847    1.144    1.455    1.786
    2.144    2.536    2.968    3.451    3.969    4.504    5.053
CT2032:235           -5.755   -5.150   -4.499   -3.848   -3.218   -2.643
   -2.122   -1.656   -1.243   -0.880   -0.555   -0.259    0.015    0.274
    0.522    0.761    0.993    1.218    1.438    1.659    1.888    2.139
    2.425    2.755    3.137    3.586    4.083    4.605    5.158
CT2032:230           -5.764   -5.150   -4.477   -3.798   -3.131   -2.510
   -1.933   -1.405   -0.926   -0.497   -0.109    0.243    0.562    0.848
    1.103    1.332    1.533    1.710    1.870    2.024    2.184    2.370
    2.596    2.877    3.218    3.638    4.113    4.620    5.165
CT2032:225           -5.801   -5.174   -4.481   -3.777   -3.078   -2.416
   -1.794   -1.217   -0.687   -0.209    0.222    0.609    0.952    1.248
    1.500    1.711    1.883    2.020    2.135    2.242    2.356    2.502
    2.696    2.952    3.277    3.691    4.169    4.682    5.241
CT2032:220           -5.829   -5.200   -4.496   -3.778   -3.058   -2.370
   -1.718   -1.110   -0.551   -0.049    0.401    0.798    1.143    1.431
    1.666    1.855    1.998    2.104    2.188    2.266    2.357    2.486
    2.668    2.919    3.245    3.663    4.148    4.668    5.234
CT2032:215           -5.956   -5.312   -4.593   -3.858   -3.121   -2.413
   -1.744   -1.121   -0.551   -0.045    0.401    0.786    1.113    1.377
    1.586    1.746    1.865    1.950    2.020    2.091    2.181    2.315
    2.509    2.773    3.114    3.547    4.043    4.571    5.135
CT2032:210           -6.005   -5.369   -4.654   -3.922   -3.187   -2.481
   -1.816   -1.201   -0.645   -0.161    0.257    0.608    0.898    1.125
    1.299    1.432    1.531    1.609    1.683    1.769    1.884    2.052
    2.284    2.589    2.971    3.444    3.974    4.532    5.115
CT2032:205           -6.133   -5.498   -4.786   -4.059   -3.331   -2.636
   -1.987   -1.396   -0.871   -0.426   -0.055    0.247    0.486    0.666
    0.801    0.905    0.991    1.072    1.164    1.281    1.438    1.657
    1.944    2.305    2.738    3.255    3.819    4.404    4.994
CT2032:200           -6.205   -5.587   -4.895   -4.189   -3.483   -2.818
   -2.203   -1.652   -1.176   -0.787   -0.477   -0.237   -0.059    0.068
    0.162    0.241    0.319    0.413    0.537    0.702    0.921    1.212
    1.574    2.011    2.517    3.098    3.716    4.347    4.966
CT2032:195           -6.248   -5.657   -4.996   -4.321   -3.651   -3.026
   -2.458   -1.961   -1.545   -1.222   -0.981   -0.811   -0.696   -0.624
   -0.570   -0.514   -0.437   -0.321   -0.156    0.069    0.364    0.741
    1.195    1.723    2.317    2.977    3.665    4.358    5.022
CT2032:190           -6.339   -5.773   -5.142   -4.501   -3.869   -3.290
   -2.773   -2.334   -1.981   -1.727   -1.556   -1.454   -1.404   -1.384
   -1.368   -1.333   -1.255   -1.114   -0.903   -0.613   -0.240    0.227
    0.774    1.394    2.074    2.809    3.559    4.305    4.999
CT2032:185           -6.393   -5.861   -5.269   -4.670   -4.084   -3.555
   -3.094   -2.715   -2.426   -2.239   -2.133   -2.095   -2.102   -2.129
   -2.145   -2.125   -2.043   -1.873   -1.613   -1.256   -0.799   -0.239
    0.405    1.122    1.895    2.712    3.535    4.345    5.085
CT2032:180           -6.493   -5.991   -5.434   -4.874   -4.332   -3.852
   -3.443   -3.118   -2.885   -2.753   -2.703   -2.716   -2.769   -2.834
   -2.875   -2.866   -2.776   -2.579   -2.274   -1.855   -1.324   -0.681
    0.050    0.850    1.701    2.586    3.463    4.318    5.082
CT2032:175           -6.591   -6.119   -5.599   -5.078   -4.578   -4.143
   -3.779   -3.501   -3.312   -3.223   -3.212   -3.260   -3.343   -3.431
   -3.486   -3.479   -3.379   -3.156   -2.810   -2.338   -1.744   -1.029
   -0.225    0.647    1.566    2.509    3.433    4.328    5.111
CT2032:170           -6.693   -6.251   -5.765   -5.279   -4.816   -4.419
   -4.092   -3.847   -3.689   -3.624   -3.633   -3.695   -3.788   -3.880
   -3.934   -3.920   -3.805   -3.558   -3.181   -2.669   -2.027   -1.261
   -0.404    0.520    1.487    2.472    3.429    4.349    5.142
CT2032:165           -6.744   -6.338   -5.890   -5.441   -5.014   -4.649
   -4.351   -4.127   -3.984   -3.925   -3.932   -3.987   -4.067   -4.143
   -4.178   -4.146   -4.011   -3.743   -3.342   -2.805   -2.137   -1.341
   -0.453    0.502    1.499    2.509    3.486    4.423    5.221
CT2032:160           -6.837   -6.457   -6.035   -5.612   -5.208   -4.861
   -4.574   -4.355   -4.206   -4.131   -4.113   -4.136   -4.180   -4.218
   -4.218   -4.153   -3.993   -3.706   -3.293   -2.748   -2.074   -1.274
   -0.383    0.577    1.579    2.593    3.571    4.505    5.293
CT2032:155           -6.865   -6.518   -6.124   -5.727   -5.343   -5.007
   -4.721   -4.492   -4.323   -4.215   -4.153   -4.124   -4.112   -4.093
   -4.042   -3.934   -3.742   -3.439   -3.020   -2.481   -1.821   -1.039
   -0.166    0.776    1.763    2.764    3.730    4.652    5.427
CT2032:150           -6.942   -6.613   -6.234   -5.847   -5.468   -5.126
   -4.825   -4.570   -4.362   -4.203   -4.079   -3.982   -3.897   -3.806
   -3.690   -3.530   -3.302   -2.982   -2.566   -2.044   -1.413   -0.670
    0.162    1.063    2.011    2.977    3.910    4.801    5.545
CT2032:145           -7.022   -6.705   -6.331   -5.945   -5.561   -5.202
   -4.873   -4.578   -4.318   -4.094   -3.897   -3.719   -3.550   -3.379
   -3.191   -2.972   -2.704   -2.367   -1.955   -1.457   -0.866   -0.173
    0.602    1.446    2.338    3.254    4.141    4.988    5.694
CT2032:140           -7.076   -6.768   -6.396   -6.007   -5.609   -5.225
   -4.859   -4.515   -4.195   -3.898   -3.620   -3.356   -3.100   -2.844
   -2.581   -2.301   -1.991   -1.637   -1.230   -0.758   -0.212    0.421
    1.130    1.904    2.727    3.578    4.405    5.196    5.853
CT2032:135           -7.165   -6.853   -6.469   -6.064   -5.642   -5.220
   -4.806   -4.403   -4.014   -3.638   -3.274   -2.921   -2.575   -2.235
   -1.897   -1.555   -1.204   -0.831   -0.428    0.019    0.520    1.092
    1.730    2.429    3.177    3.955    4.716    5.445    6.051
CT2032:130           -7.195   -6.885   -6.491   -6.070   -5.623   -5.162
   -4.697   -4.233   -3.772   -3.316   -2.867   -2.425   -1.992   -1.570
   -1.161   -0.762   -0.370    0.019    0.418    0.840    1.296    1.806
    2.371    2.990    3.655    4.352    5.036    5.693    6.237
CT2032:125           -7.260   -6.937   -6.523   -6.076   -5.594   -5.086
   -4.565   -4.035   -3.499   -2.960   -2.423   -1.893   -1.374   -0.873
   -0.395    0.058    0.486    0.892    1.287    1.684    2.099    2.550
    3.045    3.586    4.170    4.787    5.396    5.982    6.468
CT2032:120           -7.268   -6.939   -6.508   -6.037   -5.522   -4.970
   -4.395   -3.800   -3.191   -2.571   -1.950   -1.334   -0.732   -0.156
    0.385    0.888    1.348    1.765    2.153    2.525    2.898    3.290
    3.715    4.179    4.680    5.212    5.739    6.247    6.666
CT2032:115           -7.312   -6.965   -6.506   -6.004   -5.450   -4.850
   -4.219   -3.560   -2.879   -2.180   -1.474   -0.775   -0.092    0.556
    1.157    1.705    2.192    2.617    2.996    3.344    3.676    4.014
    4.374    4.764    5.186    5.637    6.086    6.519    6.873
CT2032:110           -7.303   -6.942   -6.460   -5.931   -5.343   -4.700
   -4.018   -3.302   -2.555   -1.783   -1.001   -0.224    0.533    1.247
    1.902    2.490    3.000    3.430    3.799    4.121    4.416    4.703
    5.002    5.324    5.671    6.045    6.417    6.775    7.064
CT2032:105           -7.316   -6.934   -6.424   -5.862   -5.237   -4.552
   -3.822   -3.052   -2.246   -1.410   -0.560    0.285    1.108    1.881
    2.582    3.204    3.734    4.168    4.528    4.828    5.088    5.330
    5.575    5.835    6.116    6.417    6.717    7.004    7.227
CT2032:100           -7.291   -6.891   -6.355   -5.764   -5.106   -4.382
   -3.612   -2.797   -1.943   -1.054   -0.150    0.750    1.624    2.443
    3.183    3.832    4.378    4.816    5.169    5.454    5.688    5.895
    6.096    6.305    6.528    6.768    7.005    7.230    7.395
CT2032:095           -7.282   -6.858   -6.292   -5.670   -4.977   -4.218
   -3.410   -2.557   -1.664   -0.735    0.208    1.147    2.057    2.906
    3.671    4.339    4.896    5.339    5.689    5.963    6.180    6.359
    6.526    6.692    6.865    7.048    7.226    7.389    7.493
CT2032:090           -7.246   -6.800   -6.206   -5.553   -4.828   -4.036
   -3.197   -2.313   -1.390   -0.435    0.533    1.492    2.420    3.284
    4.059    4.736    5.300    5.746    6.097    6.369    6.579    6.745
    6.891    7.030    7.169    7.312    7.446    7.565    7.626
CT2032:085           -7.224   -6.751   -6.125   -5.440   -4.681   -3.857
   -2.987   -2.076   -1.130   -0.158    0.820    1.785    2.713    3.574
    4.344    5.017    5.579    6.025    6.378    6.651    6.860    7.020
    7.154    7.274    7.388    7.497    7.593    7.670    7.684
CT2032:080           -7.182   -6.684   -6.029   -5.312   -4.520   -3.664
   -2.766   -1.831   -0.868    0.114    1.093    2.051    2.966    3.808
    4.560    5.216    5.766    6.206    6.559    6.835    7.049    7.212
    7.346    7.461    7.564    7.656    7.730    7.783    7.769
CT2032:075           -7.123   -6.601   -5.916   -5.168   -4.344   -3.457
   -2.530   -1.572   -0.594    0.393    1.368    2.311    3.201    4.014
    4.734    5.361    5.888    6.314    6.660    6.937    7.158    7.330
    7.472    7.593    7.699    7.788    7.855    7.900    7.875
CT2032:070           -7.080   -6.532   -5.815   -5.034   -4.176   -3.257
   -2.301   -1.319   -0.324    0.667    1.634    2.557    3.417    4.191
    4.868    5.454    5.945    6.346    6.677    6.949    7.172    7.353
    7.505    7.636    7.748    7.840    7.906    7.945    7.909
CT2032:065           -6.973   -6.409   -5.669   -4.861   -3.973   -3.024
   -2.041   -1.037   -0.028    0.966    1.922    2.822    3.647    4.375
    5.003    5.539    5.987    6.354    6.665    6.928    7.154    7.348
    7.518    7.670    7.805    7.919    8.006    8.066    8.051
CT2032:060           -6.931   -6.342   -5.571   -4.731   -3.811   -2.829
   -1.816   -0.788    0.236    1.233    2.178    3.052    3.839    4.518
    5.091    5.572    5.968    6.296    6.577    6.824    7.046    7.245
    7.429    7.597    7.749    7.879    7.979    8.050    8.038
CT2032:055           -6.845   -6.240   -5.445   -4.580   -3.631   -2.621
   -1.584   -0.536    0.499    1.494    2.425    3.271    4.017    4.645
    5.161    5.585    5.930    6.216    6.467    6.697    6.914    7.121
    7.320    7.509    7.687    7.844    7.970    8.066    8.077
CT2032:050           -6.807   -6.179   -5.359   -4.466   -3.489   -2.453
   -1.393   -0.329    0.714    1.703    2.615    3.430    4.135    4.712
    5.174    5.544    5.840    6.085    6.307    6.518    6.728    6.938
    7.149    7.356    7.555    7.734    7.883    8.000    8.027
CT2032:045           -6.795   -6.144   -5.298   -4.379   -3.376   -2.318
   -1.240   -0.167    0.877    1.855    2.744    3.526    4.188    4.718
    5.131    5.454    5.709    5.921    6.117    6.312    6.515    6.727
    6.947    7.170    7.389    7.593    7.765    7.905    7.952
CT2032:040           -6.763   -6.096   -5.233   -4.297   -3.278   -2.207
   -1.123   -0.050    0.985    1.942    2.803    3.548    4.170    4.658
    5.030    5.317    5.540    5.727    5.905    6.088    6.285    6.500
    6.728    6.966    7.205    7.434    7.632    7.800    7.871
CT2032:035           -6.797   -6.107   -5.224   -4.270   -3.237   -2.159
   -1.075   -0.010    1.007    1.938    2.766    3.475    4.060    4.514
    4.857    5.120    5.324    5.497    5.665    5.841    6.034    6.250
    6.485    6.735    6.992    7.245    7.470    7.664    7.762
CT2032:030           -6.778   -6.081   -5.193   -4.236   -3.205   -2.135
   -1.066   -0.024    0.962    1.857    2.645    3.316    3.868    4.295
    4.619    4.870    5.068    5.238    5.404    5.579    5.772    5.991
    6.234    6.496    6.772    7.049    7.302    7.527    7.655
CT2032:025           -6.824   -6.113   -5.218   -4.260   -3.235   -2.180
   -1.136   -0.126    0.821    1.672    2.418    3.051    3.573    3.982
    4.299    4.550    4.754    4.932    5.105    5.286    5.484    5.709
    5.959    6.235    6.529    6.831    7.114    7.370    7.531
CT2032:020           -6.821   -6.111   -5.226   -4.282   -3.277   -2.254
   -1.249   -0.286    0.609    1.408    2.105    2.699    3.193    3.587
    3.903    4.163    4.382    4.578    4.767    4.962    5.172    5.407
    5.671    5.962    6.277    6.606    6.919    7.208    7.405
CT2032:015           -6.790   -6.087   -5.221   -4.301   -3.329   -2.351
   -1.399   -0.496    0.336    1.072    1.715    2.264    2.727    3.109
    3.426    3.698    3.937    4.154    4.365    4.578    4.804    5.054
    5.332    5.640    5.974    6.327    6.668    6.987    7.218
CT2032:010           -6.803   -6.110   -5.265   -4.373   -3.438   -2.509
   -1.613   -0.774   -0.008    0.665    1.252    1.757    2.192    2.561
    2.882    3.170    3.433    3.680    3.920    4.163    4.417    4.693
    4.996    5.331    5.693    6.078    6.454    6.809    7.077
CT2032:005           -6.810   -6.134   -5.317   -4.459   -3.569   -2.694
   -1.860   -1.088   -0.391    0.218    0.747    1.208    1.610    1.965
    2.287    2.588    2.874    3.151    3.425    3.702    3.990    4.299
    4.635    5.001    5.396    5.815    6.227    6.619    6.925
CT2033:360           -6.836   -6.176   -5.389   -4.567   -3.721   -2.902
   -2.130   -1.423   -0.792   -0.246    0.229    0.644    1.015    1.352
    1.670    1.979    2.284    2.588    2.895    3.208    3.534    3.881
    4.256    4.660    5.092    5.549    5.999    6.429    6.775
