CT2024:360           -6.463   -5.675   -4.744   -3.764   -2.732   -1.666
   -0.587    0.490    1.546    2.548    3.472    4.293    4.993    5.550
    5.977    6.299    6.535    6.716    6.875    7.032    7.201    7.388
    7.591    7.802    8.014    8.210    8.374    8.507    8.551
CT2024:355           -6.766   -6.034   -5.167   -4.251   -3.284   -2.279
   -1.255   -0.225    0.794    1.772    2.682    3.496    4.197    4.758
    5.188    5.511    5.748    5.931    6.097    6.270    6.468    6.701
    6.965    7.250    7.546    7.831    8.081    8.295    8.404
CT2024:350           -7.010   -6.353   -5.566   -4.730   -3.843   -2.914
   -1.961   -0.992   -0.024    0.917    1.803    2.605    3.302    3.868
    4.306    4.638    4.887    5.083    5.268    5.468    5.704    5.989
    6.318    6.679    7.060    7.435    7.774    8.074    8.253
CT2024:345           -7.192   -6.627   -5.932   -5.190   -4.394   -3.553
   -2.682   -1.787   -0.881    0.012    0.864    1.646    2.335    2.903
    3.352    3.700    3.968    4.190    4.406    4.644    4.928    5.273
    5.672    6.115    6.585    7.057    7.492    7.886    8.148
CT2024:340           -7.451   -6.965   -6.356   -5.701   -4.994   -4.239
   -3.449   -2.629   -1.790   -0.950   -0.138    0.618    1.295    1.864
    2.324    2.692    2.986    3.241    3.495    3.780    4.117    4.525
    4.996    5.518    6.073    6.634    7.158    7.637    7.972
CT2024:335           -7.699   -7.293   -6.769   -6.202   -5.582   -4.914
   -4.206   -3.464   -2.693   -1.911   -1.144   -0.420    0.239    0.805
    1.274    1.662    1.986    2.280    2.581    2.919    3.317    3.793
    4.340    4.943    5.585    6.237    6.852    7.420    7.836
CT2024:330           -7.951   -7.622   -7.180   -6.694   -6.157   -5.569
   -4.940   -4.271   -3.568   -2.844   -2.125   -1.437   -0.802   -0.245
    0.230    0.635    0.990    1.324    1.673    2.067    2.527    3.071
    3.691    4.371    5.093    5.827    6.522    7.169    7.655
CT2024:325           -8.250   -7.983   -7.609   -7.193   -6.727   -6.208
   -5.646   -5.040   -4.397   -3.726   -3.054   -2.403   -1.794   -1.251
   -0.775   -0.356    0.025    0.397    0.794    1.242    1.761    2.371
    3.059    3.810    4.604    5.412    6.178    6.894    7.440
CT2024:320           -8.481   -8.281   -7.974   -7.626   -7.225   -6.767
   -6.263   -5.712   -5.120   -4.497   -3.868   -3.253   -2.673   -2.147
   -1.676   -1.249   -0.847   -0.442   -0.002    0.497    1.074    1.744
    2.496    3.313    4.174    5.048    5.881    6.662    7.267
CT2024:315           -8.659   -8.528   -8.287   -8.001   -7.658   -7.253
   -6.796   -6.290   -5.740   -5.156   -4.563   -3.982   -3.430   -2.924
   -2.464   -2.037   -1.622   -1.192   -0.719   -0.179    0.443    1.163
    1.964    2.831    3.742    4.666    5.546    6.371    7.014
CT2024:310           -8.859   -8.779   -8.586   -8.346   -8.045   -7.675
   -7.250   -6.771   -6.248   -5.690   -5.123   -4.567   -4.039   -3.551
   -3.101   -2.676   -2.253   -1.803   -1.302   -0.728   -0.068    0.693
    1.538    2.449    3.405    4.374    5.300    6.171    6.859
CT2024:305           -8.917   -8.904   -8.767   -8.576   -8.316   -7.979
   -7.581   -7.125   -6.621   -6.083   -5.536   -5.001   -4.492   -4.020
   -3.581   -3.159   -2.732   -2.269   -1.748   -1.150   -0.462    0.328
    1.203    2.146    3.134    4.138    5.101    6.012    6.740
CT2024:300           -9.075   -9.096   -8.987   -8.822   -8.581   -8.257
   -7.869   -7.421   -6.925   -6.395   -5.859   -5.335   -4.837   -4.374
   -3.940   -3.517   -3.083   -2.610   -2.074   -1.460   -0.755    0.052
    0.943    1.902    2.908    3.932    4.918    5.852    6.609
CT2024:295           -9.062   -9.134   -9.063   -8.929   -8.713   -8.405
   -8.029   -7.590   -7.102   -6.581   -6.053   -5.537   -5.045   -4.584
   -4.147   -3.717   -3.272   -2.784   -2.234   -1.605   -0.886   -0.067
    0.837    1.811    2.835    3.884    4.904    5.879    6.692
CT2024:290           -9.247   -9.329   -9.261   -9.128   -8.908   -8.596
   -8.214   -7.772   -7.281   -6.759   -6.231   -5.713   -5.217   -4.747
   -4.296   -3.848   -3.383   -2.876   -2.309   -1.669   -0.944   -0.124
    0.779    1.751    2.774    3.826    4.853    5.839    6.669
CT2024:285           -9.280   -9.376   -9.315   -9.187   -8.970   -8.660
   -8.282   -7.845   -7.361   -6.846   -6.322   -5.805   -5.304   -4.822
   -4.352   -3.880   -3.391   -2.862   -2.280   -1.631   -0.906   -0.093
    0.798    1.758    2.770    3.818    4.847    5.840    6.693
CT2024:280           -9.330   -9.426   -9.360   -9.227   -9.005   -8.693
   -8.318   -7.886   -7.411   -6.904   -6.387   -5.870   -5.361   -4.861
   -4.366   -3.866   -3.348   -2.795   -2.197   -1.543   -0.824   -0.026
    0.843    1.777    2.764    3.788    4.799    5.779    6.627
CT2024:275           -9.398   -9.475   -9.392   -9.243   -9.008   -8.689
   -8.313   -7.887   -7.421   -6.925   -6.414   -5.897   -5.378   -4.859
   -4.337   -3.806   -3.256   -2.678   -2.065   -1.407   -0.696    0.082
    0.922    1.823    2.775    3.765    4.745    5.696    6.523
CT2024:270           -9.393   -9.454   -9.352   -9.186   -8.937   -8.613
   -8.238   -7.820   -7.366   -6.882   -6.379   -5.863   -5.337   -4.800
   -4.252   -3.691   -3.112   -2.511   -1.883   -1.221   -0.517    0.242
    1.057    1.926    2.844    3.801    4.752    5.677    6.488
CT2024:265           -9.368   -9.403   -9.276   -9.085   -8.818   -8.483
   -8.105   -7.692   -7.247   -6.775   -6.281   -5.767   -5.236   -4.685
   -4.117   -3.533   -2.931   -2.311   -1.671   -1.007   -0.310    0.431
    1.219    2.058    2.941    3.863    4.782    5.678    6.469
CT2024:260           -9.310   -9.314   -9.156   -8.936   -8.644   -8.293
   -7.909   -7.495   -7.057   -6.593   -6.107   -5.599   -5.068   -4.511
   -3.932   -3.335   -2.719   -2.089   -1.443   -0.779   -0.090    0.634
    1.399    2.207    3.057    3.943    4.828    5.692    6.459
CT2024:255           -9.174   -9.150   -8.961   -8.712   -8.393   -8.024
   -7.628   -7.211   -6.775   -6.318   -5.840   -5.339   -4.813   -4.260
   -3.682   -3.083   -2.465   -1.832   -1.186   -0.524    0.158    0.869
    1.615    2.399    3.221    4.078    4.936    5.776    6.530
CT2024:250           -9.069   -9.001   -8.769   -8.477   -8.121   -7.722
   -7.304   -6.873   -6.430   -5.974   -5.501   -5.009   -4.495   -3.954
   -3.389   -2.801   -2.193   -1.569   -0.930   -0.276    0.395    1.091
    1.816    2.573    3.364    4.185    5.007    5.813    6.539
CT2024:245           -8.891   -8.786   -8.512   -8.180   -7.785   -7.354
   -6.910   -6.459   -6.005   -5.546   -5.078   -4.598   -4.101   -3.581
   -3.039   -2.474   -1.888   -1.281   -0.658   -0.020    0.636    1.313
    2.014    2.743    3.499    4.281    5.062    5.826    6.515
CT2024:240           -8.747   -8.589   -8.261   -7.876   -7.431   -6.957
   -6.476   -5.997   -5.523   -5.055   -4.588   -4.117   -3.639   -3.144
   -2.632   -2.098   -1.540   -0.960   -0.359    0.259    0.895    1.552
    2.229    2.930    3.654    4.401    5.145    5.875    6.534
CT2024:235           -8.609   -8.393   -8.006   -7.563   -7.063   -6.539
   -6.016   -5.502   -5.003   -4.521   -4.051   -3.590   -3.130   -2.664
   -2.186   -1.689   -1.169   -0.624   -0.056    0.532    1.137    1.761
    2.403    3.064    3.743    4.440    5.131    5.805    6.408
CT2024:230           -8.440   -8.164   -7.718   -7.214   -6.657   -6.081
   -5.511   -4.959   -4.431   -3.931   -3.455   -2.999   -2.556   -2.117
   -1.672   -1.213   -0.733   -0.226    0.304    0.857    1.428    2.019
    2.626    3.252    3.896    4.556    5.211    5.851    6.425
CT2024:225           -8.290   -7.951   -7.439   -6.873   -6.254   -5.623
   -5.003   -4.409   -3.847   -3.326   -2.841   -2.387   -1.957   -1.542
   -1.130   -0.710   -0.272    0.191    0.676    1.184    1.712    2.258
    2.822    3.404    4.003    4.618    5.228    5.824    6.356
CT2024:220           -8.111   -7.711   -7.138   -6.511   -5.834   -5.149
   -4.481   -3.846   -3.251   -2.707   -2.210   -1.754   -1.334   -0.939
   -0.557   -0.173    0.223    0.639    1.077    1.537    2.016    2.517
    3.036    3.576    4.134    4.712    5.289    5.853    6.361
CT2024:215           -7.879   -7.429   -6.804   -6.125   -5.396   -4.664
   -3.953   -3.280   -2.655   -2.090   -1.581   -1.124   -0.711   -0.334
    0.022    0.371    0.726    1.096    1.484    1.892    2.321    2.773
    3.246    3.744    4.265    4.810    5.358    5.897    6.390
CT2024:210           -7.703   -7.196   -6.515   -5.780   -5.000   -4.221
   -3.469   -2.761   -2.108   -1.524   -1.004   -0.543   -0.136    0.226
    0.558    0.875    1.191    1.515    1.854    2.210    2.587    2.989
    3.417    3.872    4.354    4.866    5.385    5.899    6.375
CT2024:205           -7.421   -6.881   -6.163   -5.392   -4.577   -3.766
   -2.985   -2.254   -1.583   -0.987   -0.462   -0.003    0.396    0.742
    1.051    1.339    1.618    1.901    2.194    2.504    2.834    3.192
    3.580    4.000    4.453    4.942    5.444    5.948    6.424
CT2024:200           -7.258   -6.668   -5.905   -5.091   -4.237   -3.394
   -2.588   -1.837   -1.152   -0.549   -0.023    0.431    0.820    1.150
    1.436    1.697    1.943    2.188    2.441    2.709    2.997    3.315
    3.666    4.053    4.478    4.943    5.428    5.916    6.385
CT2024:195           -7.020   -6.402   -5.612   -4.773   -3.897   -3.038
   -2.220   -1.461   -0.775   -0.177    0.341    0.782    1.155    1.464
    1.727    1.960    2.177    2.390    2.610    2.844    3.101    3.389
    3.714    4.080    4.486    4.940    5.417    5.903    6.378
CT2024:190           -6.878   -6.222   -5.402   -4.536   -3.639   -2.766
   -1.941   -1.183   -0.502    0.086    0.588    1.010    1.361    1.646
    1.882    2.089    2.279    2.465    2.659    2.869    3.103    3.372
    3.680    4.031    4.427    4.874    5.348    5.832    6.312
CT2024:185           -6.736   -6.051   -5.210   -4.328   -3.421   -2.546
   -1.725   -0.975   -0.309    0.258    0.736    1.130    1.451    1.706
    1.913    2.092    2.256    2.420    2.595    2.791    3.013    3.275
    3.579    3.929    4.326    4.777    5.259    5.753    6.247
CT2024:180           -6.622   -5.913   -5.059   -4.169   -3.262   -2.393
   -1.584   -0.853   -0.210    0.328    0.774    1.133    1.417    1.635
    1.807    1.955    2.094    2.240    2.404    2.594    2.817    3.085
    3.398    3.759    4.169    4.634    5.131    5.642    6.155
CT2024:175           -6.509   -5.784   -4.928   -4.041   -3.144   -2.294
   -1.508   -0.805   -0.195    0.306    0.710    1.026    1.265    1.439
    1.572    1.686    1.800    1.932    2.091    2.287    2.524    2.812
    3.149    3.536    3.973    4.466    4.993    5.533    6.076
CT2024:170           -6.425   -5.692   -4.842   -3.968   -3.091   -2.269
   -1.518   -0.853   -0.285    0.170    0.525    0.789    0.976    1.100
    1.189    1.267    1.358    1.480    1.643    1.855    2.118    2.439
    2.813    3.240    3.716    4.247    4.810    5.386    5.962
CT2024:165           -6.271   -5.550   -4.727   -3.886   -3.050   -2.275
   -1.574   -0.964   -0.453   -0.058    0.235    0.438    0.565    0.634
    0.677    0.720    0.790    0.909    1.086    1.324    1.626    1.995
    2.421    2.901    3.429    4.011    4.622    5.244    5.859
CT2024:160           -6.214   -5.499   -4.702   -3.895   -3.104   -2.384
   -1.744   -1.198   -0.755   -0.430   -0.206   -0.071   -0.007    0.007
    0.005    0.019    0.076    0.203    0.403    0.680    1.033    1.462
    1.952    2.496    3.088    3.731    4.399    5.074    5.733
CT2024:155           -6.086   -5.398   -4.648   -3.896   -3.171   -2.526
   -1.966   -1.505   -1.149   -0.909   -0.768   -0.709   -0.713   -0.754
   -0.795   -0.803   -0.749   -0.606   -0.372   -0.045    0.368    0.866
    1.428    2.044    2.707    3.414    4.141    4.869    5.567
CT2024:150           -6.048   -5.376   -4.669   -3.972   -3.317   -2.755
   -2.286   -1.921   -1.663   -1.519   -1.467   -1.488   -1.557   -1.646
   -1.714   -1.732   -1.667   -1.494   -1.214   -0.828   -0.345    0.231
    0.874    1.574    2.318    3.103    3.901    4.695    5.444
CT2024:145           -5.932   -5.298   -4.653   -4.029   -3.461   -3.000
   -2.641   -2.390   -2.246   -2.211   -2.257   -2.359   -2.492   -2.620
   -2.706   -2.722   -2.636   -2.423   -2.090   -1.641   -1.084   -0.429
    0.299    1.083    1.911    2.776    3.644    4.502    5.296
CT2024:140           -5.902   -5.290   -4.699   -4.141   -3.658   -3.300
   -3.053   -2.920   -2.895   -2.970   -3.112   -3.291   -3.479   -3.636
   -3.728   -3.730   -3.611   -3.352   -2.962   -2.447   -1.816   -1.079
   -0.266    0.607    1.524    2.473    3.419    4.347    5.191
CT2024:135           -5.739   -5.176   -4.657   -4.183   -3.800   -3.556
   -3.431   -3.424   -3.522   -3.708   -3.944   -4.195   -4.431   -4.609
   -4.699   -4.681   -4.528   -4.222   -3.778   -3.199   -2.497   -1.681
   -0.781    0.183    1.192    2.231    3.260    4.264    5.167
CT2024:130           -5.703   -5.160   -4.692   -4.282   -3.981   -3.836
   -3.820   -3.925   -4.131   -4.415   -4.730   -5.041   -5.313   -5.504
   -5.588   -5.550   -5.367   -5.022   -4.530   -3.898   -3.135   -2.248
   -1.270   -0.224    0.869    1.988    3.087    4.155    5.099
CT2024:125           -5.591   -5.077   -4.662   -4.316   -4.094   -4.041
   -4.123   -4.326   -4.626   -4.991   -5.371   -5.728   -6.028   -6.229
   -6.309   -6.258   -6.054   -5.681   -5.156   -4.481   -3.665   -2.714
   -1.664   -0.538    0.636    1.834    3.005    4.136    5.128
CT2024:120           -5.535   -5.030   -4.648   -4.346   -4.180   -4.194
   -4.347   -4.622   -4.988   -5.409   -5.832   -6.220   -6.539   -6.749
   -6.832   -6.779   -6.569   -6.186   -5.643   -4.942   -4.089   -3.088
   -1.979   -0.789    0.451    1.708    2.929    4.103    5.117
CT2024:115           -5.500   -4.990   -4.623   -4.343   -4.210   -4.264
   -4.458   -4.773   -5.174   -5.622   -6.066   -6.468   -6.797   -7.017
   -7.109   -7.067   -6.867   -6.490   -5.947   -5.234   -4.358   -3.321
   -2.167   -0.928    0.362    1.664    2.920    4.123    5.149
CT2024:110           -5.414   -4.895   -4.531   -4.258   -4.137   -4.204
   -4.410   -4.733   -5.138   -5.585   -6.027   -6.427   -6.759   -6.988
   -7.097   -7.077   -6.902   -6.546   -6.018   -5.310   -4.428   -3.374
   -2.196   -0.930    0.387    1.710    2.980    4.189    5.210
CT2024:105           -5.376   -4.826   -4.439   -4.145   -4.003   -4.048
   -4.229   -4.522   -4.895   -5.311   -5.725   -6.105   -6.428   -6.661
   -6.786   -6.792   -6.648   -6.325   -5.824   -5.137   -4.267   -3.218
   -2.039   -0.771    0.547    1.868    3.129    4.328    5.332
CT2024:100           -5.258   -4.679   -4.260   -3.932   -3.751   -3.750
   -3.877   -4.112   -4.425   -4.783   -5.147   -5.489   -5.788   -6.016
   -6.153   -6.183   -6.073   -5.788   -5.327   -4.678   -3.844   -2.827
   -1.681   -0.445    0.839    2.123    3.346    4.506    5.469
CT2024:095           -5.166   -4.540   -4.066   -3.679   -3.432   -3.354
   -3.397   -3.544   -3.767   -4.041   -4.330   -4.612   -4.868   -5.074
   -5.207   -5.250   -5.167   -4.921   -4.507   -3.911   -3.135   -2.181
   -1.100    0.069    1.286    2.503    3.664    4.764    5.678
CT2024:090           -5.024   -4.350   -3.813   -3.355   -3.026   -2.852
   -2.791   -2.828   -2.941   -3.109   -3.303   -3.505   -3.697   -3.860
   -3.971   -4.010   -3.943   -3.733   -3.372   -2.845   -2.153   -1.294
   -0.317    0.746    1.855    2.971    4.036    5.047    5.886
CT2024:085           -4.862   -4.134   -3.525   -2.985   -2.559   -2.274
   -2.093   -2.005   -1.992   -2.039   -2.121   -2.223   -2.331   -2.429
   -2.496   -2.511   -2.445   -2.265   -1.959   -1.515   -0.929   -0.197
    0.641    1.559    2.523    3.500    4.438    5.329    6.068
CT2024:080           -4.708   -3.919   -3.225   -2.591   -2.057   -1.649
   -1.338   -1.114   -0.965   -0.880   -0.838   -0.827   -0.833   -0.845
   -0.846   -0.817   -0.735   -0.573   -0.320    0.037    0.505    1.091
    1.768    2.517    3.315    4.135    4.931    5.694    6.332
CT2024:075           -4.495   -3.653   -2.880   -2.155   -1.513   -0.984
   -0.543   -0.186    0.098    0.315    0.482    0.613    0.716    0.801
    0.881    0.968    1.079    1.232    1.437    1.705    2.046    2.471
    2.967    3.524    4.129    4.765    5.392    5.996    6.502
CT2024:070           -4.345   -3.436   -2.572   -1.746   -0.989   -0.335
    0.237    0.727    1.142    1.486    1.776    2.024    2.239    2.426
    2.595    2.752    2.905    3.062    3.231    3.422    3.645    3.916
    4.235    4.605    5.020    5.478    5.943    6.399    6.792
CT2024:065           -4.130   -3.171   -2.229   -1.313   -0.453    0.315
    1.005    1.613    2.145    2.601    3.000    3.353    3.668    3.949
    4.202    4.429    4.629    4.797    4.942    5.069    5.188    5.317
    5.469    5.658    5.887    6.163    6.462    6.764    7.031
CT2024:060           -4.002   -2.979   -1.951   -0.941    0.024    0.903
    1.703    2.421    3.057    3.611    4.103    4.543    4.942    5.304
    5.630    5.921    6.167    6.355    6.489    6.571    6.610    6.623
    6.635    6.667    6.732    6.847    6.996    7.157    7.315
CT2024:055           -3.853   -2.779   -1.678   -0.586    0.471    1.446
    2.342    3.153    3.875    4.508    5.071    5.577    6.037    6.457
    6.838    7.178    7.462    7.672    7.805    7.860    7.843    7.769
    7.671    7.574    7.499    7.472    7.485    7.518    7.570
CT2024:050           -3.763   -2.638   -1.466   -0.296    0.846    1.909
    2.891    3.782    4.577    5.273    5.889    6.441    6.941    7.396
    7.811    8.182    8.492    8.719    8.858    8.901    8.853    8.722
    8.546    8.354    8.172    8.030    7.930    7.855    7.815
CT2024:045           -3.690   -2.522   -1.290   -0.054    1.160    2.299
    3.354    4.312    5.168    5.912    6.566    7.145    7.665    8.134
    8.560    8.941    9.262    9.499    9.643    9.684    9.622    9.462
    9.240    8.987    8.729    8.501    8.313    8.151    8.034
CT2024:040           -3.653   -2.452   -1.171    0.121    1.397    2.599
    3.717    4.733    5.639    6.422    7.103    7.698    8.224    8.690
    9.107    9.480    9.795   10.030   10.174   10.218   10.154    9.986
    9.745    9.459    9.158    8.873    8.622    8.395    8.216
CT2024:035           -3.671   -2.444   -1.122    0.215    1.542    2.799
    3.970    5.036    5.985    6.801    7.504    8.108    8.629    9.080
    9.475    9.823   10.116   10.335   10.472   10.514   10.456   10.292
   10.051    9.758    9.438    9.121    8.829    8.557    8.327
CT2024:030           -3.697   -2.459   -1.113    0.253    1.616    2.913
    4.126    5.233    6.219    7.064    7.785    8.394    8.907    9.335
    9.699   10.011   10.268   10.460   10.581   10.619   10.567   10.419
   10.195    9.916    9.605    9.284    8.980    8.689    8.432
CT2024:025           -3.817   -2.571   -1.208    0.179    1.569    2.897
    4.145    5.287    6.306    7.178    7.916    8.530    9.034    9.437
    9.763   10.031   10.244   10.398   10.493   10.519   10.471   10.338
   10.138    9.883    9.591    9.280    8.972    8.670    8.383
CT2024:020           -3.912   -2.680   -1.321    0.067    1.464    2.808
    4.076    5.242    6.286    7.180    7.933    8.550    9.045    9.423
    9.711    9.934   10.099   10.212   10.277   10.291   10.248   10.139
    9.975    9.763    9.515    9.243    8.965    8.685    8.406
CT2024:015           -4.031   -2.829   -1.491   -0.118    1.271    2.615
    3.890    5.069    6.130    7.040    7.805    8.425    8.911    9.266
    9.518    9.696    9.814    9.885    9.920    9.920    9.882    9.801
    9.678    9.519    9.329    9.111    8.880    8.640    8.383
CT2024:010           -4.195   -3.033   -1.728   -0.384    0.982    2.314
    3.584    4.766    5.834    6.754    7.527    8.148    8.626    8.960
    9.180    9.317    9.392    9.424    9.432    9.421    9.393    9.342
    9.268    9.170    9.049    8.900    8.731    8.547    8.327
CT2024:005           -4.342   -3.238   -1.985   -0.691    0.634    1.935
    3.184    4.354    5.418    6.339    7.113    7.732    8.201    8.516
    8.709    8.814    8.854    8.858    8.848    8.836    8.827    8.818
    8.807    8.786    8.753    8.698    8.620    8.524    8.382
CT2025:360           -4.567   -3.526   -2.334   -1.098    0.175    1.433
    2.648    3.794    4.843    5.756    6.524    7.137    7.596    7.895
    8.065    8.143    8.157    8.139    8.120    8.113    8.127    8.163
    8.213    8.269    8.321    8.355    8.362    8.344    8.262
