CT2034:360           -7.045   -6.547   -5.916   -5.246   -4.545   -3.857
   -3.203   -2.600   -2.059   -1.587   -1.174   -0.809   -0.477   -0.165
    0.145    0.466    0.811    1.190    1.604    2.057    2.550    3.083
    3.647    4.233    4.829    5.414    5.956    6.454    6.813
CT2034:355           -7.032   -6.544   -5.933   -5.287   -4.619   -3.970
   -3.362   -2.808   -2.315   -1.891   -1.521   -1.192   -0.891   -0.602
   -0.308    0.004    0.345    0.725    1.146    1.612    2.122    2.680
    3.274    3.895    4.530    5.157    5.743    6.284    6.685
CT2034:350           -7.033   -6.552   -5.960   -5.338   -4.699   -4.087
   -3.519   -3.007   -2.557   -2.173   -1.839   -1.543   -1.269   -1.002
   -0.726   -0.427   -0.095    0.283    0.706    1.179    1.703    2.282
    2.902    3.555    4.225    4.892    5.518    6.100    6.541
CT2034:345           -6.945   -6.487   -5.923   -5.332   -4.729   -4.156
   -3.629   -3.158   -2.748   -2.401   -2.102   -1.837   -1.590   -1.346
   -1.089   -0.806   -0.485   -0.114    0.309    0.788    1.324    1.921
    2.568    3.252    3.960    4.669    5.340    5.969    6.460
CT2034:340           -6.939   -6.488   -5.941   -5.371   -4.793   -4.250
   -3.755   -3.317   -2.940   -2.625   -2.356   -2.118   -1.897   -1.676
   -1.439   -1.173   -0.865   -0.502   -0.083    0.398    0.943    1.555
    2.223    2.933    3.672    4.415    5.124    5.790    6.319
CT2034:335           -6.842   -6.412   -5.891   -5.349   -4.803   -4.294
   -3.833   -3.430   -3.087   -2.805   -2.567   -2.359   -2.165   -1.968
   -1.752   -1.505   -1.210   -0.856   -0.439    0.046    0.601    1.230
    1.920    2.658    3.429    4.211    4.960    5.671    6.246
CT2034:330           -6.821   -6.397   -5.890   -5.366   -4.842   -4.359
   -3.927   -3.554   -3.243   -2.992   -2.785   -2.607   -2.441   -2.269
   -2.076   -1.846   -1.565   -1.217   -0.802   -0.313    0.252    0.897
    1.608    2.370    3.169    3.981    4.764    5.507    6.117
CT2034:325           -6.857   -6.424   -5.921   -5.406   -4.897   -4.435
   -4.027   -3.683   -3.402   -3.184   -3.009   -2.863   -2.727   -2.583
   -2.413   -2.201   -1.933   -1.591   -1.175   -0.680   -0.103    0.558
    1.287    2.071    2.892    3.728    4.534    5.300    5.929
CT2034:320           -6.819   -6.388   -5.895   -5.394   -4.905   -4.468
   -4.089   -3.777   -3.531   -3.350   -3.213   -3.103   -3.002   -2.888
   -2.743   -2.550   -2.293   -1.953   -1.532   -1.026   -0.432    0.252
    1.006    1.816    2.666    3.530    4.366    5.161    5.820
CT2034:315           -6.845   -6.395   -5.898   -5.400   -4.922   -4.505
   -4.154   -3.873   -3.663   -3.522   -3.426   -3.357   -3.295   -3.217
   -3.100   -2.930   -2.685   -2.350   -1.926   -1.409   -0.800   -0.099
    0.673    1.501    2.366    3.242    4.086    4.887    5.545
CT2034:310           -6.790   -6.336   -5.845   -5.356   -4.893   -4.499
   -4.174   -3.927   -3.755   -3.655   -3.602   -3.576   -3.555   -3.513
   -3.425   -3.275   -3.041   -2.705   -2.270   -1.735   -1.102   -0.372
    0.430    1.288    2.180    3.083    3.951    4.777    5.457
CT2034:305           -6.728   -6.267   -5.777   -5.293   -4.841   -4.466
   -4.166   -3.950   -3.813   -3.754   -3.744   -3.762   -3.784   -3.779
   -3.722   -3.593   -3.369   -3.032   -2.586   -2.032   -1.373   -0.615
    0.217    1.103    2.023    2.949    3.839    4.683    5.382
CT2034:300           -6.656   -6.185   -5.691   -5.208   -4.763   -4.402
   -4.122   -3.932   -3.828   -3.805   -3.836   -3.896   -3.959   -3.991
   -3.964   -3.858   -3.646   -3.309   -2.855   -2.283   -1.602   -0.817
    0.042    0.953    1.895    2.841    3.746    4.607    5.319
CT2034:295           -6.485   -6.016   -5.526   -5.049   -4.612   -4.264
   -4.002   -3.834   -3.758   -3.768   -3.835   -3.933   -4.033   -4.101
   -4.104   -4.021   -3.823   -3.489   -3.030   -2.445   -1.746   -0.939
   -0.057    0.876    1.839    2.803    3.726    4.603    5.336
CT2034:290           -6.393   -5.907   -5.403   -4.914   -4.470   -4.120
   -3.861   -3.702   -3.639   -3.668   -3.759   -3.884   -4.013   -4.111
   -4.141   -4.080   -3.900   -3.576   -3.120   -2.534   -1.827   -1.011
   -0.119    0.823    1.793    2.761    3.687    4.566    5.302
CT2034:285           -6.297   -5.789   -5.266   -4.758   -4.298   -3.934
   -3.666   -3.501   -3.438   -3.472   -3.572   -3.711   -3.859   -3.978
   -4.032   -3.995   -3.835   -3.530   -3.088   -2.512   -1.813   -1.001
   -0.113    0.826    1.790    2.752    3.671    4.545    5.278
CT2034:280           -6.186   -5.653   -5.104   -4.570   -4.085   -3.697
   -3.407   -3.221   -3.140   -3.162   -3.254   -3.392   -3.545   -3.677
   -3.749   -3.735   -3.602   -3.325   -2.910   -2.359   -1.683   -0.892
   -0.023    0.897    1.844    2.788    3.691    4.551    5.276
CT2034:275           -6.201   -5.615   -5.017   -4.435   -3.902   -3.470
   -3.135   -2.907   -2.786   -2.771   -2.835   -2.952   -3.093   -3.225
   -3.309   -3.318   -3.217   -2.977   -2.604   -2.096   -1.463   -0.713
    0.116    0.998    1.908    2.817    3.686    4.515    5.216
CT2034:270           -6.079   -5.461   -4.825   -4.204   -3.628   -3.147
   -2.762   -2.482   -2.307   -2.242   -2.259   -2.339   -2.455   -2.577
   -2.668   -2.699   -2.634   -2.443   -2.124   -1.674   -1.100   -0.408
    0.367    1.197    2.060    2.927    3.761    4.559    5.240
CT2034:265           -6.019   -5.355   -4.669   -3.995   -3.362   -2.820
   -2.369   -2.019   -1.772   -1.636   -1.588   -1.611   -1.686   -1.786
   -1.877   -1.928   -1.904   -1.769   -1.518   -1.143   -0.646   -0.031
    0.669    1.430    2.227    3.036    3.819    4.571    5.219
CT2034:260           -5.896   -5.197   -4.465   -3.741   -3.052   -2.445
   -1.922   -1.494   -1.165   -0.945   -0.817   -0.770   -0.790   -0.857
   -0.941   -1.009   -1.025   -0.953   -0.779   -0.491   -0.084    0.441
    1.054    1.734    2.458    3.203    3.934    4.641    5.262
CT2034:255           -5.699   -4.978   -4.211   -3.444   -2.702   -2.032
   -1.436   -0.928   -0.511   -0.199    0.018    0.145    0.191    0.166
    0.097    0.017   -0.040   -0.035    0.055    0.247    0.550    0.971
    1.484    2.071    2.709    3.381    4.048    4.701    5.286
CT2034:250           -5.583   -4.827   -4.013   -3.194   -2.393   -1.653
   -0.980   -0.385    0.125    0.534    0.847    1.063    1.184    1.210
    1.166    1.081    0.988    0.929    0.934    1.027    1.222    1.533
    1.940    2.428    2.977    3.575    4.182    4.783    5.339
CT2034:245           -5.413   -4.636   -3.787   -2.927   -2.075   -1.273
   -0.530    0.144    0.741    1.242    1.647    1.950    2.148    2.230
    2.215    2.132    2.010    1.891    1.813    1.807    1.892    2.090
    2.387    2.770    3.225    3.740    4.278    4.819    5.333
CT2034:240           -5.312   -4.506   -3.617   -2.712   -1.809   -0.948
   -0.139    0.607    1.282    1.866    2.356    2.740    3.011    3.150
    3.170    3.097    2.956    2.790    2.642    2.547    2.532    2.626
    2.820    3.109    3.477    3.921    4.402    4.896    5.384
CT2034:235           -5.290   -4.447   -3.516   -2.567   -1.614   -0.700
    0.166    0.972    1.711    2.362    2.920    3.372    3.705    3.895
    3.951    3.893    3.743    3.542    3.337    3.167    3.065    3.064
    3.163    3.360    3.642    4.012    4.427    4.862    5.305
CT2034:230           -5.215   -4.353   -3.395   -2.415   -1.430   -0.480
    0.424    1.271    2.050    2.744    3.347    3.843    4.220    4.450
    4.536    4.497    4.351    4.132    3.894    3.675    3.511    3.441
    3.470    3.598    3.819    4.137    4.512    4.914    5.341
CT2034:225           -5.255   -4.360   -3.371   -2.360   -1.343   -0.364
    0.567    1.438    2.239    2.953    3.575    4.092    4.490    4.743
    4.852    4.832    4.697    4.478    4.227    3.983    3.783    3.667
    3.644    3.720    3.891    4.164    4.499    4.866    5.266
CT2034:220           -5.213   -4.311   -3.311   -2.290   -1.262   -0.275
    0.661    1.532    2.329    3.035    3.647    4.156    4.550    4.806
    4.925    4.920    4.803    4.601    4.361    4.121    3.916    3.786
    3.744    3.799    3.948    4.203    4.525    4.882    5.280
CT2034:215           -5.258   -4.341   -3.330   -2.299   -1.266   -0.278
    0.652    1.509    2.285    2.961    3.541    4.017    4.385    4.624
    4.739    4.744    4.648    4.473    4.263    4.050    3.867    3.751
    3.718    3.775    3.924    4.177    4.498    4.856    5.256
CT2034:210           -5.252   -4.341   -3.338   -2.316   -1.294   -0.323
    0.584    1.411    2.148    2.776    3.303    3.727    4.047    4.251
    4.349    4.354    4.276    4.136    3.968    3.801    3.664    3.589
    3.589    3.675    3.847    4.119    4.458    4.831    5.245
CT2034:205           -5.350   -4.435   -3.435   -2.420   -1.411   -0.459
    0.420    1.212    1.902    2.475    2.940    3.300    3.560    3.717
    3.785    3.782    3.718    3.613    3.495    3.386    3.310    3.295
    3.350    3.485    3.700    4.008    4.377    4.777    5.212
CT2034:200           -5.382   -4.486   -3.509   -2.520   -1.539   -0.622
    0.220    0.965    1.603    2.114    2.511    2.801    2.995    3.096
    3.126    3.104    3.046    2.972    2.903    2.857    2.852    2.910
    3.035    3.235    3.509    3.867    4.279    4.718    5.180
CT2034:195           -5.497   -4.613   -3.657   -2.692   -1.741   -0.858
   -0.056    0.646    1.233    1.687    2.021    2.246    2.376    2.421
    2.408    2.363    2.304    2.254    2.229    2.243    2.309    2.445
    2.649    2.923    3.265    3.682    4.144    4.626    5.117
CT2034:190           -5.563   -4.709   -3.789   -2.862   -1.952   -1.112
   -0.355    0.299    0.838    1.239    1.517    1.684    1.757    1.751
    1.697    1.626    1.560    1.526    1.537    1.605    1.740    1.953
    2.237    2.592    3.010    3.494    4.014    4.547    5.074
CT2034:185           -5.645   -4.824   -3.944   -3.060   -2.195   -1.402
   -0.691   -0.081    0.413    0.770    1.005    1.127    1.156    1.108
    1.021    0.925    0.851    0.826    0.865    0.979    1.173    1.458
    1.821    2.254    2.749    3.304    3.884    4.471    5.036
CT2034:180           -5.739   -4.956   -4.120   -3.281   -2.464   -1.719
   -1.053   -0.487   -0.031    0.292    0.494    0.587    0.587    0.513
    0.403    0.290    0.208    0.190    0.249    0.398    0.643    0.989
    1.421    1.927    2.494    3.115    3.754    4.393    4.994
CT2034:175           -5.807   -5.070   -4.284   -3.497   -2.733   -2.038
   -1.420   -0.895   -0.474   -0.177    0.006    0.084    0.072   -0.012
   -0.132   -0.250   -0.334   -0.345   -0.269   -0.092    0.193    0.592
    1.084    1.656    2.290    2.977    3.676    4.371    5.016
CT2034:170           -5.919   -5.223   -4.483   -3.744   -3.029   -2.382
   -1.806   -1.317   -0.924   -0.644   -0.469   -0.391   -0.399   -0.476
   -0.588   -0.700   -0.777   -0.779   -0.690   -0.492   -0.180    0.257
    0.793    1.414    2.100    2.836    3.581    4.316    4.990
CT2034:165           -6.003   -5.355   -4.664   -3.975   -3.310   -2.709
   -2.175   -1.719   -1.348   -1.078   -0.900   -0.810   -0.799   -0.854
   -0.943   -1.035   -1.094   -1.082   -0.979   -0.766   -0.434    0.028
    0.597    1.254    1.980    2.759    3.543    4.316    5.020
CT2034:160           -6.122   -5.514   -4.867   -4.221   -3.599   -3.037
   -2.536   -2.105   -1.748   -1.478   -1.288   -1.175   -1.131   -1.149
   -1.203   -1.262   -1.295   -1.263   -1.146   -0.922   -0.579   -0.105
    0.478    1.154    1.902    2.704    3.511    4.305    5.025
CT2034:155           -6.246   -5.677   -5.068   -4.460   -3.875   -3.345
   -2.870   -2.455   -2.104   -1.825   -1.613   -1.466   -1.381   -1.352
   -1.358   -1.375   -1.374   -1.318   -1.185   -0.953   -0.609   -0.135
    0.448    1.125    1.876    2.683    3.496    4.295    5.016
CT2034:150           -6.362   -5.830   -5.256   -4.681   -4.126   -3.620
   -3.161   -2.753   -2.397   -2.100   -1.858   -1.669   -1.534   -1.450
   -1.402   -1.369   -1.326   -1.241   -1.091   -0.854   -0.512   -0.048
    0.523    1.189    1.931    2.732    3.541    4.338    5.058
CT2034:145           -6.531   -6.022   -5.470   -4.916   -4.378   -3.881
   -3.425   -3.011   -2.639   -2.314   -2.031   -1.794   -1.602   -1.457
   -1.349   -1.261   -1.174   -1.058   -0.891   -0.651   -0.318    0.127
    0.674    1.313    2.027    2.804    3.591    4.367    5.069
CT2034:140           -6.638   -6.160   -5.633   -5.100   -4.576   -4.084
   -3.625   -3.197   -2.802   -2.441   -2.114   -1.824   -1.572   -1.363
   -1.193   -1.048   -0.913   -0.764   -0.579   -0.335   -0.014    0.407
    0.923    1.527    2.206    2.951    3.711    4.464    5.148
CT2034:135           -6.806   -6.343   -5.826   -5.300   -4.776   -4.277
   -3.802   -3.350   -2.922   -2.519   -2.141   -1.793   -1.478   -1.204
   -0.969   -0.764   -0.579   -0.395   -0.191    0.055    0.363    0.756
    1.233    1.794    2.429    3.132    3.854    4.573    5.232
CT2034:130           -6.901   -6.463   -5.961   -5.444   -4.923   -4.415
   -3.923   -3.445   -2.983   -2.536   -2.108   -1.702   -1.325   -0.986
   -0.686   -0.421   -0.185    0.036    0.261    0.511    0.805    1.168
    1.604    2.118    2.702    3.356    4.035    4.714    5.342
CT2034:125           -7.045   -6.617   -6.119   -5.602   -5.073   -4.549
   -4.033   -3.526   -3.027   -2.536   -2.057   -1.595   -1.156   -0.752
   -0.387   -0.060    0.229    0.489    0.739    0.994    1.276    1.609
    2.003    2.466    2.996    3.596    4.226    4.858    5.449
CT2034:120           -7.127   -6.718   -6.228   -5.714   -5.180   -4.642
   -4.106   -3.573   -3.041   -2.511   -1.987   -1.473   -0.977   -0.510
   -0.081    0.307    0.651    0.954    1.229    1.495    1.768    2.074
    2.429    2.844    3.321    3.866    4.445    5.029    5.582
CT2034:115           -7.262   -6.858   -6.366   -5.846   -5.301   -4.746
   -4.188   -3.628   -3.066   -2.500   -1.935   -1.373   -0.824   -0.298
    0.192    0.641    1.039    1.384    1.688    1.965    2.232    2.515
    2.832    3.198    3.620    4.107    4.626    5.153    5.652
CT2034:110           -7.331   -6.942   -6.453   -5.933   -5.381   -4.813
   -4.238   -3.657   -3.070   -2.474   -1.874   -1.272   -0.676   -0.097
    0.450    0.954    1.405    1.792    2.128    2.421    2.690    2.956
    3.245    3.573    3.950    4.387    4.858    5.338    5.795
CT2034:105           -7.427   -7.043   -6.554   -6.028   -5.466   -4.883
   -4.290   -3.689   -3.078   -2.456   -1.823   -1.185   -0.548    0.076
    0.671    1.224    1.721    2.147    2.511    2.822    3.094    3.350
    3.616    3.910    4.245    4.634    5.055    5.483    5.890
CT2034:100           -7.487   -7.112   -6.623   -6.095   -5.525   -4.930
   -4.320   -3.699   -3.065   -2.417   -1.756   -1.086   -0.415    0.247
    0.880    1.471    2.004    2.462    2.852    3.180    3.461    3.713
    3.966    4.238    4.542    4.894    5.274    5.661    6.028
CT2034:095           -7.526   -7.162   -6.674   -6.143   -5.565   -4.957
   -4.330   -3.687   -3.029   -2.354   -1.664   -0.966   -0.265    0.424
    1.084    1.701    2.257    2.738    3.147    3.491    3.782    4.037
    4.285    4.545    4.830    5.155    5.505    5.860    6.196
CT2034:090           -7.577   -7.218   -6.728   -6.192   -5.605   -4.980
   -4.333   -3.665   -2.979   -2.273   -1.554   -0.827   -0.104    0.604
    1.278    1.907    2.474    2.964    3.384    3.739    4.039    4.300
    4.547    4.800    5.071    5.374    5.695    6.019    6.320
CT2034:085           -7.603   -7.250   -6.759   -6.218   -5.621   -4.979
   -4.310   -3.616   -2.898   -2.161   -1.411   -0.660    0.082    0.800
    1.477    2.105    2.670    3.160    3.584    3.946    4.256    4.527
    4.782    5.038    5.307    5.598    5.903    6.209    6.489
CT2034:080           -7.644   -7.293   -6.798   -6.249   -5.640   -4.980
   -4.286   -3.562   -2.813   -2.043   -1.265   -0.492    0.262    0.982
    1.654    2.271    2.823    3.305    3.725    4.090    4.408    4.690
    4.955    5.217    5.485    5.768    6.056    6.340    6.592
CT2034:075           -7.749   -7.388   -6.879   -6.314   -5.685   -5.002
   -4.281   -3.527   -2.746   -1.946   -1.143   -0.353    0.408    1.123
    1.780    2.378    2.912    3.379    3.791    4.154    4.477    4.768
    5.040    5.305    5.568    5.834    6.096    6.346    6.550
CT2034:070           -7.781   -7.419   -6.903   -6.329   -5.686   -4.985
   -4.242   -3.464   -2.658   -1.835   -1.016   -0.219    0.541    1.245
    1.884    2.461    2.976    3.430    3.837    4.203    4.537    4.844
    5.133    5.412    5.685    5.953    6.207    6.446    6.630
CT2034:065           -7.841   -7.471   -6.943   -6.355   -5.697   -4.976
   -4.213   -3.415   -2.590   -1.754   -0.929   -0.132    0.618    1.305
    1.924    2.480    2.976    3.418    3.822    4.194    4.540    4.863
    5.169    5.462    5.743    6.009    6.253    6.475    6.631
CT2034:060           -7.866   -7.493   -6.957   -6.359   -5.687   -4.951
   -4.174   -3.362   -2.529   -1.691   -0.869   -0.085    0.649    1.315
    1.911    2.447    2.929    3.365    3.771    4.153    4.516    4.860
    5.188    5.501    5.797    6.071    6.316    6.535    6.679
CT2034:055           -7.760   -7.403   -6.873   -6.277   -5.602   -4.861
   -4.079   -3.266   -2.436   -1.607   -0.802   -0.039    0.671    1.312
    1.887    2.408    2.881    3.319    3.736    4.138    4.528    4.905
    5.270    5.619    5.953    6.262    6.544    6.801    6.989
CT2034:050           -7.778   -7.417   -6.878   -6.271   -5.585   -4.833
   -4.043   -3.228   -2.403   -1.589   -0.804   -0.067    0.614    1.228
    1.779    2.282    2.747    3.186    3.611    4.028    4.439    4.839
    5.227    5.598    5.950    6.272    6.561    6.821    7.006
CT2034:045           -7.754   -7.392   -6.848   -6.235   -5.540   -4.782
   -3.990   -3.178   -2.363   -1.568   -0.810   -0.102    0.548    1.134
    1.662    2.149    2.608    3.049    3.485    3.921    4.355    4.783
    5.199    5.599    5.977    6.324    6.636    6.919    7.125
CT2034:040           -7.763   -7.396   -6.843   -6.221   -5.518   -4.755
   -3.961   -3.155   -2.354   -1.580   -0.850   -0.174    0.444    1.000
    1.506    1.977    2.428    2.872    3.317    3.767    4.220    4.669
    5.106    5.527    5.925    6.288    6.613    6.906    7.117
CT2034:035           -7.854   -7.466   -6.896   -6.258   -5.541   -4.769
   -3.974   -3.174   -2.387   -1.636   -0.934   -0.288    0.299    0.827
    1.311    1.768    2.212    2.655    3.107    3.567    4.033    4.497
    4.949    5.384    5.793    6.165    6.492    6.784    6.984
CT2034:030           -7.855   -7.463   -6.888   -6.245   -5.526   -4.756
   -3.969   -3.183   -2.418   -1.694   -1.023   -0.410    0.146    0.649
    1.114    1.558    1.998    2.443    2.901    3.372    3.852    4.333
    4.804    5.258    5.688    6.080    6.427    6.737    6.949
CT2034:025           -7.942   -7.530   -6.939   -6.285   -5.559   -4.790
   -4.010   -3.240   -2.497   -1.802   -1.162   -0.580   -0.052    0.429
    0.878    1.313    1.749    2.196    2.660    3.140    3.631    4.125
    4.612    5.084    5.534    5.946    6.311    6.636    6.859
CT2034:020           -7.938   -7.522   -6.932   -6.280   -5.560   -4.804
   -4.044   -3.299   -2.587   -1.926   -1.322   -0.772   -0.272    0.188
    0.622    1.050    1.483    1.933    2.402    2.890    3.392    3.901
    4.406    4.900    5.374    5.812    6.204    6.555    6.799
CT2034:015           -8.022   -7.587   -6.987   -6.329   -5.611   -4.866
   -4.125   -3.406   -2.726   -2.100   -1.530   -1.012   -0.537   -0.097
    0.326    0.747    1.179    1.631    2.105    2.601    3.114    3.638
    4.162    4.680    5.182    5.651    6.074    6.455    6.726
CT2034:010           -8.014   -7.580   -6.985   -6.337   -5.634   -4.912
   -4.200   -3.516   -2.873   -2.288   -1.755   -1.270   -0.823   -0.403
    0.007    0.420    0.849    1.301    1.779    2.282    2.805    3.345
    3.891    4.435    4.968    5.471    5.928    6.344    6.643
CT2034:005           -8.026   -7.588   -6.999   -6.360   -5.673   -4.976
   -4.296   -3.648   -3.045   -2.500   -2.005   -1.553   -1.134   -0.734
   -0.339    0.065    0.488    0.940    1.421    1.930    2.466    3.024
    3.596    4.171    4.741    5.285    5.785    6.242    6.580
CT2035:360           -8.017   -7.582   -7.003   -6.379   -5.713   -5.046
   -4.400   -3.791   -3.230   -2.726   -2.269   -1.852   -1.461   -1.085
   -0.707   -0.316    0.099    0.546    1.028    1.543    2.091    2.669
    3.267    3.875    4.482    5.067    5.608    6.105    6.477
