CT2001:360           -4.439   -3.872   -3.301   -2.733   -2.179   -1.656
   -1.167   -0.724   -0.337   -0.016    0.245    0.456    0.636    0.810
    1.009    1.257    1.585    2.014    2.544    3.176    3.904    4.716
    5.579    6.458    7.321    8.103    8.756    9.297    9.543
CT2001:355           -4.586   -4.024   -3.486   -2.966   -2.480   -2.047
   -1.664   -1.340   -1.077   -0.882   -0.740   -0.635   -0.546   -0.446
   -0.302   -0.092    0.213    0.636    1.176    1.832    2.599    3.468
    4.400    5.361    6.316    7.200    7.960    8.611    8.969
CT2001:350           -4.633   -4.097   -3.610   -3.154   -2.751   -2.423
   -2.160   -1.966   -1.839   -1.777   -1.757   -1.760   -1.760   -1.726
   -1.628   -1.445   -1.150   -0.721   -0.161    0.529    1.343    2.272
    3.276    4.321    5.367    6.352    7.219    7.980    8.455
CT2001:345           -4.614   -4.116   -3.691   -3.308   -2.996   -2.779
   -2.641   -2.582   -2.594   -2.665   -2.768   -2.874   -2.957   -2.980
   -2.917   -2.751   -2.455   -2.008   -1.419   -0.686    0.184    1.181
    2.263    3.396    4.540    5.634    6.621    7.512    8.134
CT2001:340           -4.678   -4.207   -3.832   -3.512   -3.282   -3.169
   -3.148   -3.215   -3.357   -3.553   -3.767   -3.968   -4.125   -4.200
   -4.166   -4.012   -3.712   -3.247   -2.628   -1.857   -0.941    0.112
    1.256    2.456    3.672    4.846    5.921    6.903    7.631
CT2001:335           -4.547   -4.138   -3.836   -3.597   -3.461   -3.455
   -3.552   -3.742   -4.005   -4.317   -4.633   -4.919   -5.143   -5.263
   -5.255   -5.111   -4.807   -4.326   -3.682   -2.877   -1.921   -0.822
    0.373    1.630    2.909    4.155    5.311    6.382    7.217
CT2001:330           -4.610   -4.224   -3.963   -3.775   -3.702   -3.777
   -3.963   -4.247   -4.605   -5.005   -5.399   -5.750   -6.023   -6.177
   -6.190   -6.056   -5.752   -5.263   -4.605   -3.782   -2.804   -1.679
   -0.453    0.838    2.157    3.452    4.667    5.807    6.729
CT2001:325           -4.585   -4.234   -4.018   -3.880   -3.866   -4.008
   -4.266   -4.624   -5.054   -5.518   -5.967   -6.363   -6.672   -6.850
   -6.881   -6.758   -6.462   -5.977   -5.322   -4.499   -3.517   -2.386
   -1.151    0.156    1.498    2.829    4.094    5.292    6.298
CT2001:320           -4.654   -4.317   -4.124   -4.013   -4.033   -4.215
   -4.516   -4.916   -5.385   -5.882   -6.359   -6.776   -7.102   -7.295
   -7.339   -7.231   -6.952   -6.486   -5.852   -5.051   -4.091   -2.979
   -1.757   -0.456    0.888    2.236    3.534    4.778    5.856
CT2001:315           -4.738   -4.407   -4.224   -4.124   -4.160   -4.359
   -4.677   -5.092   -5.572   -6.076   -6.556   -6.975   -7.302   -7.500
   -7.555   -7.466   -7.213   -6.782   -6.187   -5.429   -4.513   -3.441
   -2.253   -0.977    0.355    1.710    3.032    4.315    5.463
CT2001:310           -4.800   -4.474   -4.295   -4.199   -4.236   -4.435
   -4.748   -5.156   -5.624   -6.113   -6.577   -6.982   -7.300   -7.499
   -7.567   -7.502   -7.286   -6.904   -6.366   -5.671   -4.819   -3.807
   -2.672   -1.438   -0.134    1.213    2.548    3.857    5.064
CT2001:305           -4.834   -4.515   -4.336   -4.236   -4.265   -4.449
   -4.743   -5.125   -5.565   -6.023   -6.459   -6.841   -7.146   -7.345
   -7.428   -7.394   -7.225   -6.905   -6.438   -5.819   -5.045   -4.108
   -3.038   -1.858   -0.593    0.736    2.072    3.397    4.650
CT2001:300           -4.891   -4.571   -4.381   -4.266   -4.273   -4.427
   -4.686   -5.029   -5.427   -5.845   -6.246   -6.601   -6.893   -7.095
   -7.200   -7.204   -7.090   -6.837   -6.448   -5.911   -5.219   -4.358
   -3.355   -2.228   -1.003    0.309    1.649    2.991    4.293
CT2001:295           -4.876   -4.567   -4.373   -4.247   -4.233   -4.356
   -4.577   -4.878   -5.232   -5.610   -5.978   -6.313   -6.598   -6.813
   -6.948   -6.999   -6.945   -6.765   -6.455   -5.999   -5.386   -4.597
   -3.657   -2.580   -1.389   -0.092    1.252    2.612    3.960
CT2001:290           -4.934   -4.620   -4.409   -4.259   -4.214   -4.298
   -4.476   -4.732   -5.042   -5.382   -5.722   -6.043   -6.332   -6.569
   -6.743   -6.847   -6.859   -6.750   -6.514   -6.131   -5.587   -4.858
   -3.969   -2.931   -1.767   -0.479    0.871    2.250    3.644
CT2001:285           -4.976   -4.661   -4.435   -4.264   -4.191   -4.240
   -4.379   -4.596   -4.871   -5.184   -5.509   -5.830   -6.134   -6.404
   -6.627   -6.788   -6.864   -6.822   -6.649   -6.324   -5.831   -5.143
   -4.284   -3.266   -2.110   -0.815    0.558    1.971    3.424
CT2001:280           -5.039   -4.721   -4.480   -4.290   -4.191   -4.210
   -4.319   -4.508   -4.761   -5.062   -5.387   -5.723   -6.056   -6.370
   -6.647   -6.869   -7.007   -7.023   -6.902   -6.620   -6.160   -5.496
   -4.652   -3.642   -2.486   -1.182    0.211    1.650    3.148
CT2001:275           -5.093   -4.776   -4.525   -4.321   -4.204   -4.203
   -4.295   -4.471   -4.718   -5.024   -5.367   -5.733   -6.107   -6.473
   -6.807   -7.087   -7.278   -7.340   -7.253   -6.995   -6.547   -5.884
   -5.033   -4.009   -2.835   -1.503   -0.076    1.404    2.959
CT2001:270           -5.166   -4.851   -4.594   -4.382   -4.253   -4.244
   -4.331   -4.509   -4.766   -5.095   -5.471   -5.879   -6.303   -6.725
   -7.116   -7.449   -7.685   -7.779   -7.714   -7.463   -7.012   -6.334
   -5.462   -4.414   -3.212   -1.850   -0.389    1.127    2.727
CT2001:265           -5.240   -4.932   -4.675   -4.461   -4.330   -4.322
   -4.417   -4.611   -4.894   -5.259   -5.680   -6.139   -6.620   -7.098
   -7.541   -7.921   -8.193   -8.309   -8.252   -7.998   -7.531   -6.829
   -5.927   -4.847   -3.612   -2.219   -0.728    0.818    2.446
CT2001:260           -5.322   -5.024   -4.770   -4.559   -4.432   -4.433
   -4.544   -4.762   -5.079   -5.486   -5.957   -6.469   -7.004   -7.534
   -8.023   -8.440   -8.739   -8.868   -8.810   -8.542   -8.050   -7.313
   -6.371   -5.247   -3.968   -2.531   -0.996    0.593    2.265
CT2001:255           -5.430   -5.141   -4.893   -4.688   -4.568   -4.581
   -4.711   -4.955   -5.306   -5.755   -6.272   -6.833   -7.416   -7.991
   -8.520   -8.970   -9.292   -9.433   -9.376   -9.098   -8.584   -7.817
   -6.839   -5.677   -4.360   -2.889   -1.325    0.289    1.975
CT2001:250           -5.522   -5.247   -5.010   -4.814   -4.704   -4.731
   -4.877   -5.144   -5.522   -6.003   -6.555   -7.152   -7.771   -8.381
   -8.942   -9.420   -9.765   -9.920   -9.867   -9.581   -9.049   -8.251
   -7.234   -6.027   -4.663   -3.143   -1.533    0.126    1.850
CT2001:245           -5.528   -5.285   -5.072   -4.897   -4.805   -4.846
   -5.008   -5.291   -5.686   -6.186   -6.756   -7.374   -8.016   -8.651
   -9.240   -9.747  -10.120  -10.297  -10.259   -9.978   -9.438   -8.618
   -7.570   -6.322   -4.913   -3.346   -1.691    0.011    1.768
CT2001:240           -5.625   -5.399   -5.198   -5.033   -4.946   -4.990
   -5.152   -5.432   -5.823   -6.317   -6.885   -7.503   -8.151   -8.800
   -9.412   -9.949  -10.355  -10.565  -10.555  -10.292   -9.757   -8.927
   -7.855   -6.575   -5.124   -3.514   -1.817   -0.078    1.708
CT2001:235           -5.589   -5.404   -5.231   -5.087   -5.014   -5.061
   -5.218   -5.487   -5.860   -6.335   -6.883   -7.487   -8.129   -8.786
   -9.418   -9.986  -10.432  -10.685  -10.713  -10.478   -9.958   -9.126
   -8.037   -6.726   -5.237   -3.583   -1.845   -0.066    1.750
CT2001:230           -5.682   -5.513   -5.349   -5.209   -5.132   -5.165
   -5.299   -5.537   -5.874   -6.310   -6.822   -7.397   -8.022   -8.679
   -9.327   -9.926  -10.414  -10.714  -10.786  -10.587  -10.090   -9.264
   -8.166   -6.834   -5.317   -3.631   -1.863   -0.058    1.770
CT2001:225           -5.788   -5.631   -5.469   -5.328   -5.240   -5.250
   -5.351   -5.549   -5.839   -6.227   -6.695   -7.237   -7.840   -8.493
   -9.155   -9.783  -10.310  -10.654  -10.769  -10.605  -10.133   -9.317
   -8.217   -6.875   -5.340   -3.636   -1.856   -0.045    1.771
CT2001:220           -5.865   -5.722   -5.563   -5.419   -5.317   -5.300
   -5.364   -5.516   -5.757   -6.095   -6.519   -7.026   -7.608   -8.255
   -8.927   -9.575  -10.132  -10.509  -10.655  -10.517  -10.061   -9.251
   -8.148   -6.795   -5.245   -3.527   -1.737    0.078    1.885
CT2001:215           -6.041   -5.890   -5.716   -5.552   -5.423   -5.367
   -5.385   -5.485   -5.671   -5.958   -6.340   -6.814   -7.375   -8.015
   -8.690   -9.348   -9.920  -10.314  -10.475  -10.349   -9.902   -9.096
   -7.993   -6.640   -5.091   -3.378   -1.602    0.193    1.960
CT2001:210           -6.099   -5.956   -5.779   -5.605   -5.454   -5.364
   -5.339   -5.391   -5.529   -5.773   -6.118   -6.565   -7.108   -7.738
   -8.408   -9.063   -9.631  -10.020  -10.175  -10.043   -9.590   -8.780
   -7.677   -6.326   -4.783   -3.082   -1.326    0.444    2.174
CT2001:205           -6.193   -6.047   -5.858   -5.665   -5.485   -5.356
   -5.285   -5.288   -5.378   -5.578   -5.888   -6.308   -6.831   -7.444
   -8.096   -8.730   -9.274   -9.636   -9.765   -9.611   -9.143   -8.328
   -7.229   -5.892   -4.372   -2.704   -0.989    0.735    2.405
CT2001:200           -6.230   -6.088   -5.888   -5.678   -5.472   -5.304
   -5.189   -5.144   -5.188   -5.347   -5.622   -6.012   -6.507   -7.090
   -7.707   -8.301   -8.798   -9.111   -9.196   -9.006   -8.516   -7.697
   -6.612   -5.302   -3.821   -2.204   -0.545    1.117    2.717
CT2001:195           -6.280   -6.132   -5.917   -5.685   -5.447   -5.238
   -5.076   -4.983   -4.978   -5.093   -5.326   -5.676   -6.129   -6.664
   -7.225   -7.754   -8.181   -8.426   -8.451   -8.218   -7.706   -6.893
   -5.835   -4.572   -3.154   -1.611   -0.034    1.544    3.054
CT2001:190           -6.298   -6.147   -5.915   -5.661   -5.392   -5.143
   -4.936   -4.794   -4.740   -4.804   -4.986   -5.281   -5.674   -6.137
   -6.616   -7.054   -7.388   -7.547   -7.502   -7.222   -6.693   -5.896
   -4.884   -3.689   -2.355   -0.908    0.570    2.047    3.456
CT2001:185           -6.370   -6.199   -5.938   -5.651   -5.343   -5.048
   -4.791   -4.597   -4.486   -4.491   -4.608   -4.830   -5.137   -5.501
   -5.868   -6.189   -6.408   -6.465   -6.343   -6.018   -5.481   -4.718
   -3.770   -2.665   -1.438   -0.107    1.254    2.614    3.911
CT2001:180           -6.370   -6.188   -5.906   -5.592   -5.249   -4.913
   -4.609   -4.363   -4.195   -4.134   -4.173   -4.303   -4.502   -4.740
   -4.970   -5.150   -5.236   -5.183   -4.982   -4.619   -4.088   -3.377
   -2.516   -1.524   -0.425    0.768    1.992    3.217    4.385
CT2001:175           -6.444   -6.231   -5.912   -5.557   -5.169   -4.783
   -4.426   -4.120   -3.885   -3.744   -3.688   -3.704   -3.771   -3.859
   -3.928   -3.947   -3.887   -3.718   -3.441   -3.048   -2.535   -1.891
   -1.132   -0.268    0.690    1.736    2.818    3.905    4.949
CT2001:170           -6.427   -6.197   -5.850   -5.463   -5.036   -4.604
   -4.194   -3.827   -3.520   -3.290   -3.126   -3.013   -2.931   -2.852
   -2.747   -2.599   -2.390   -2.112   -1.769   -1.360   -0.882   -0.322
    0.317    1.038    1.839    2.722    3.644    4.575    5.472
CT2001:165           -6.448   -6.189   -5.803   -5.375   -4.901   -4.414
   -3.942   -3.503   -3.112   -2.779   -2.491   -2.234   -1.989   -1.733
   -1.449   -1.134   -0.784   -0.406   -0.009    0.404    0.837    1.305
    1.820    2.397    3.040    3.763    4.529    5.307    6.067
CT2001:160           -6.416   -6.135   -5.716   -5.248   -4.728   -4.185
   -3.647   -3.130   -2.646   -2.198   -1.776   -1.366   -0.953   -0.521
   -0.067    0.403    0.878    1.337    1.770    2.172    2.549    2.919
    3.308    3.739    4.224    4.783    5.387    6.006    6.613
CT2001:155           -6.367   -6.062   -5.608   -5.099   -4.530   -3.926
   -3.316   -2.712   -2.124   -1.552   -0.989   -0.422    0.156    0.754
    1.363    1.967    2.544    3.065    3.518    3.899    4.218    4.494
    4.765    5.059    5.398    5.804    6.253    6.719    7.178
CT2001:150           -6.324   -5.993   -5.501   -4.949   -4.327   -3.658
   -2.970   -2.273   -1.575   -0.874   -0.167    0.553    1.288    2.035
    2.777    3.491    4.147    4.708    5.168    5.522    5.783    5.974
    6.140    6.313    6.520    6.784    7.088    7.406    7.718
CT2001:145           -6.274   -5.914   -5.384   -4.788   -4.112   -3.377
   -2.608   -1.817   -1.007   -0.179    0.666    1.529    2.404    3.280
    4.131    4.931    5.642    6.228    6.685    7.012    7.223    7.342
    7.420    7.492    7.583    7.721    7.890    8.070    8.238
CT2001:140           -6.223   -5.836   -5.268   -4.629   -3.902   -3.101
   -2.256   -1.373   -0.458    0.489    1.461    2.451    3.448    4.431
    5.368    6.232    6.982    7.582    8.033    8.337    8.510    8.575
    8.586    8.577    8.576    8.606    8.658    8.714    8.748
CT2001:135           -6.180   -5.762   -5.156   -4.473   -3.696   -2.836
   -1.919   -0.953    0.058    1.111    2.193    3.293    4.391    5.461
    6.466    7.377    8.155    8.765    9.212    9.501    9.648    9.678
    9.642    9.574    9.501    9.442    9.392    9.339    9.250
CT2001:130           -6.125   -5.681   -5.041   -4.322   -3.502   -2.590
   -1.612   -0.575    0.516    1.659    2.835    4.024    5.206    6.345
    7.402    8.350    9.150    9.767   10.215   10.497   10.632   10.641
   10.575   10.465   10.337   10.205   10.067    9.917    9.714
CT2001:125           -6.028   -5.564   -4.899   -4.151   -3.299   -2.346
   -1.320   -0.226    0.930    2.145    3.396    4.660    5.909    7.105
    8.204    9.182   10.000   10.628   11.080   11.364   11.499   11.502
   11.423   11.291   11.128   10.943   10.738   10.510   10.213
CT2001:120           -5.970   -5.484   -4.793   -4.018   -3.136   -2.149
   -1.084    0.056    1.265    2.541    3.854    5.180    6.486    7.728
    8.864    9.866   10.700   11.338   11.797   12.088   12.227   12.232
   12.147   12.000   11.809   11.578   11.311   11.010   10.620
CT2001:115           -5.807   -5.317   -4.618   -3.832   -2.936   -1.931
   -0.843    0.328    1.575    2.896    4.260    5.637    6.990    8.272
    9.437   10.462   11.311   11.959   12.429   12.731   12.882   12.898
   12.820   12.671   12.469   12.211   11.903   11.554   11.096
CT2001:110           -5.746   -5.237   -4.520   -3.718   -2.806   -1.783
   -0.674    0.523    1.803    3.163    4.570    5.991    7.386    8.703
    9.895   10.939   11.801   12.460   12.940   13.253   13.417   13.444
   13.373   13.224   13.010   12.725   12.375   11.972   11.441
CT2001:105           -5.628   -5.112   -4.389   -3.580   -2.662   -1.633
   -0.513    0.698    1.999    3.387    4.828    6.283    7.713    9.059
   10.276   11.338   12.214   12.885   13.379   13.708   13.890   13.934
   13.877   13.735   13.521   13.221   12.844   12.407   11.824
CT2001:100           -5.562   -5.032   -4.299   -3.483   -2.560   -1.526
   -0.402    0.818    2.132    3.539    5.002    6.483    7.939    9.310
   10.548   11.629   12.522   13.210   13.721   14.068   14.269   14.331
   14.288   14.153   13.937   13.621   13.216   12.742   12.104
CT2001:095           -5.626   -5.058   -4.301   -3.465   -2.530   -1.490
   -0.360    0.864    2.184    3.601    5.077    6.574    8.049    9.441
   10.700   11.803   12.719   13.430   13.966   14.339   14.564   14.647
   14.620   14.494   14.277   13.950   13.522   13.017   12.333
CT2001:090           -5.558   -4.980   -4.219   -3.384   -2.453   -1.421
   -0.303    0.910    2.219    3.627    5.098    6.597    8.077    9.482
   10.762   11.889   12.834   13.577   14.145   14.549   14.803   14.910
   14.901   14.786   14.573   14.238   13.793   13.265   12.543
CT2001:085           -5.768   -5.131   -4.333   -3.468   -2.520   -1.483
   -0.367    0.837    2.134    3.528    4.988    6.479    7.960    9.376
   10.675   11.831   12.811   13.592   14.198   14.637   14.921   15.051
   15.056   14.947   14.730   14.379   13.908   13.346   12.574
CT2001:080           -5.706   -5.062   -4.266   -3.407   -2.470   -1.451
   -0.359    0.817    2.081    3.443    4.873    6.342    7.811    9.229
   10.544   11.728   12.745   13.569   14.218   14.698   15.018   15.176
   15.203   15.108   14.899   14.548   14.071   13.498   12.706
CT2001:075           -5.811   -5.136   -4.322   -3.454   -2.517   -1.508
   -0.433    0.716    1.949    3.275    4.671    6.112    7.562    8.976
   10.302   11.509   12.560   13.423   14.113   14.630   14.980   15.160
   15.200   15.109   14.896   14.531   14.029   13.425   12.585
CT2001:070           -5.764   -5.085   -4.277   -3.417   -2.495   -1.507
   -0.461    0.654    1.847    3.131    4.486    5.890    7.313    8.714
   10.043   11.266   12.345   13.244   13.972   14.528   14.914   15.124
   15.189   15.118   14.919   14.564   14.070   13.470   12.628
CT2001:065           -5.629   -4.970   -4.182   -3.345   -2.447   -1.489
   -0.476    0.602    1.752    2.989    4.298    5.659    7.046    8.422
    9.739   10.963   12.055   12.977   13.734   14.320   14.735   14.972
   15.059   15.004   14.817   14.467   13.972   13.367   12.511
CT2001:060           -5.600   -4.940   -4.160   -3.333   -2.450   -1.512
   -0.523    0.524    1.639    2.835    4.098    5.414    6.759    8.100
    9.393   10.605   11.697   12.632   13.411   14.024   14.472   14.741
   14.860   14.835   14.677   14.352   13.880   13.297   12.459
CT2001:055           -5.344   -4.728   -3.987   -3.198   -2.350   -1.447
   -0.495    0.514    1.586    2.734    3.946    5.208    6.499    7.790
    9.042   10.224   11.300   12.236   13.027   13.666   14.147   14.456
   14.616   14.635   14.520   14.239   13.812   13.275   12.485
CT2001:050           -5.331   -4.718   -3.985   -3.207   -2.375   -1.489
   -0.559    0.424    1.463    2.569    3.731    4.936    6.166    7.396
    8.593    9.731   10.779   11.702   12.498   13.154   13.664   14.012
   14.215   14.278   14.208   13.971   13.585   13.089   12.339
CT2001:045           -5.241   -4.644   -3.931   -3.174   -2.363   -1.501
   -0.597    0.355    1.357    2.415    3.520    4.660    5.819    6.978
    8.109    9.191   10.199   11.104   11.900   12.575   13.120   13.514
   13.774   13.898   13.892   13.723   13.408   12.985   12.315
CT2001:040           -5.239   -4.648   -3.946   -3.201   -2.407   -1.565
   -0.685    0.236    1.198    2.206    3.248    4.315    5.395    6.472
    7.527    8.544    9.503   10.381   11.170   11.858   12.432   12.871
   13.183   13.365   13.420   13.311   13.057   12.695   12.084
CT2001:035           -5.355   -4.749   -4.044   -3.301   -2.513   -1.686
   -0.827    0.064    0.986    1.939    2.914    3.903    4.897    5.889
    6.862    7.809    8.716    9.563   10.344   11.043   11.648   12.134
   12.503   12.749   12.872   12.834   12.652   12.362   11.825
CT2001:030           -5.364   -4.766   -4.074   -3.348   -2.581   -1.780
   -0.954   -0.104    0.765    1.653    2.549    3.451    4.352    5.249
    6.136    7.010    7.861    8.677    9.447   10.157   10.792   11.324
   11.750   12.063   12.257   12.296   12.191   11.979   11.518
CT2001:025           -5.382   -4.793   -4.118   -3.410   -2.667   -1.896
   -1.107   -0.305    0.506    1.320    2.132    2.939    3.742    4.543
    5.342    6.141    6.938    7.721    8.482    9.203    9.868   10.448
   10.936   11.320   11.594   11.718   11.703   11.583   11.217
CT2001:020           -5.403   -4.825   -4.167   -3.481   -2.765   -2.029
   -1.283   -0.535    0.209    0.943    1.664    2.373    3.074    3.776
    4.486    5.211    5.953    6.704    7.454    8.185    8.879    9.506
   10.054   10.509   10.862   11.073   11.149   11.120   10.846
CT2001:015           -5.361   -4.809   -4.181   -3.528   -2.848   -2.157
   -1.465   -0.780   -0.111    0.535    1.159    1.765    2.362    2.965
    3.587    4.238    4.926    5.646    6.386    7.128    7.851    8.527
    9.139    9.670   10.111   10.420   10.598   10.676   10.513
CT2001:010           -5.392   -4.854   -4.249   -3.624   -2.979   -2.333
   -1.697   -1.080   -0.490    0.065    0.589    1.091    1.585    2.090
    2.626    3.206    3.841    4.531    5.260    6.011    6.762    7.485
    8.158    8.765    9.291    9.696    9.974   10.153   10.094
CT2001:005           -5.429   -4.907   -4.329   -3.735   -3.131   -2.536
   -1.963   -1.420   -0.915   -0.456   -0.034    0.365    0.757    1.168
    1.622    2.135    2.720    3.381    4.099    4.860    5.639    6.410
    7.149    7.834    8.450    8.956    9.340    9.629    9.684
CT2002:360           -5.470   -4.966   -4.417   -3.858   -3.298   -2.761
   -2.256   -1.794   -1.381   -1.022   -0.703   -0.408   -0.114    0.208
    0.585    1.034    1.572    2.205    2.914    3.682    4.489    5.307
    6.109    6.872    7.577    8.182    8.671    9.067    9.231
