CT2053:360           -5.842   -5.399   -4.900   -4.394   -3.899   -3.451
   -3.054   -2.715   -2.436   -2.224   -2.065   -1.949   -1.864   -1.795
   -1.722   -1.627   -1.490   -1.293   -1.031   -0.696   -0.282    0.223
    0.811    1.478    2.218    3.030    3.866    4.699    5.471
CT2053:355           -5.870   -5.428   -4.926   -4.415   -3.911   -3.449
   -3.032   -2.669   -2.361   -2.114   -1.915   -1.756   -1.626   -1.514
   -1.402   -1.274   -1.116   -0.910   -0.650   -0.328    0.064    0.539
    1.093    1.725    2.430    3.210    4.021    4.832    5.592
CT2053:350           -5.890   -5.451   -4.946   -4.430   -3.918   -3.442
   -3.009   -2.623   -2.288   -2.008   -1.773   -1.575   -1.404   -1.252
   -1.103   -0.946   -0.766   -0.549   -0.290    0.022    0.394    0.842
    1.363    1.961    2.629    3.374    4.150    4.931    5.665
CT2053:345           -5.911   -5.471   -4.963   -4.442   -3.921   -3.432
   -2.981   -2.574   -2.214   -1.904   -1.635   -1.400   -1.192   -1.003
   -0.820   -0.633   -0.432   -0.203    0.060    0.367    0.727    1.156
    1.654    2.225    2.867    3.585    4.339    5.099    5.820
CT2053:340           -5.925   -5.486   -4.976   -4.450   -3.921   -3.419
   -2.951   -2.525   -2.141   -1.804   -1.505   -1.238   -0.997   -0.774
   -0.562   -0.349   -0.128    0.112    0.379    0.682    1.031    1.442
    1.918    2.463    3.076    3.763    4.485    5.214    5.907
CT2053:335           -5.939   -5.500   -4.986   -4.455   -3.917   -3.402
   -2.919   -2.473   -2.067   -1.704   -1.377   -1.081   -0.809   -0.557
   -0.317   -0.081    0.159    0.410    0.682    0.984    1.326    1.724
    2.183    2.708    3.297    3.959    4.656    5.359    6.030
CT2053:330           -5.945   -5.507   -4.990   -4.452   -3.905   -3.378
   -2.879   -2.415   -1.988   -1.602   -1.249   -0.926   -0.627   -0.348
   -0.085    0.172    0.427    0.688    0.964    1.266    1.602    1.989
    2.433    2.938    3.505    4.141    4.809    5.484    6.127
CT2053:325           -5.941   -5.506   -4.986   -4.444   -3.889   -3.350
   -2.836   -2.355   -1.908   -1.500   -1.124   -0.777   -0.455   -0.154
    0.130    0.403    0.671    0.940    1.220    1.520    1.850    2.227
    2.655    3.141    3.684    4.291    4.926    5.566    6.169
CT2053:320           -5.941   -5.504   -4.979   -4.429   -3.865   -3.312
   -2.783   -2.284   -1.818   -1.389   -0.993   -0.625   -0.282    0.039
    0.340    0.628    0.908    1.185    1.470    1.771    2.099    2.469
    2.887    3.359    3.884    4.469    5.080    5.694    6.270
CT2053:315           -5.912   -5.480   -4.954   -4.401   -3.829   -3.266
   -2.723   -2.209   -1.726   -1.280   -0.866   -0.481   -0.122    0.213
    0.528    0.827    1.116    1.399    1.686    1.986    2.310    2.671
    3.077    3.530    4.033    4.588    5.163    5.738    6.268
CT2053:310           -5.905   -5.470   -4.936   -4.374   -3.791   -3.214
   -2.656   -2.126   -1.627   -1.165   -0.735   -0.335    0.038    0.386
    0.712    1.021    1.318    1.608    1.901    2.204    2.528    2.886
    3.285    3.729    4.217    4.754    5.308    5.860    6.365
CT2053:305           -5.862   -5.430   -4.895   -4.328   -3.737   -3.149
   -2.579   -2.036   -1.524   -1.049   -0.607   -0.197    0.186    0.542
    0.875    1.191    1.494    1.789    2.085    2.389    2.712    3.066
    3.456    3.886    4.356    4.868    5.393    5.912    6.377
CT2053:300           -5.851   -5.414   -4.870   -4.293   -3.689   -3.088
   -2.504   -1.946   -1.421   -0.934   -0.482   -0.063    0.328    0.690
    1.029    1.351    1.659    1.960    2.261    2.569    2.894    3.247
    3.633    4.056    4.516    5.013    5.520    6.020    6.464
CT2053:295           -5.815   -5.378   -4.828   -4.244   -3.630   -3.017
   -2.421   -1.851   -1.315   -0.819   -0.360    0.065    0.459    0.825
    1.168    1.493    1.805    2.110    2.414    2.726    3.053    3.405
    3.787    4.203    4.651    5.133    5.622    6.102    6.522
CT2053:290           -5.801   -5.358   -4.799   -4.205   -3.579   -2.953
   -2.345   -1.764   -1.218   -0.714   -0.249    0.180    0.577    0.944
    1.288    1.615    1.930    2.238    2.547    2.862    3.191    3.544
    3.924    4.335    4.777    5.248    5.724    6.189    6.592
CT2053:285           -5.789   -5.339   -4.770   -4.165   -3.528   -2.891
   -2.271   -1.680   -1.127   -0.617   -0.149    0.282    0.680    1.047
    1.391    1.718    2.035    2.345    2.656    2.975    3.307    3.662
    4.042    4.451    4.888    5.352    5.819    6.274    6.664
CT2053:280           -5.774   -5.318   -4.742   -4.128   -3.481   -2.834
   -2.206   -1.608   -1.049   -0.536   -0.067    0.364    0.760    1.124
    1.466    1.791    2.107    2.418    2.731    3.053    3.388    3.745
    4.126    4.535    4.970    5.429    5.889    6.336    6.715
CT2053:275           -5.774   -5.310   -4.724   -4.101   -3.445   -2.790
   -2.154   -1.551   -0.989   -0.476   -0.007    0.420    0.811    1.171
    1.508    1.830    2.144    2.455    2.770    3.094    3.434    3.795
    4.180    4.591    5.026    5.484    5.940    6.381    6.752
CT2053:270           -5.760   -5.290   -4.699   -4.070   -3.409   -2.750
   -2.112   -1.509   -0.948   -0.438    0.025    0.445    0.829    1.181
    1.510    1.827    2.137    2.448    2.765    3.094    3.439    3.807
    4.200    4.617    5.058    5.519    5.976    6.416    6.782
CT2053:265           -5.756   -5.280   -4.684   -4.050   -3.386   -2.726
   -2.089   -1.488   -0.932   -0.431    0.022    0.431    0.803    1.144
    1.464    1.774    2.080    2.391    2.713    3.048    3.403    3.781
    4.185    4.613    5.064    5.532    5.994    6.438    6.803
CT2053:260           -5.743   -5.263   -4.665   -4.031   -3.367   -2.710
   -2.079   -1.487   -0.943   -0.456   -0.018    0.374    0.729    1.055
    1.364    1.665    1.969    2.281    2.609    2.954    3.321    3.715
    4.134    4.577    5.042    5.522    5.993    6.444    6.811
CT2053:255           -5.732   -5.250   -4.651   -4.018   -3.358   -2.709
   -2.088   -1.510   -0.983   -0.515   -0.100    0.270    0.604    0.912
    1.206    1.499    1.801    2.118    2.455    2.814    3.199    3.611
    4.050    4.514    4.997    5.494    5.979    6.441    6.816
CT2053:250           -5.720   -5.236   -4.639   -4.010   -3.357   -2.719
   -2.114   -1.554   -1.050   -0.609   -0.221    0.121    0.429    0.715
    0.994    1.279    1.579    1.903    2.253    2.630    3.035    3.471
    3.934    4.420    4.926    5.443    5.944    6.420    6.803
CT2053:245           -5.708   -5.223   -4.630   -4.007   -3.364   -2.740
   -2.154   -1.618   -1.142   -0.732   -0.377   -0.067    0.211    0.473
    0.736    1.013    1.314    1.647    2.012    2.409    2.838    3.299
    3.788    4.300    4.830    5.368    5.887    6.378    6.771
CT2053:240           -5.696   -5.211   -4.622   -4.007   -3.375   -2.769
   -2.205   -1.696   -1.250   -0.875   -0.556   -0.280   -0.033    0.205
    0.451    0.720    1.022    1.365    1.747    2.165    2.619    3.107
    3.623    4.163    4.719    5.282    5.823    6.333    6.739
CT2053:235           -5.674   -5.189   -4.607   -4.001   -3.384   -2.797
   -2.256   -1.776   -1.362   -1.022   -0.739   -0.498   -0.281   -0.068
    0.163    0.424    0.727    1.080    1.477    1.917    2.394    2.910
    3.454    4.023    4.608    5.199    5.765    6.300    6.727
CT2053:230           -5.672   -5.187   -4.610   -4.011   -3.406   -2.837
   -2.319   -1.865   -1.482   -1.174   -0.923   -0.713   -0.523   -0.332
   -0.116    0.137    0.440    0.800    1.209    1.665    2.163    2.702
    3.273    3.868    4.480    5.097    5.688    6.246    6.691
CT2053:225           -5.667   -5.179   -4.605   -4.014   -3.421   -2.869
   -2.372   -1.943   -1.586   -1.306   -1.083   -0.898   -0.732   -0.558
   -0.356   -0.112    0.188    0.549    0.965    1.432    1.945    2.503
    3.096    3.716    4.356    5.000    5.619    6.205    6.675
CT2053:220           -5.652   -5.163   -4.594   -4.011   -3.429   -2.894
   -2.417   -2.008   -1.674   -1.416   -1.214   -1.049   -0.899   -0.741
   -0.551   -0.317   -0.026    0.331    0.745    1.214    1.734    2.304
    2.912    3.551    4.211    4.879    5.521    6.129    6.618
CT2053:215           -5.643   -5.150   -4.584   -4.005   -3.433   -2.911
   -2.449   -2.057   -1.738   -1.495   -1.307   -1.154   -1.015   -0.867
   -0.689   -0.467   -0.188    0.158    0.563    1.027    1.546    2.121
    2.739    3.393    4.072    4.761    5.426    6.057    6.568
CT2053:210           -5.624   -5.128   -4.564   -3.991   -3.427   -2.915
   -2.465   -2.085   -1.778   -1.544   -1.363   -1.215   -1.083   -0.943
   -0.775   -0.566   -0.303    0.026    0.415    0.866    1.378    1.950
    2.572    3.236    3.930    4.638    5.323    5.975    6.506
CT2053:205           -5.563   -5.070   -4.512   -3.946   -3.390   -2.890
   -2.450   -2.079   -1.780   -1.551   -1.372   -1.226   -1.097   -0.962
   -0.805   -0.610   -0.365   -0.057    0.312    0.746    1.244    1.811
    2.435    3.107    3.815    4.545    5.255    5.933    6.491
CT2053:200           -5.538   -5.040   -4.482   -3.916   -3.363   -2.867
   -2.432   -2.066   -1.769   -1.540   -1.360   -1.214   -1.085   -0.955
   -0.808   -0.629   -0.404   -0.121    0.224    0.635    1.115    1.671
    2.291    2.965    3.683    4.427    5.155    5.852    6.430
CT2053:195           -5.510   -5.006   -4.444   -3.876   -3.324   -2.829
   -2.395   -2.030   -1.732   -1.501   -1.319   -1.171   -1.043   -0.919
   -0.783   -0.621   -0.418   -0.159    0.160    0.547    1.009    1.552
    2.167    2.845    3.572    4.332    5.080    5.798    6.399
CT2053:190           -5.478   -4.967   -4.400   -3.829   -3.274   -2.778
   -2.343   -1.976   -1.676   -1.443   -1.259   -1.111   -0.986   -0.870
   -0.747   -0.604   -0.424   -0.192    0.101    0.465    0.906    1.437
    2.045    2.723    3.456    4.228    4.991    5.725    6.343
CT2053:185           -5.505   -4.975   -4.393   -3.808   -3.243   -2.738
   -2.296   -1.922   -1.617   -1.379   -1.193   -1.046   -0.926   -0.821
   -0.714   -0.591   -0.436   -0.229    0.039    0.379    0.801    1.319
    1.920    2.596    3.332    4.113    4.885    5.630    6.257
CT2053:180           -5.468   -4.929   -4.340   -3.748   -3.175   -2.663
   -2.214   -1.834   -1.524   -1.284   -1.099   -0.956   -0.845   -0.754
   -0.666   -0.565   -0.435   -0.253   -0.009    0.311    0.718    1.225
    1.821    2.498    3.239    4.028    4.812    5.570    6.211
CT2053:175           -5.484   -4.926   -4.320   -3.713   -3.126   -2.601
   -2.139   -1.749   -1.431   -1.186   -1.001   -0.864   -0.764   -0.689
   -0.621   -0.544   -0.438   -0.280   -0.058    0.244    0.635    1.133
    1.723    2.398    3.141    3.934    4.723    5.486    6.132
CT2053:170           -5.446   -4.879   -4.263   -3.645   -3.047   -2.510
   -2.038   -1.637   -1.310   -1.062   -0.878   -0.747   -0.659   -0.602
   -0.555   -0.501   -0.419   -0.283   -0.080    0.205    0.585    1.075
    1.661    2.335    3.080    3.878    4.672    5.442    6.096
CT2053:165           -5.447   -4.864   -4.232   -3.598   -2.984   -2.432
   -1.944   -1.529   -1.191   -0.936   -0.750   -0.624   -0.545   -0.503
   -0.476   -0.443   -0.382   -0.266   -0.081    0.190    0.557    1.038
    1.618    2.287    3.029    3.826    4.620    5.391    6.048
CT2053:160           -5.412   -4.819   -4.177   -3.532   -2.906   -2.339
   -1.836   -1.407   -1.057   -0.794   -0.604   -0.479   -0.407   -0.376
   -0.363   -0.347   -0.303   -0.204   -0.035    0.220    0.575    1.044
    1.615    2.277    3.012    3.804    4.596    5.366    6.025
CT2053:155           -5.406   -4.800   -4.144   -3.484   -2.843   -2.259
   -1.740   -1.294   -0.929   -0.653   -0.454   -0.324   -0.251   -0.223
   -0.218   -0.212   -0.180   -0.095    0.060    0.301    0.640    1.095
    1.651    2.300    3.023    3.806    4.591    5.356    6.016
CT2053:150           -5.378   -4.765   -4.100   -3.430   -2.776   -2.179
   -1.644   -1.183   -0.801   -0.509   -0.297   -0.155   -0.074   -0.041
   -0.034   -0.029   -0.003    0.072    0.214    0.438    0.758    1.192
    1.727    2.354    3.058    3.823    4.595    5.349    6.004
CT2053:145           -5.361   -4.740   -4.066   -3.386   -2.721   -2.111
   -1.561   -1.083   -0.683   -0.372   -0.141    0.020    0.120    0.168
    0.188    0.200    0.229    0.299    0.429    0.636    0.934    1.342
    1.850    2.450    3.128    3.872    4.627    5.369    6.021
CT2053:140           -5.344   -4.718   -4.038   -3.351   -2.677   -2.055
   -1.492   -0.998   -0.580   -0.248    0.007    0.193    0.320    0.394
    0.436    0.466    0.503    0.573    0.693    0.882    1.153    1.529
    2.001    2.566    3.209    3.924    4.655    5.376    6.018
CT2053:135           -5.307   -4.683   -4.002   -3.313   -2.635   -2.006
   -1.433   -0.926   -0.491   -0.137    0.145    0.362    0.522    0.630
    0.703    0.758    0.812    0.886    1.000    1.170    1.414    1.754
    2.187    2.712    3.318    3.999    4.705    5.405    6.039
CT2053:130           -5.302   -4.677   -3.993   -3.301   -2.619   -1.984
   -1.401   -0.882   -0.429   -0.052    0.259    0.510    0.708    0.855
    0.965    1.052    1.128    1.211    1.320    1.473    1.688    1.991
    2.382    2.863    3.427    4.072    4.746    5.421    6.041
CT2053:125           -5.252   -4.637   -3.960   -3.274   -2.596   -1.961
   -1.375   -0.848   -0.382    0.015    0.353    0.638    0.874    1.062
    1.212    1.333    1.435    1.530    1.638    1.778    1.968    2.236
    2.587    3.027    3.550    4.159    4.806    5.459    6.069
CT2053:120           -5.259   -4.646   -3.971   -3.286   -2.608   -1.971
   -1.382   -0.847   -0.370    0.046    0.410    0.725    0.998    1.226
    1.415    1.571    1.699    1.810    1.921    2.051    2.221    2.457
    2.772    3.172    3.656    4.229    4.846    5.474    6.071
CT2053:115           -5.217   -4.619   -3.955   -3.280   -2.610   -1.979
   -1.392   -0.855   -0.371    0.057    0.440    0.781    1.083    1.345
    1.568    1.756    1.910    2.038    2.157    2.283    2.440    2.654
    2.941    3.310    3.762    4.309    4.904    5.514    6.106
CT2053:110           -5.235   -4.641   -3.983   -3.313   -2.647   -2.019
   -1.434   -0.896   -0.408    0.030    0.426    0.785    1.110    1.397
    1.648    1.862    2.039    2.184    2.313    2.442    2.593    2.793
    3.059    3.404    3.832    4.353    4.927    5.519    6.102
CT2053:105           -5.231   -4.649   -4.001   -3.341   -2.684   -2.063
   -1.483   -0.949   -0.461   -0.021    0.380    0.748    1.085    1.388
    1.656    1.889    2.086    2.248    2.390    2.528    2.681    2.878
    3.136    3.469    3.882    4.388    4.950    5.533    6.113
CT2053:100           -5.257   -4.682   -4.041   -3.389   -2.740   -2.126
   -1.552   -1.023   -0.540   -0.103    0.297    0.665    1.004    1.312
    1.588    1.831    2.041    2.217    2.374    2.525    2.689    2.892
    3.152    3.483    3.890    4.389    4.944    5.521    6.098
CT2053:095           -5.293   -4.725   -4.092   -3.448   -2.807   -2.201
   -1.635   -1.114   -0.639   -0.210    0.181    0.541    0.872    1.175
    1.449    1.694    1.910    2.098    2.270    2.438    2.619    2.837
    3.109    3.448    3.860    4.361    4.915    5.491    6.069
CT2053:090           -5.326   -4.766   -4.143   -3.508   -2.877   -2.281
   -1.725   -1.215   -0.752   -0.337    0.040    0.384    0.699    0.988
    1.250    1.490    1.706    1.902    2.088    2.274    2.477    2.718
    3.011    3.369    3.797    4.310    4.874    5.458    6.042
CT2053:085           -5.365   -4.814   -4.201   -3.576   -2.954   -2.369
   -1.825   -1.327   -0.879   -0.481   -0.124    0.198    0.492    0.759
    1.003    1.229    1.440    1.638    1.835    2.040    2.267    2.536
    2.858    3.243    3.696    4.228    4.808    5.405    5.997
CT2053:080           -5.402   -4.862   -4.259   -3.645   -3.035   -2.462
   -1.930   -1.448   -1.017   -0.639   -0.305   -0.008    0.258    0.498
    0.718    0.925    1.124    1.321    1.526    1.749    2.002    2.303
    2.660    3.080    3.566    4.128    4.732    5.351    5.958
CT2053:075           -5.426   -4.900   -4.310   -3.709   -3.112   -2.553
   -2.037   -1.572   -1.161   -0.806   -0.498   -0.230    0.007    0.216
    0.407    0.590    0.772    0.963    1.172    1.411    1.689    2.025
    2.422    2.884    3.410    4.008    4.644    5.290    5.916
CT2053:070           -5.466   -4.952   -4.373   -3.783   -3.199   -2.653
   -2.153   -1.706   -1.316   -0.985   -0.704   -0.466   -0.262   -0.086
    0.074    0.229    0.390    0.571    0.782    1.035    1.339    1.712
    2.151    2.659    3.231    3.871    4.543    5.221    5.869
CT2053:065           -5.506   -5.004   -4.438   -3.861   -3.289   -2.758
   -2.275   -1.847   -1.478   -1.173   -0.921   -0.714   -0.544   -0.403
   -0.277   -0.152   -0.014    0.154    0.365    0.629    0.959    1.369
    1.853    2.409    3.030    3.715    4.424    5.135    5.804
CT2053:060           -5.549   -5.058   -4.503   -3.938   -3.379   -2.863
   -2.396   -1.988   -1.642   -1.363   -1.140   -0.966   -0.831   -0.726
   -0.635   -0.541   -0.428   -0.272   -0.062    0.215    0.571    1.020
    1.550    2.158    2.830    3.563    4.314    5.062    5.756
CT2053:055           -5.603   -5.123   -4.579   -4.025   -3.478   -2.975
   -2.525   -2.135   -1.811   -1.559   -1.366   -1.225   -1.126   -1.057
   -1.001   -0.939   -0.848   -0.705   -0.495   -0.204    0.179    0.665
    1.241    1.898    2.620    3.398    4.188    4.969    5.683
CT2053:050           -5.646   -5.177   -4.644   -4.102   -3.568   -3.079
   -2.645   -2.274   -1.972   -1.745   -1.582   -1.474   -1.410   -1.378
   -1.356   -1.323   -1.253   -1.119   -0.906   -0.599   -0.189    0.336
    0.957    1.662    2.433    3.256    4.086    4.902    5.640
CT2053:045           -5.669   -5.215   -4.697   -4.169   -3.648   -3.175
   -2.756   -2.403   -2.121   -1.919   -1.784   -1.708   -1.678   -1.679
   -1.688   -1.680   -1.627   -1.499   -1.280   -0.956   -0.519    0.043
    0.705    1.455    2.270    3.135    4.001    4.849    5.610
CT2053:040           -5.711   -5.268   -4.761   -4.244   -3.734   -3.272
   -2.867   -2.528   -2.263   -2.081   -1.971   -1.921   -1.920   -1.951
   -1.985   -1.998   -1.957   -1.830   -1.603   -1.261   -0.798   -0.205
    0.493    1.279    2.130    3.029    3.925    4.801    5.579
CT2053:035           -5.716   -5.289   -4.797   -4.295   -3.799   -3.350
   -2.957   -2.631   -2.380   -2.215   -2.123   -2.096   -2.117   -2.170
   -2.223   -2.249   -2.214   -2.084   -1.846   -1.488   -1.003   -0.383
    0.343    1.158    2.038    2.965    3.887    4.785    5.582
CT2053:030           -5.754   -5.337   -4.855   -4.362   -3.876   -3.435
   -3.050   -2.732   -2.489   -2.334   -2.254   -2.239   -2.275   -2.340
   -2.403   -2.434   -2.399   -2.262   -2.013   -1.640   -1.138   -0.501
    0.243    1.075    1.973    2.916    3.852    4.765    5.571
CT2053:025           -5.775   -5.369   -4.898   -4.415   -3.938   -3.505
   -3.126   -2.813   -2.574   -2.423   -2.347   -2.337   -2.376   -2.444
   -2.507   -2.535   -2.492   -2.345   -2.084   -1.699   -1.185   -0.539
    0.213    1.053    1.957    2.908    3.852    4.772    5.584
CT2053:020           -5.806   -5.408   -4.945   -4.470   -4.000   -3.572
   -3.196   -2.885   -2.646   -2.492   -2.412   -2.398   -2.431   -2.491
   -2.544   -2.559   -2.503   -2.342   -2.070   -1.675   -1.157   -0.510
    0.240    1.076    1.976    2.924    3.866    4.785    5.597
CT2053:015           -5.850   -5.455   -4.995   -4.525   -4.059   -3.634
   -3.258   -2.944   -2.701   -2.539   -2.450   -2.422   -2.440   -2.482
   -2.515   -2.510   -2.434   -2.257   -1.972   -1.572   -1.054   -0.413
    0.326    1.149    2.037    2.972    3.905    4.816    5.621
CT2053:010           -5.872   -5.482   -5.028   -4.563   -4.101   -3.679
   -3.304   -2.987   -2.737   -2.565   -2.460   -2.413   -2.409   -2.425
   -2.431   -2.398   -2.298   -2.102   -1.806   -1.401   -0.887   -0.259
    0.463    1.266    2.133    3.050    3.967    4.864    5.658
CT2053:005           -5.938   -5.542   -5.085   -4.617   -4.154   -3.729
   -3.350   -3.027   -2.767   -2.580   -2.455   -2.384   -2.350   -2.333
   -2.306   -2.242   -2.114   -1.898   -1.590   -1.184   -0.678   -0.066
    0.633    1.409    2.248    3.138    4.030    4.903    5.677
CT2054:360           -5.951   -5.558   -5.102   -4.636   -4.174   -3.749
   -3.368   -3.039   -2.770   -2.567   -2.421   -2.322   -2.256   -2.203
   -2.138   -2.040   -1.882   -1.645   -1.326   -0.919   -0.423    0.170
    0.844    1.592    2.402    3.263    4.130    4.979    5.734
