CT2005:360           -8.822   -8.827   -8.759   -8.686   -8.641   -8.677
   -8.789   -8.967   -9.182   -9.381   -9.503   -9.497   -9.322   -8.926
   -8.310   -7.496   -6.490   -5.318   -4.028   -2.651   -1.217    0.239
    1.680    3.075    4.395    5.582    6.615    7.525    8.137
CT2005:355           -9.232   -9.230   -9.171   -9.113   -9.090   -9.152
   -9.294   -9.504   -9.754   -9.994  -10.164  -10.211  -10.095   -9.759
   -9.200   -8.434   -7.462   -6.306   -5.013   -3.612   -2.136   -0.622
    0.887    2.355    3.750    5.011    6.115    7.097    7.781
CT2005:350           -9.361   -9.394   -9.367   -9.340   -9.345   -9.432
   -9.594   -9.824  -10.095  -10.361  -10.566  -10.659  -10.598  -10.326
   -9.834   -9.131   -8.212   -7.090   -5.813   -4.407   -2.909   -1.355
    0.204    1.729    3.183    4.504    5.668    6.711    7.461
CT2005:345           -9.407   -9.477   -9.479   -9.477   -9.499   -9.595
   -9.761   -9.991  -10.264  -10.538  -10.761  -10.886  -10.871  -10.658
  -10.233   -9.598   -8.742   -7.671   -6.427   -5.038   -3.538   -1.967
   -0.381    1.177    2.667    4.026    5.229    6.313    7.110
CT2005:340           -9.484   -9.571   -9.582   -9.584   -9.603   -9.687
   -9.836  -10.046  -10.299  -10.560  -10.781  -10.918  -10.932  -10.766
  -10.400   -9.831   -9.042   -8.029   -6.834   -5.480   -4.000   -2.436
   -0.845    0.725    2.234    3.617    4.851    5.971    6.819
CT2005:335           -9.453   -9.566   -9.587   -9.592   -9.604   -9.668
   -9.790   -9.968  -10.187  -10.418  -10.620  -10.753  -10.778  -10.644
  -10.326   -9.817   -9.095   -8.151   -7.020   -5.723   -4.290   -2.761
   -1.196    0.356    1.855    3.237    4.478    5.611    6.487
CT2005:330           -9.476   -9.589   -9.599   -9.587   -9.572   -9.600
   -9.677   -9.805   -9.973  -10.157  -10.320  -10.427  -10.443  -10.321
  -10.035   -9.575   -8.916   -8.044   -6.989   -5.765   -4.402   -2.934
   -1.421    0.091    1.560    2.927    4.169    5.313    6.225
CT2005:325           -9.540   -9.635   -9.617   -9.573   -9.518   -9.495
   -9.515   -9.581   -9.684   -9.805   -9.913   -9.977   -9.966   -9.838
   -9.568   -9.146   -8.543   -7.745   -6.773   -5.640   -4.367   -2.986
   -1.551   -0.106    1.310    2.645    3.872    5.014    5.954
CT2005:320           -9.514   -9.596   -9.553   -9.477   -9.381   -9.306
   -9.267   -9.268   -9.303   -9.357   -9.403   -9.415   -9.367   -9.221
   -8.957   -8.561   -8.008   -7.281   -6.397   -5.363   -4.196   -2.919
   -1.583   -0.223    1.123    2.411    3.614    4.749    5.715
CT2005:315           -9.504   -9.561   -9.483   -9.367   -9.224   -9.093
   -8.991   -8.925   -8.890   -8.876   -8.858   -8.815   -8.724   -8.553
   -8.284   -7.904   -7.391   -6.728   -5.928   -4.994   -3.937   -2.772
   -1.541   -0.274    0.999    2.243    3.429    4.566    5.576
CT2005:310           -9.438   -9.472   -9.362   -9.209   -9.021   -8.839
   -8.681   -8.555   -8.459   -8.385   -8.312   -8.222   -8.093   -7.898
   -7.621   -7.253   -6.774   -6.170   -5.449   -4.612   -3.666   -2.618
   -1.500   -0.334    0.854    2.041    3.195    4.319    5.352
CT2005:305           -9.306   -9.324   -9.187   -9.003   -8.778   -8.553
   -8.350   -8.177   -8.035   -7.917   -7.805   -7.680   -7.524   -7.312
   -7.031   -6.672   -6.220   -5.665   -5.013   -4.262   -3.416   -2.472
   -1.456   -0.380    0.736    1.878    3.014    4.139    5.212
CT2005:300           -9.208   -9.198   -9.028   -8.810   -8.549   -8.287
   -8.047   -7.840   -7.667   -7.523   -7.390   -7.249   -7.082   -6.866
   -6.589   -6.243   -5.819   -5.307   -4.713   -4.036   -3.274   -2.421
   -1.492   -0.496    0.555    1.656    2.775    3.896    4.997
CT2005:295           -9.035   -9.008   -8.818   -8.578   -8.294   -8.010
   -7.752   -7.531   -7.350   -7.204   -7.074   -6.940   -6.784   -6.584
   -6.326   -6.005   -5.612   -5.142   -4.599   -3.983   -3.289   -2.509
   -1.651   -0.719    0.278    1.341    2.435    3.542    4.646
CT2005:290           -8.912   -8.855   -8.637   -8.370   -8.063   -7.764
   -7.498   -7.276   -7.102   -6.971   -6.864   -6.758   -6.634   -6.467
   -6.244   -5.959   -5.603   -5.171   -4.669   -4.094   -3.442   -2.702
   -1.879   -0.975    0.003    1.062    2.166    3.292    4.434
CT2005:285           -8.738   -8.662   -8.427   -8.145   -7.828   -7.527
   -7.267   -7.061   -6.913   -6.819   -6.756   -6.701   -6.633   -6.524
   -6.359   -6.130   -5.826   -5.440   -4.978   -4.439   -3.817   -3.101
   -2.299   -1.413   -0.449    0.598    1.691    2.806    3.932
CT2005:280           -8.597   -8.489   -8.230   -7.930   -7.602   -7.302
   -7.054   -6.871   -6.758   -6.711   -6.705   -6.716   -6.719   -6.686
   -6.595   -6.436   -6.193   -5.854   -5.425   -4.903   -4.285   -3.560
   -2.740   -1.828   -0.832    0.252    1.387    2.546    3.721
CT2005:275           -8.382   -8.257   -7.987   -7.680   -7.352   -7.062
   -6.835   -6.684   -6.614   -6.625   -6.688   -6.778   -6.870   -6.930
   -6.932   -6.860   -6.692   -6.411   -6.020   -5.515   -4.896   -4.152
   -3.302   -2.353   -1.319   -0.197    0.972    2.161    3.357
CT2005:270           -8.224   -8.067   -7.776   -7.453   -7.119   -6.835
   -6.624   -6.502   -6.473   -6.540   -6.672   -6.846   -7.031   -7.192
   -7.298   -7.323   -7.238   -7.019   -6.667   -6.176   -5.546   -4.770
   -3.871   -2.865   -1.768   -0.580    0.652    1.902    3.156
CT2005:265           -7.957   -7.786   -7.488   -7.161   -6.829   -6.557
   -6.365   -6.271   -6.283   -6.404   -6.607   -6.863   -7.144   -7.411
   -7.624   -7.752   -7.758   -7.608   -7.300   -6.827   -6.188   -5.376
   -4.425   -3.354   -2.183   -0.919    0.390    1.716    3.041
CT2005:260           -7.783   -7.578   -7.257   -6.913   -6.573   -6.300
   -6.116   -6.039   -6.080   -6.245   -6.507   -6.839   -7.209   -7.577
   -7.896   -8.128   -8.228   -8.152   -7.896   -7.451   -6.813   -5.977
   -4.983   -3.854   -2.618   -1.284    0.092    1.483    2.865
CT2005:255           -7.521   -7.296   -6.962   -6.609   -6.262   -5.989
   -5.810   -5.746   -5.808   -6.009   -6.322   -6.719   -7.169   -7.630
   -8.048   -8.378   -8.569   -8.568   -8.369   -7.957   -7.329   -6.476
   -5.445   -4.263   -2.961   -1.552   -0.098    1.373    2.832
CT2005:250           -7.330   -7.068   -6.709   -6.334   -5.971   -5.687
   -5.501   -5.437   -5.508   -5.732   -6.081   -6.532   -7.049   -7.589
   -8.095   -8.515   -8.792   -8.868   -8.731   -8.364   -7.761   -6.911
   -5.863   -4.649   -3.303   -1.840   -0.331    1.194    2.701
CT2005:245           -7.084   -6.795   -6.415   -6.022   -5.643   -5.346
   -5.149   -5.079   -5.152   -5.389   -5.764   -6.255   -6.825   -7.433
   -8.013   -8.513   -8.868   -9.016   -8.942   -8.624   -8.055   -7.219
   -6.169   -4.935   -3.555   -2.047   -0.487    1.091    2.649
CT2005:240           -6.878   -6.549   -6.139   -5.719   -5.317   -4.999
   -4.783   -4.698   -4.762   -5.000   -5.390   -5.908   -6.518   -7.179
   -7.821   -8.387   -8.812   -9.027   -9.015   -8.751   -8.224   -7.416
   -6.378   -5.142   -3.748   -2.212   -0.619    0.993    2.582
CT2005:235           -6.555   -6.207   -5.781   -5.347   -4.930   -4.595
   -4.362   -4.262   -4.313   -4.548   -4.944   -5.479   -6.119   -6.820
   -7.511   -8.133   -8.617   -8.892   -8.938   -8.728   -8.247   -7.473
   -6.457   -5.229   -3.830   -2.276   -0.658    0.983    2.603
CT2005:230           -6.337   -5.947   -5.488   -5.023   -4.578   -4.216
   -3.957   -3.832   -3.862   -4.083   -4.473   -5.012   -5.667   -6.395
   -7.123   -7.788   -8.321   -8.649   -8.749   -8.591   -8.158   -7.426
   -6.442   -5.236   -3.849   -2.294   -0.669    0.981    2.611
CT2005:225           -5.999   -5.589   -5.113   -4.631   -4.170   -3.789
   -3.510   -3.362   -3.372   -3.575   -3.954   -4.491   -5.151   -5.894
   -6.646   -7.343   -7.915   -8.287   -8.434   -8.325   -7.940   -7.251
   -6.304   -5.127   -3.759   -2.213   -0.589    1.063    2.698
CT2005:220           -5.772   -5.318   -4.807   -4.294   -3.804   -3.396
   -3.090   -2.916   -2.899   -3.078   -3.437   -3.958   -4.611   -5.355
   -6.117   -6.832   -7.430   -7.837   -8.025   -7.960   -7.622   -6.979
   -6.074   -4.934   -3.597   -2.075   -0.470    1.166    2.787
CT2005:215           -5.579   -5.076   -4.527   -3.980   -3.461   -3.027
   -2.695   -2.494   -2.451   -2.603   -2.936   -3.435   -4.068   -4.799
   -5.557   -6.275   -6.888   -7.319   -7.539   -7.515   -7.222   -6.627
   -5.771   -4.678   -3.384   -1.903   -0.336    1.262    2.843
CT2005:210           -5.348   -4.799   -4.215   -3.637   -3.093   -2.638
   -2.285   -2.064   -1.998   -2.126   -2.432   -2.902   -3.507   -4.212
   -4.948   -5.655   -6.265   -6.706   -6.948   -6.954   -6.700   -6.149
   -5.340   -4.294   -3.048   -1.611   -0.086    1.471    3.013
CT2005:205           -5.078   -4.492   -3.880   -3.279   -2.716   -2.246
   -1.880   -1.645   -1.563   -1.669   -1.948   -2.385   -2.953   -3.620
   -4.321   -4.999   -5.591   -6.029   -6.280   -6.309   -6.090   -5.584
   -4.825   -3.835   -2.646   -1.268    0.197    1.693    3.172
CT2005:200           -4.850   -4.217   -3.571   -2.939   -2.354   -1.869
   -1.492   -1.246   -1.151   -1.236   -1.485   -1.884   -2.406   -3.022
   -3.673   -4.305   -4.864   -5.283   -5.531   -5.574   -5.382   -4.917
   -4.208   -3.275   -2.147   -0.833    0.568    2.001    3.418
CT2005:195           -4.450   -3.804   -3.146   -2.507   -1.917   -1.431
   -1.054   -0.808   -0.707   -0.777   -0.999   -1.357   -1.827   -2.383
   -2.973   -3.549   -4.060   -4.450   -4.686   -4.734   -4.566   -4.142
   -3.487   -2.616   -1.557   -0.317    1.008    2.365    3.706
CT2005:190           -4.230   -3.536   -2.842   -2.171   -1.558   -1.058
   -0.671   -0.414   -0.299   -0.344   -0.529   -0.837   -1.245   -1.728
   -2.244   -2.750   -3.205   -3.555   -3.773   -3.823   -3.677   -3.294
   -2.696   -1.893   -0.911    0.247    1.488    2.760    4.018
CT2005:185           -4.071   -3.320   -2.582   -1.873   -1.229   -0.707
   -0.302   -0.027    0.110    0.097   -0.042   -0.290   -0.625   -1.029
   -1.464   -1.896   -2.289   -2.599   -2.798   -2.852   -2.734   -2.403
   -1.873   -1.155   -0.268    0.783    1.912    3.068    4.204
CT2005:180           -3.864   -3.065   -2.287   -1.542   -0.870   -0.323
    0.106    0.405    0.574    0.603    0.520    0.340    0.084   -0.233
   -0.581   -0.934   -1.263   -1.529   -1.707   -1.765   -1.673   -1.392
   -0.931   -0.294    0.500    1.451    2.479    3.533    4.569
CT2005:175           -3.803   -2.931   -2.094   -1.295   -0.576    0.013
    0.481    0.824    1.040    1.128    1.114    1.014    0.846    0.620
    0.361    0.087   -0.179   -0.406   -0.567   -0.634   -0.577   -0.357
    0.024    0.565    1.251    2.084    2.988    3.916    4.821
CT2005:170           -3.619   -2.700   -1.820   -0.980   -0.221    0.408
    0.919    1.309    1.581    1.735    1.797    1.782    1.704    1.571
    1.399    1.202    0.998    0.809    0.662    0.585    0.607    0.767
    1.069    1.516    2.097    2.819    3.610    4.424    5.217
CT2005:165           -3.364   -2.414   -1.500   -0.625    0.171    0.841
    1.400    1.844    2.179    2.406    2.548    2.621    2.634    2.591
    2.504    2.383    2.237    2.085    1.952    1.864    1.850    1.950
    2.174    2.529    3.010    3.624    4.308    5.016    5.707
CT2005:160           -3.208   -2.214   -1.256   -0.336    0.508    1.231
    1.849    2.358    2.766    3.073    3.302    3.464    3.568    3.613
    3.607    3.556    3.465    3.347    3.225    3.124    3.072    3.110
    3.252    3.511    3.886    4.387    4.954    5.545    6.119
CT2005:155           -2.916   -1.907   -0.925    0.023    0.903    1.671
    2.343    2.915    3.394    3.779    4.091    4.338    4.527    4.654
    4.723    4.738    4.698    4.612    4.501    4.390    4.305    4.285
    4.354    4.525    4.802    5.199    5.660    6.144    6.612
CT2005:150           -2.791   -1.742   -0.718    0.275    1.205    2.030
    2.765    3.409    3.964    4.431    4.827    5.158    5.430    5.635
    5.774    5.849    5.856    5.798    5.698    5.576    5.460    5.388
    5.387    5.474    5.657    5.950    6.302    6.674    7.026
CT2005:145           -2.543   -1.485   -0.440    0.580    1.544    2.416
    3.207    3.913    4.539    5.082    5.555    5.964    6.311    6.586
    6.787    6.915    6.963    6.931    6.841    6.712    6.573    6.459
    6.401    6.419    6.522    6.725    6.982    7.255    7.505
CT2005:140           -2.452   -1.362   -0.281    0.778    1.788    2.714
    3.565    4.339    5.037    5.656    6.207    6.691    7.108    7.447
    7.704    7.877    7.959    7.948    7.866    7.732    7.574    7.426
    7.320    7.279    7.311    7.429    7.591    7.763    7.904
CT2005:135           -2.289   -1.189   -0.089    0.995    2.038    3.006
    3.909    4.743    5.507    6.196    6.818    7.370    7.851    8.246
    8.548    8.758    8.866    8.871    8.796    8.661    8.492    8.322
    8.184    8.098    8.074    8.120    8.199    8.282    8.323
CT2005:130           -2.234   -1.112    0.016    1.131    2.210    3.223
    4.178    5.071    5.901    6.659    7.348    7.966    8.505    8.948
    9.288    9.527    9.654    9.672    9.604    9.471    9.299    9.118
    8.959    8.841    8.771    8.754    8.755    8.753    8.694
CT2005:125           -2.283   -1.133    0.026    1.173    2.289    3.347
    4.353    5.303    6.195    7.018    7.772    8.448    9.038    9.521
    9.890   10.148   10.287   10.311   10.247   10.115    9.939    9.748
    9.567    9.410    9.284    9.185    9.083    8.961    8.754
CT2005:120           -2.268   -1.105    0.070    1.238    2.379    3.469
    4.516    5.515    6.461    7.342    8.152    8.881    9.516   10.034
   10.428   10.704   10.857   10.893   10.841   10.723   10.562   10.380
   10.200   10.032    9.880    9.735    9.570    9.377    9.082
CT2005:115           -2.394   -1.205   -0.004    1.189    2.360    3.485
    4.573    5.618    6.615    7.549    8.412    9.188    9.863   10.411
   10.827   11.118   11.284   11.332   11.295   11.192   11.045   10.871
   10.688   10.502   10.312   10.104    9.856    9.565    9.147
CT2005:110           -2.426   -1.235   -0.027    1.176    2.359    3.506
    4.621    5.700    6.737    7.715    8.621    9.437   10.147   10.723
   11.162   11.473   11.658   11.728   11.715   11.638   11.516   11.362
   11.190   11.002   10.795   10.550   10.250    9.900    9.410
CT2005:105           -2.455   -1.269   -0.061    1.146    2.338    3.499
    4.635    5.741    6.811    7.825    8.768    9.620   10.364   10.970
   11.436   11.774   11.986   12.085   12.106   12.065   11.978   11.855
   11.706   11.529   11.324   11.068   10.751   10.382    9.876
CT2005:100           -2.536   -1.357   -0.152    1.055    2.252    3.424
    4.575    5.703    6.799    7.843    8.818    9.702   10.476   11.111
   11.604   11.969   12.210   12.340   12.393   12.383   12.324   12.220
   12.080   11.901   11.679   11.393   11.035   10.620   10.059
CT2005:095           -2.576   -1.419   -0.226    0.973    2.166    3.341
    4.502    5.644    6.759    7.826    8.827    9.739   10.542   11.206
   11.729   12.126   12.400   12.567   12.655   12.680   12.653   12.575
   12.452   12.282   12.062   11.770   11.404   10.981   10.419
CT2005:090           -2.703   -1.562   -0.378    0.815    2.007    3.188
    4.357    5.512    6.643    7.730    8.752    9.686   10.513   11.203
   11.754   12.180   12.485   12.682   12.801   12.854   12.849   12.786
   12.669   12.497   12.266   11.954   11.563   11.112   10.518
CT2005:085           -2.822   -1.709   -0.541    0.640    1.828    3.010
    4.185    5.348    6.490    7.590    8.626    9.577   10.421   11.131
   11.704   12.154   12.486   12.711   12.857   12.935   12.952   12.904
   12.798   12.629   12.396   12.077   11.675   11.212   10.605
CT2005:080           -2.991   -1.903   -0.750    0.421    1.605    2.789
    3.970    5.140    6.289    7.396    8.440    9.397   10.249   10.968
   11.554   12.020   12.370   12.616   12.784   12.883   12.920   12.890
   12.797   12.638   12.411   12.093   11.691   11.226   10.614
CT2005:075           -3.168   -2.113   -0.979    0.178    1.356    2.541
    3.724    4.898    6.050    7.157    8.199    9.152    9.999   10.716
   11.302   11.773   12.133   12.396   12.584   12.708   12.772   12.770
   12.706   12.576   12.378   12.090   11.719   11.285   10.708
CT2005:070           -3.376   -2.357   -1.246   -0.107    1.062    2.243
    3.426    4.598    5.746    6.843    7.869    8.803    9.630   10.327
   10.898   11.359   11.717   11.987   12.190   12.336   12.427   12.458
   12.429   12.335   12.173   11.919   11.579   11.175   10.622
CT2005:065           -3.689   -2.694   -1.601   -0.474    0.688    1.866
    3.045    4.212    5.349    6.427    7.427    8.330    9.122    9.785
   10.328   10.769   11.119   11.393   11.614   11.790   11.922   12.002
   12.028   11.993   11.893   11.701   11.424   11.081   10.588
CT2005:060           -3.935   -2.989   -1.933   -0.839    0.297    1.453
    2.611    3.755    4.862    5.903    6.858    7.710    8.450    9.064
    9.564    9.975   10.311   10.588   10.829   11.040   11.221   11.361
   11.455   11.492   11.464   11.343   11.133   10.853   10.413
CT2005:055           -4.289   -3.380   -2.359   -1.298   -0.194    0.932
    2.057    3.161    4.223    5.210    6.104    6.891    7.567    8.122
    8.576    8.956    9.280    9.568    9.839   10.099   10.345   10.564
   10.745   10.873   10.939   10.909   10.786   10.591   10.224
CT2005:050           -4.574   -3.727   -2.764   -1.761   -0.713    0.355
    1.419    2.456    3.445    4.352    5.162    5.867    6.465    6.956
    7.362    7.715    8.036    8.347    8.663    8.987    9.314    9.627
    9.910   10.144   10.315   10.389   10.363   10.259    9.971
CT2005:045           -4.795   -4.033   -3.152   -2.230   -1.265   -0.284
    0.688    1.627    2.513    3.313    4.019    4.626    5.139    5.564
    5.930    6.267    6.600    6.952    7.331    7.738    8.163    8.587
    8.987    9.342    9.635    9.828    9.914    9.919    9.727
CT2005:040           -5.113   -4.425   -3.625   -2.788   -1.916   -1.039
   -0.181    0.637    1.396    2.069    2.655    3.156    3.582    3.948
    4.286    4.624    4.989    5.400    5.861    6.367    6.904    7.449
    7.975    8.457    8.877    9.191    9.394    9.509    9.411
CT2005:035           -5.355   -4.765   -4.070   -3.343   -2.589   -1.844
   -1.127   -0.459    0.147    0.673    1.125    1.513    1.853    2.169
    2.492    2.848    3.261    3.748    4.302    4.916    5.571    6.239
    6.890    7.497    8.038    8.469    8.780    8.995    8.978
CT2005:030           -5.692   -5.185   -4.586   -3.965   -3.332   -2.725
   -2.161   -1.653   -1.209   -0.837   -0.520   -0.241    0.023    0.303
    0.628    1.019    1.497    2.074    2.734    3.463    4.240    5.035
    5.814    6.550    7.219    7.775    8.205    8.535    8.621
CT2005:025           -6.117   -5.678   -5.169   -4.648   -4.133   -3.666
   -3.254   -2.908   -2.626   -2.405   -2.217   -2.037   -1.837   -1.580
   -1.240   -0.803   -0.252    0.416    1.179    2.018    2.909    3.819
    4.714    5.565    6.348    7.016    7.551    7.981    8.150
CT2005:020           -6.457   -6.101   -5.691   -5.279   -4.889   -4.564
   -4.306   -4.118   -3.992   -3.912   -3.842   -3.748   -3.599   -3.354
   -2.991   -2.504   -1.882   -1.126   -0.269    0.670    1.663    2.678
    3.680    4.641    5.536    6.315    6.962    7.500    7.769
CT2005:015           -6.861   -6.566   -6.238   -5.918   -5.635   -5.434
   -5.310   -5.259   -5.267   -5.304   -5.329   -5.302   -5.189   -4.945
   -4.554   -4.018   -3.331   -2.500   -1.560   -0.536    0.546    1.656
    2.758    3.825    4.833    5.733    6.504    7.170    7.571
CT2005:010           -7.188   -6.968   -6.726   -6.498   -6.317   -6.228
   -6.220   -6.286   -6.403   -6.535   -6.634   -6.657   -6.570   -6.325
   -5.914   -5.343   -4.610   -3.727   -2.733   -1.651   -0.507    0.670
    1.845    2.991    4.084    5.074    5.937    6.696    7.187
CT2005:005           -7.408   -7.268   -7.109   -6.967   -6.876   -6.880
   -6.965   -7.120   -7.319   -7.519   -7.669   -7.726   -7.654   -7.408
   -6.983   -6.389   -5.628   -4.713   -3.681   -2.557   -1.363   -0.127
    1.119    2.347    3.533    4.631    5.612    6.497    7.130
CT2006:360           -7.704   -7.624   -7.527   -7.447   -7.420   -7.487
   -7.633   -7.844   -8.092   -8.331   -8.510   -8.586   -8.525   -8.282
   -7.856   -7.260   -6.494   -5.573   -4.533   -3.395   -2.181   -0.915
    0.370    1.647    2.890    4.052    5.102    6.058    6.766
