CT2000:360           -3.090   -2.490   -1.859   -1.226   -0.605   -0.028
    0.495    0.946    1.310    1.569    1.733    1.814    1.832    1.812
    1.794    1.810    1.893    2.075    2.362    2.761    3.275    3.903
    4.615    5.387    6.190    6.980    7.696    8.339    8.759
CT2000:355           -3.159   -2.634   -2.088   -1.546   -1.026   -0.562
   -0.163    0.160    0.397    0.535    0.593    0.584    0.531    0.462
    0.414    0.416    0.500    0.698    1.012    1.449    2.008    2.689
    3.459    4.293    5.160    6.016    6.800    7.511    7.998
CT2000:350           -3.311   -2.846   -2.374   -1.915   -1.491   -1.141
   -0.865   -0.671   -0.563   -0.543   -0.590   -0.683   -0.799   -0.907
   -0.974   -0.973   -0.873   -0.645   -0.290    0.197    0.815    1.563
    2.406    3.317    4.267    5.214    6.096    6.911    7.516
CT2000:345           -3.632   -3.196   -2.778   -2.385   -2.046   -1.799
   -1.639   -1.569   -1.586   -1.682   -1.830   -2.004   -2.178   -2.320
   -2.399   -2.394   -2.273   -2.012   -1.614   -1.076   -0.403    0.405
    1.309    2.282    3.294    4.302    5.248    6.127    6.799
CT2000:340           -3.775   -3.399   -3.056   -2.746   -2.504   -2.370
   -2.332   -2.390   -2.534   -2.748   -2.997   -3.251   -3.484   -3.657
   -3.745   -3.729   -3.582   -3.281   -2.833   -2.238   -1.501   -0.627
    0.346    1.391    2.476    3.563    4.595    5.566    6.345
CT2000:335           -4.342   -3.942   -3.611   -3.329   -3.138   -3.078
   -3.129   -3.285   -3.530   -3.841   -4.175   -4.498   -4.779   -4.978
   -5.070   -5.042   -4.867   -4.526   -4.031   -3.384   -2.592   -1.661
   -0.631    0.470    1.611    2.756    3.849    4.886    5.742
CT2000:330           -4.474   -4.129   -3.862   -3.650   -3.539   -3.572
   -3.721   -3.980   -4.327   -4.732   -5.150   -5.541   -5.871   -6.100
   -6.202   -6.166   -5.970   -5.596   -5.060   -4.366   -3.524   -2.542
   -1.460   -0.305    0.892    2.097    3.259    4.372    5.322
CT2000:325           -4.825   -4.486   -4.244   -4.066   -4.001   -4.091
   -4.307   -4.637   -5.055   -5.529   -6.007   -6.449   -6.819   -7.072
   -7.184   -7.147   -6.938   -6.543   -5.980   -5.255   -4.380   -3.363
   -2.247   -1.057    0.177    1.424    2.636    3.803    4.826
CT2000:320           -4.949   -4.653   -4.457   -4.326   -4.312   -4.457
   -4.729   -5.115   -5.589   -6.114   -6.638   -7.119   -7.520   -7.795
   -7.921   -7.890   -7.681   -7.279   -6.706   -5.969   -5.079   -4.046
   -2.909   -1.696   -0.433    0.852    2.113    3.338    4.441
CT2000:315           -5.103   -4.835   -4.666   -4.563   -4.576   -4.751
   -5.052   -5.467   -5.968   -6.518   -7.065   -7.565   -7.983   -8.272
   -8.410   -8.390   -8.190   -7.797   -7.232   -6.501   -5.615   -4.580
   -3.436   -2.208   -0.920    0.406    1.724    3.020    4.227
CT2000:310           -5.214   -4.977   -4.831   -4.749   -4.778   -4.965
   -5.275   -5.697   -6.202   -6.755   -7.304   -7.808   -8.232   -8.531
   -8.683   -8.683   -8.508   -8.144   -7.611   -6.913   -6.058   -5.050
   -3.925   -2.707   -1.420   -0.079    1.268    2.606    3.879
CT2000:305           -5.419   -5.184   -5.034   -4.943   -4.962   -5.132
   -5.423   -5.822   -6.304   -6.835   -7.365   -7.856   -8.272   -8.574
   -8.739   -8.760   -8.617   -8.293   -7.804   -7.150   -6.337   -5.362
   -4.260   -3.049   -1.753   -0.378    1.026    2.439    3.831
CT2000:300           -5.517   -5.302   -5.155   -5.061   -5.065   -5.211
   -5.472   -5.838   -6.284   -6.782   -7.284   -7.755   -8.164   -8.471
   -8.656   -8.712   -8.615   -8.348   -7.922   -7.334   -6.584   -5.666
   -4.610   -3.434   -2.157   -0.784    0.637    2.078    3.527
CT2000:295           -5.684   -5.469   -5.306   -5.189   -5.161   -5.264
   -5.476   -5.790   -6.185   -6.637   -7.102   -7.549   -7.948   -8.264
   -8.475   -8.571   -8.527   -8.324   -7.966   -7.447   -6.763   -5.902
   -4.891   -3.745   -2.484   -1.104    0.343    1.826    3.349
CT2000:290           -5.771   -5.569   -5.397   -5.262   -5.201   -5.260
   -5.420   -5.678   -6.019   -6.423   -6.854   -7.281   -7.679   -8.013
   -8.261   -8.407   -8.426   -8.292   -8.007   -7.559   -6.942   -6.138
   -5.175   -4.064   -2.824   -1.448    0.012    1.519    3.092
CT2000:285           -5.960   -5.750   -5.552   -5.383   -5.277   -5.280
   -5.379   -5.575   -5.858   -6.217   -6.616   -7.031   -7.437   -7.800
   -8.095   -8.302   -8.389   -8.328   -8.114   -7.735   -7.181   -6.433
   -5.517   -4.445   -3.235   -1.877   -0.427    1.076    2.657
CT2000:280           -6.041   -5.841   -5.632   -5.442   -5.302   -5.258
   -5.306   -5.449   -5.684   -6.006   -6.387   -6.803   -7.228   -7.633
   -7.983   -8.254   -8.409   -8.413   -8.259   -7.932   -7.421   -6.705
   -5.812   -4.754   -3.548   -2.183   -0.712    0.819    2.448
CT2000:275           -6.194   -5.993   -5.766   -5.550   -5.374   -5.285
   -5.285   -5.383   -5.580   -5.879   -6.254   -6.684   -7.144   -7.601
   -8.016   -8.355   -8.579   -8.644   -8.543   -8.257   -7.779   -7.087
   -6.213   -5.169   -3.974   -2.617   -1.154    0.370    1.990
CT2000:270           -6.274   -6.086   -5.855   -5.628   -5.431   -5.314
   -5.285   -5.355   -5.532   -5.825   -6.211   -6.669   -7.174   -7.691
   -8.171   -8.577   -8.860   -8.971   -8.902   -8.635   -8.162   -7.464
   -6.575   -5.510   -4.291   -2.903   -1.405    0.159    1.825
CT2000:265           -6.327   -6.160   -5.934   -5.706   -5.501   -5.371
   -5.328   -5.390   -5.566   -5.872   -6.286   -6.787   -7.348   -7.929
   -8.477   -8.946   -9.280   -9.428   -9.378   -9.114   -8.628   -7.907
   -6.988   -5.890   -4.635   -3.213   -1.682   -0.086    1.610
CT2000:260           -6.406   -6.258   -6.042   -5.820   -5.616   -5.486
   -5.445   -5.514   -5.706   -6.040   -6.494   -7.047   -7.668   -8.314
   -8.925   -9.449   -9.826   -9.996   -9.951   -9.673   -9.157   -8.392
   -7.422   -6.268   -4.957   -3.480   -1.896   -0.249    1.494
CT2000:255           -6.637   -6.483   -6.262   -6.035   -5.828   -5.701
   -5.667   -5.751   -5.967   -6.336   -6.835   -7.442   -8.122   -8.829
   -9.497  -10.069  -10.479  -10.664  -10.614  -10.313   -9.758   -8.938
   -7.905   -6.687   -5.312   -3.776   -2.142   -0.450    1.326
CT2000:250           -6.711   -6.583   -6.383   -6.177   -5.992   -5.887
   -5.881   -5.996   -6.249   -6.663   -7.212   -7.874   -8.611   -9.375
  -10.093  -10.708  -11.147  -11.342  -11.283  -10.952  -10.349   -9.464
   -8.357   -7.060   -5.607   -3.999   -2.300   -0.550    1.270
CT2000:245           -7.087   -6.930   -6.715   -6.499   -6.312   -6.214
   -6.221   -6.357   -6.637   -7.083   -7.671   -8.373   -9.154   -9.961
  -10.721  -11.371  -11.836  -12.042  -11.976  -11.621  -10.974  -10.029
   -8.853   -7.483   -5.959   -4.290   -2.544   -0.758    1.074
CT2000:240           -7.157   -7.028   -6.841   -6.652   -6.493   -6.424
   -6.461   -6.627   -6.937   -7.414   -8.033   -8.767   -9.581  -10.422
  -11.217  -11.899  -12.389  -12.608  -12.540  -12.163  -11.476  -10.472
   -9.224   -7.775   -6.172   -4.430   -2.621   -0.779    1.087
CT2000:235           -7.384   -7.252   -7.069   -6.887   -6.737   -6.680
   -6.729   -6.907   -7.228   -7.714   -8.340   -9.083   -9.909  -10.768
  -11.584  -12.292  -12.807  -13.043  -12.982  -12.597  -11.882  -10.832
   -9.523   -8.007   -6.334   -4.527   -2.664   -0.778    1.112
CT2000:230           -7.446   -7.342   -7.182   -7.023   -6.893   -6.851
   -6.910   -7.092   -7.410   -7.888   -8.503   -9.236  -10.055  -10.916
  -11.744  -12.471  -13.011  -13.273  -13.229  -12.848  -12.123  -11.044
   -9.692   -8.123   -6.393   -4.533   -2.625   -0.702    1.204
CT2000:225           -7.558   -7.465   -7.316   -7.164   -7.039   -6.995
   -7.044   -7.208   -7.501   -7.945   -8.523   -9.220  -10.010  -10.853
  -11.677  -12.414  -12.976  -13.264  -13.244  -12.881  -12.160  -11.068
   -9.689   -8.082   -6.307   -4.400   -2.451   -0.492    1.436
CT2000:220           -7.607   -7.535   -7.399   -7.257   -7.133   -7.078
   -7.105   -7.235   -7.483   -7.873   -8.393   -9.035   -9.776  -10.584
  -11.393  -12.131  -12.710  -13.028  -13.042  -12.710  -12.012  -10.932
   -9.553   -7.937   -6.146   -4.223   -2.262   -0.297    1.620
CT2000:215           -7.720   -7.650   -7.511   -7.361   -7.220   -7.134
   -7.119   -7.193   -7.373   -7.686   -8.128   -8.693   -9.366  -10.124
  -10.902  -11.629  -12.217  -12.560  -12.608  -12.313  -11.651  -10.598
   -9.240   -7.635   -5.850   -3.931   -1.977   -0.022    1.873
CT2000:210           -7.748   -7.692   -7.553   -7.397   -7.238   -7.116
   -7.048   -7.055   -7.156   -7.380   -7.730   -8.206   -8.801   -9.496
  -10.230  -10.935  -11.521  -11.881  -11.960  -11.703  -11.083  -10.072
   -8.752   -7.182   -5.428   -3.538   -1.616    0.306    2.157
CT2000:205           -7.817   -7.760   -7.610   -7.435   -7.244   -7.073
   -6.942   -6.870   -6.879   -7.004   -7.252   -7.631   -8.136   -8.757
   -9.436  -10.103  -10.672  -11.036  -11.133  -10.909  -10.331   -9.370
   -8.102   -6.587   -4.888   -3.053   -1.187    0.675    2.460
CT2000:200           -7.823   -7.769   -7.609   -7.417   -7.194   -6.973
   -6.777   -6.626   -6.544   -6.569   -6.715   -6.993   -7.405   -7.943
   -8.553   -9.167   -9.699  -10.045  -10.143   -9.937   -9.394   -8.482
   -7.275   -5.827   -4.201   -2.440   -0.649    1.137    2.843
CT2000:195           -7.865   -7.802   -7.622   -7.402   -7.141   -6.867
   -6.604   -6.375   -6.205   -6.134   -6.181   -6.360   -6.674   -7.120
   -7.646   -8.184   -8.655   -8.957   -9.032   -8.823   -8.301   -7.435
   -6.292   -4.922   -3.381   -1.712   -0.012    1.684    3.301
CT2000:190           -7.845   -7.778   -7.582   -7.339   -7.046   -6.726
   -6.407   -6.113   -5.869   -5.715   -5.673   -5.759   -5.976   -6.321
   -6.745   -7.185   -7.567   -7.797   -7.821   -7.590   -7.075   -6.251
   -5.176   -3.894   -2.457   -0.899    0.687    2.269    3.776
CT2000:185           -7.888   -7.798   -7.573   -7.298   -6.967   -6.602
   -6.234   -5.883   -5.577   -5.354   -5.233   -5.229   -5.345   -5.577
   -5.879   -6.193   -6.454   -6.581   -6.526   -6.249   -5.727   -4.936
   -3.928   -2.740   -1.413    0.023    1.488    2.950    4.345
CT2000:180           -7.843   -7.743   -7.499   -7.202   -6.844   -6.449
   -6.046   -5.658   -5.309   -5.032   -4.844   -4.757   -4.770   -4.877
   -5.037   -5.202   -5.316   -5.314   -5.160   -4.822   -4.284   -3.527
   -2.592   -1.506   -0.305    0.992    2.315    3.635    4.894
CT2000:175           -7.777   -7.663   -7.401   -7.083   -6.702   -6.282
   -5.854   -5.439   -5.058   -4.738   -4.490   -4.319   -4.222   -4.190
   -4.190   -4.184   -4.130   -3.981   -3.713   -3.305   -2.746   -2.021
   -1.161   -0.183    0.888    2.041    3.218    4.393    5.514
CT2000:170           -7.711   -7.581   -7.297   -6.957   -6.553   -6.111
   -5.662   -5.224   -4.814   -4.451   -4.140   -3.880   -3.665   -3.483
   -3.311   -3.122   -2.891   -2.589   -2.206   -1.729   -1.154   -0.469
    0.309    1.172    2.105    3.104    4.125    5.144    6.112
CT2000:165           -7.609   -7.465   -7.162   -6.801   -6.375   -5.911
   -5.440   -4.976   -4.533   -4.121   -3.737   -3.379   -3.035   -2.696
   -2.346   -1.974   -1.570   -1.124   -0.636   -0.103    0.479    1.117
    1.807    2.551    3.345    4.189    5.050    5.909    6.720
CT2000:160           -7.523   -7.358   -7.029   -6.641   -6.187   -5.693
   -5.190   -4.688   -4.196   -3.717   -3.246   -2.774   -2.293   -1.792
   -1.270   -0.727   -0.166    0.404    0.977    1.550    2.123    2.705
    3.305    3.931    4.587    5.280    5.985    6.686    7.340
CT2000:155           -7.503   -7.302   -6.936   -6.510   -6.017   -5.480
   -4.928   -4.369   -3.808   -3.240   -2.661   -2.062   -1.437   -0.779
   -0.097    0.596    1.285    1.949    2.578    3.165    3.713    4.228
    4.730    5.235    5.752    6.289    6.830    7.362    7.838
CT2000:150           -7.403   -7.175   -6.778   -6.319   -5.786   -5.202
   -4.593   -3.963   -3.315   -2.643   -1.941   -1.206   -0.435    0.369
    1.190    2.006    2.794    3.522    4.182    4.767    5.280    5.730
    6.145    6.543    6.939    7.342    7.741    8.126    8.450
CT2000:145           -7.306   -7.050   -6.621   -6.126   -5.550   -4.912
   -4.235   -3.522   -2.774   -1.984   -1.151   -0.277    0.633    1.570
    2.506    3.417    4.271    5.035    5.703    6.269    6.738    7.121
    7.451    7.749    8.030    8.302    8.558    8.792    8.951
CT2000:140           -7.197   -6.913   -6.449   -5.915   -5.295   -4.598
   -3.849   -3.047   -2.194   -1.281   -0.317    0.692    1.732    2.785
    3.816    4.798    5.698    6.479    7.142    7.684    8.113    8.439
    8.700    8.916    9.103    9.267    9.403    9.510    9.528
CT2000:135           -7.013   -6.712   -6.225   -5.662   -5.005   -4.256
   -3.440   -2.556   -1.604   -0.577    0.508    1.638    2.793    3.945
    5.054    6.091    7.021    7.811    8.466    8.985    9.380    9.662
    9.867   10.018   10.129   10.202   10.235   10.231   10.125
CT2000:130           -6.899   -6.569   -6.048   -5.450   -4.751   -3.950
   -3.071   -2.110   -1.068    0.060    1.252    2.489    3.743    4.980
    6.155    7.238    8.195    8.993    9.641   10.144   10.513   10.760
   10.922   11.019   11.064   11.054   10.991   10.881   10.650
CT2000:125           -6.711   -6.364   -5.823   -5.201   -4.473   -3.634
   -2.706   -1.687   -0.574    0.634    1.914    3.238    4.575    5.884
    7.118    8.247    9.233   10.045   10.698   11.197   11.555   11.782
   11.917   11.978   11.977   11.906   11.769   11.577   11.251
CT2000:120           -6.597   -6.220   -5.651   -5.001   -4.243   -3.371
   -2.404   -1.338   -0.172    1.100    2.447    3.842    5.249    6.622
    7.911    9.084   10.104   10.938   11.604   12.107   12.462   12.677
   12.790   12.818   12.772   12.638   12.423   12.145   11.711
CT2000:115           -6.348   -5.969   -5.394   -4.736   -3.968   -3.082
   -2.097   -1.006    0.192    1.504    2.899    4.347    5.810    7.239
    8.581    9.802   10.861   11.728   12.419   12.940   13.305   13.522
   13.627   13.637   13.564   13.389   13.122   12.784   12.279
CT2000:110           -6.234   -5.828   -5.232   -4.555   -3.771   -2.871
   -1.871   -0.763    0.456    1.796    3.226    4.715    6.224    7.703
    9.094   10.363   11.467   12.372   13.094   13.638   14.018   14.238
   14.337   14.327   14.221   13.998   13.669   13.260   12.666
CT2000:105           -5.972   -5.568   -4.975   -4.301   -3.522   -2.626
   -1.630   -0.524    0.698    2.047    3.495    5.010    6.554    8.073
    9.511   10.827   11.978   12.927   13.689   14.268   14.673   14.909
   15.011   14.995   14.872   14.619   14.250   13.795   13.145
CT2000:100           -5.859   -5.431   -4.823   -4.138   -3.354   -2.460
   -1.469   -0.369    0.849    2.200    3.655    5.186    6.754    8.307
    9.784   11.145   12.343   13.340   14.146   14.762   15.198   15.451
   15.558   15.534   15.390   15.100   14.682   14.171   13.450
CT2000:095           -5.697   -5.256   -4.641   -3.955   -3.175   -2.292
   -1.317   -0.234    0.966    2.303    3.752    5.284    6.863    8.438
    9.949   11.351   12.597   13.644   14.500   15.161   15.634   15.914
   16.035   16.012   15.856   15.540   15.088   14.536   13.763
CT2000:090           -5.585   -5.121   -4.496   -3.805   -3.029   -2.159
   -1.203   -0.144    1.030    2.342    3.770    5.290    6.867    8.454
    9.989   11.427   12.718   13.816   14.724   15.436   15.951   16.262
   16.401   16.383   16.219   15.881   15.395   14.804   13.982
CT2000:085           -5.479   -4.992   -4.357   -3.662   -2.891   -2.037
   -1.105   -0.077    1.062    2.337    3.732    5.226    6.788    8.374
    9.923   11.389   12.720   13.867   14.827   15.590   16.152   16.498
   16.660   16.652   16.485   16.129   15.617   14.992   14.124
CT2000:080           -5.368   -4.861   -4.217   -3.520   -2.755   -1.919
   -1.012   -0.019    1.080    2.311    3.662    5.119    6.651    8.223
    9.774   11.257   12.620   13.810   14.820   15.633   16.243   16.628
   16.821   16.831   16.672   16.312   15.786   15.142   14.247
CT2000:075           -5.335   -4.796   -4.134   -3.426   -2.660   -1.835
   -0.949    0.015    1.074    2.260    3.564    4.973    6.466    8.009
    9.546   11.029   12.407   13.626   14.673   15.528   16.178   16.598
   16.818   16.844   16.689   16.319   15.772   15.100   14.160
CT2000:070           -5.230   -4.671   -3.999   -3.286   -2.522   -1.707
   -0.840    0.096    1.120    2.260    3.513    4.871    6.312    7.813
    9.317   10.782   12.158   13.389   14.461   15.348   16.036   16.496
   16.752   16.809   16.678   16.324   15.787   15.120   14.179
CT2000:065           -5.281   -4.676   -3.975   -3.237   -2.459   -1.638
   -0.773    0.152    1.154    2.260    3.468    4.772    6.156    7.598
    9.052   10.475   11.823   13.043   14.116   15.017   15.728   16.216
   16.501   16.584   16.474   16.131   15.595   14.923   13.963
CT2000:060           -5.191   -4.566   -3.852   -3.104   -2.318   -1.494
   -0.628    0.290    1.275    2.351    3.516    4.763    6.080    7.450
    8.831   10.190   11.485   12.670   13.727   14.629   15.356   15.873
   16.194   16.318   16.248   15.943   15.441   14.802   13.867
CT2000:055           -5.116   -4.473   -3.744   -2.984   -2.186   -1.350
   -0.477    0.445    1.424    2.478    3.603    4.793    6.037    7.321
    8.613    9.885   11.105   12.233   13.252   14.139   14.871   15.411
   15.769   15.936   15.915   15.659   15.206   14.613   13.722
CT2000:050           -5.047   -4.386   -3.643   -2.869   -2.057   -1.206
   -0.318    0.611    1.589    2.626    3.712    4.843    6.008    7.196
    8.383    9.551   10.677   11.730   12.695   13.552   14.278   14.837
   15.229   15.443   15.476   15.279   14.884   14.349   13.512
CT2000:045           -4.714   -4.086   -3.365   -2.608   -1.806   -0.959
   -0.073    0.854    1.821    2.830    3.870    4.933    6.010    7.092
    8.166    9.220   10.242   11.211   12.116   12.939   13.658   14.239
   14.674   14.951   15.062   14.954   14.657   14.224   13.497
CT2000:040           -4.667   -4.026   -3.294   -2.526   -1.712   -0.852
    0.044    0.975    1.934    2.917    3.909    4.902    5.889    6.863
    7.819    8.757    9.671   10.549   11.386   12.164   12.866   13.457
   13.926   14.255   14.431   14.401   14.184   13.833   13.186
CT2000:035           -4.319   -3.722   -3.024   -2.284   -1.492   -0.649
    0.231    1.141    2.071    3.008    3.937    4.848    5.736    6.598
    7.438    8.262    9.072    9.866   10.639   11.380   12.072   12.683
   13.199   13.598   13.865   13.946   13.852   13.632   13.127
CT2000:030           -4.291   -3.687   -2.986   -2.246   -1.456   -0.618
    0.250    1.139    2.035    2.921    3.781    4.607    5.396    6.150
    6.879    7.594    8.306    9.018    9.728   10.429   11.105   11.729
   12.281   12.737   13.080   13.254   13.259   13.140   12.736
CT2000:025           -4.227   -3.628   -2.938   -2.210   -1.435   -0.619
    0.221    1.073    1.918    2.737    3.517    4.250    4.938    5.585
    6.208    6.824    7.447    8.086    8.743    9.411   10.079   10.721
   11.316   11.838   12.267   12.544   12.663   12.661   12.377
CT2000:020           -4.214   -3.618   -2.939   -2.228   -1.477   -0.693
    0.106    0.904    1.685    2.425    3.115    3.750    4.335    4.878
    5.401    5.925    6.469    7.045    7.656    8.299    8.963    9.628
   10.268   10.858   11.372   11.753   11.984   12.098   11.929
CT2000:015           -4.291   -3.690   -3.022   -2.329   -1.607   -0.865
   -0.119    0.614    1.317    1.969    2.561    3.095    3.576    4.019
    4.448    4.888    5.360    5.882    6.456    7.079    7.744    8.432
    9.117    9.769   10.362   10.836   11.166   11.378   11.302
CT2000:010           -4.297   -3.707   -3.068   -2.411   -1.736   -1.056
   -0.383    0.266    0.876    1.426    1.914    2.341    2.720    3.067
    3.411    3.777    4.190    4.670    5.220    5.838    6.517    7.242
    7.984    8.714    9.402    9.987   10.435   10.770   10.817
CT2000:005           -4.414   -3.826   -3.212   -2.591   -1.967   -1.356
   -0.767   -0.212    0.295    0.736    1.113    1.434    1.711    1.968
    2.233    2.533    2.896    3.342    3.874    4.491    5.186    5.946
    6.739    7.535    8.299    8.971    9.506    9.926   10.048
CT2001:360           -4.439   -3.872   -3.301   -2.733   -2.179   -1.656
   -1.167   -0.724   -0.337   -0.016    0.245    0.456    0.636    0.810
    1.009    1.257    1.585    2.014    2.544    3.176    3.904    4.716
    5.579    6.458    7.321    8.103    8.756    9.297    9.543
