CT2020:360           -8.535   -8.398   -8.163   -7.891   -7.578   -7.208
   -6.770   -6.242   -5.608   -4.854   -4.012   -3.120   -2.222   -1.372
   -0.608    0.057    0.619    1.095    1.522    1.925    2.329    2.748
    3.189    3.651    4.134    4.636    5.144    5.648    6.119
CT2020:355           -8.595   -8.498   -8.315   -8.103   -7.859   -7.570
   -7.220   -6.785   -6.245   -5.582   -4.824   -4.005   -3.167   -2.359
   -1.620   -0.963   -0.389    0.118    0.594    1.065    1.552    2.069
    2.616    3.189    3.783    4.392    4.999    5.597    6.150
CT2020:350           -8.662   -8.594   -8.455   -8.293   -8.110   -7.897
   -7.634   -7.295   -6.857   -6.295   -5.633   -4.896   -4.124   -3.359
   -2.641   -1.982   -1.387   -0.840   -0.310    0.227    0.790    1.392
    2.029    2.695    3.380    4.076    4.761    5.430    6.037
CT2020:345           -8.646   -8.612   -8.514   -8.399   -8.274   -8.131
   -7.950   -7.705   -7.370   -6.915   -6.354   -5.707   -5.006   -4.286
   -3.586   -2.922   -2.299   -1.706   -1.118   -0.515    0.120    0.800
    1.519    2.271    3.044    3.826    4.593    5.340    6.013
CT2020:340           -8.668   -8.649   -8.573   -8.486   -8.397   -8.304
   -8.188   -8.021   -7.775   -7.418   -6.953   -6.395   -5.767   -5.096
   -4.418   -3.753   -3.105   -2.472   -1.833   -1.174   -0.478    0.265
    1.050    1.869    2.711    3.561    4.392    5.198    5.918
CT2020:335           -8.631   -8.624   -8.564   -8.494   -8.428   -8.369
   -8.297   -8.188   -8.014   -7.739   -7.361   -6.887   -6.331   -5.714
   -5.067   -4.410   -3.752   -3.090   -2.414   -1.712   -0.970   -0.179
    0.656    1.527    2.423    3.329    4.213    5.069    5.830
CT2020:330           -8.603   -8.593   -8.531   -8.459   -8.394   -8.343
   -8.289   -8.210   -8.080   -7.863   -7.552   -7.148   -6.659   -6.098
   -5.491   -4.857   -4.203   -3.532   -2.837   -2.109   -1.338   -0.515
    0.354    1.263    2.199    3.148    4.074    4.972    5.767
CT2020:325           -8.559   -8.537   -8.458   -8.370   -8.288   -8.222
   -8.160   -8.083   -7.968   -7.783   -7.517   -7.168   -6.739   -6.235
   -5.676   -5.080   -4.451   -3.791   -3.099   -2.368   -1.589   -0.755
    0.129    1.055    2.013    2.986    3.937    4.858    5.671
CT2020:320           -8.483   -8.442   -8.339   -8.223   -8.108   -8.009
   -7.916   -7.815   -7.688   -7.508   -7.265   -6.952   -6.570   -6.119
   -5.614   -5.065   -4.476   -3.847   -3.177   -2.460   -1.692   -0.862
    0.022    0.953    1.920    2.908    3.878    4.818    5.650
CT2020:315           -8.391   -8.325   -8.188   -8.033   -7.874   -7.726
   -7.584   -7.440   -7.279   -7.082   -6.839   -6.545   -6.197   -5.793
   -5.340   -4.846   -4.308   -3.724   -3.094   -2.412   -1.673   -0.868
   -0.003    0.914    1.872    2.857    3.826    4.767    5.600
CT2020:310           -8.273   -8.179   -8.003   -7.805   -7.594   -7.388
   -7.187   -6.986   -6.776   -6.544   -6.283   -5.990   -5.661   -5.292
   -4.885   -4.443   -3.959   -3.428   -2.849   -2.215   -1.518   -0.750
    0.084    0.975    1.914    2.887    3.850    4.788    5.625
CT2020:305           -8.127   -8.004   -7.788   -7.545   -7.281   -7.016
   -6.752   -6.489   -6.222   -5.945   -5.654   -5.347   -5.022   -4.674
   -4.302   -3.904   -3.472   -2.997   -2.474   -1.895   -1.252   -0.532
    0.257    1.110    2.017    2.966    3.911    4.836    5.666
CT2020:300           -7.978   -7.822   -7.565   -7.278   -6.964   -6.641
   -6.318   -5.994   -5.671   -5.344   -5.015   -4.683   -4.347   -4.005
   -3.654   -3.288   -2.898   -2.474   -2.006   -1.484   -0.899   -0.235
    0.502    1.309    2.175    3.091    4.011    4.915    5.734
CT2020:295           -7.823   -7.633   -7.338   -7.010   -6.652   -6.281
   -5.908   -5.534   -5.161   -4.789   -4.420   -4.057   -3.700   -3.349
   -3.002   -2.653   -2.292   -1.907   -1.487   -1.020   -0.492    0.113
    0.792    1.544    2.360    3.233    4.115    4.986    5.779
CT2020:290           -7.655   -7.433   -7.104   -6.743   -6.351   -5.946
   -5.539   -5.130   -4.721   -4.314   -3.911   -3.516   -3.131   -2.760
   -2.401   -2.050   -1.699   -1.337   -0.951   -0.525   -0.046    0.505
    1.131    1.831    2.598    3.428    4.274    5.113    5.883
CT2020:285           -7.611   -7.339   -6.969   -6.570   -6.146   -5.716
   -5.285   -4.856   -4.428   -3.999   -3.572   -3.149   -2.736   -2.336
   -1.954   -1.586   -1.229   -0.874   -0.507   -0.114    0.321    0.818
    1.382    2.016    2.713    3.471    4.242    5.003    5.690
CT2020:280           -7.434   -7.133   -6.742   -6.326   -5.893   -5.461
   -5.034   -4.611   -4.188   -3.761   -3.328   -2.890   -2.452   -2.020
   -1.602   -1.199   -0.812   -0.438   -0.064    0.323    0.740    1.209
    1.737    2.331    2.986    3.702    4.435    5.161    5.819
CT2020:275           -7.450   -7.092   -6.664   -6.219   -5.771   -5.340
   -4.925   -4.521   -4.119   -3.709   -3.285   -2.844   -2.389   -1.926
   -1.468   -1.021   -0.592   -0.183    0.213    0.608    1.016    1.460
    1.949    2.492    3.088    3.734    4.389    5.032    5.596
CT2020:270           -7.276   -6.893   -6.454   -6.007   -5.568   -5.161
   -4.781   -4.418   -4.061   -3.691   -3.295   -2.867   -2.407   -1.919
   -1.418   -0.918   -0.433    0.029    0.470    0.898    1.326    1.773
    2.254    2.779    3.348    3.962    4.585    5.195    5.728
CT2020:265           -7.195   -6.773   -6.314   -5.857   -5.424   -5.041
   -4.697   -4.381   -4.075   -3.753   -3.396   -2.991   -2.534   -2.026
   -1.487   -0.936   -0.391    0.131    0.627    1.100    1.561    2.025
    2.510    3.027    3.579    4.168    4.763    5.344    5.849
CT2020:260           -7.032   -6.587   -6.120   -5.665   -5.246   -4.893
   -4.590   -4.325   -4.073   -3.804   -3.491   -3.117   -2.674   -2.159
   -1.593   -1.001   -0.403    0.176    0.727    1.249    1.749    2.239
    2.737    3.255    3.798    4.368    4.938    5.492    5.968
CT2020:255           -6.882   -6.410   -5.933   -5.474   -5.064   -4.735
   -4.465   -4.240   -4.034   -3.810   -3.538   -3.195   -2.771   -2.258
   -1.678   -1.058   -0.420    0.206    0.808    1.378    1.922    2.446
    2.970    3.504    4.056    4.627    5.195    5.747    6.226
CT2020:250           -6.733   -6.236   -5.746   -5.281   -4.874   -4.558
   -4.309   -4.111   -3.937   -3.747   -3.508   -3.194   -2.793   -2.294
   -1.717   -1.089   -0.433    0.220    0.854    1.459    2.035    2.587
    3.131    3.676    4.229    4.791    5.342    5.873    6.326
CT2020:245           -6.496   -5.986   -5.490   -5.021   -4.615   -4.305
   -4.066   -3.881   -3.723   -3.554   -3.336   -3.047   -2.670   -2.193
   -1.633   -1.016   -0.361    0.302    0.954    1.584    2.190    2.774
    3.346    3.916    4.490    5.067    5.632    6.178    6.650
CT2020:240           -6.358   -5.819   -5.299   -4.810   -4.387   -4.063
   -3.812   -3.619   -3.457   -3.290   -3.083   -2.810   -2.458   -2.011
   -1.482   -0.894   -0.262    0.388    1.036    1.672    2.289    2.887
    3.473    4.053    4.629    5.200    5.753    6.281    6.730
CT2020:235           -6.090   -5.540   -5.007   -4.503   -4.063   -3.720
   -3.450   -3.238   -3.062   -2.887   -2.683   -2.424   -2.096   -1.683
   -1.194   -0.644   -0.047    0.579    1.214    1.848    2.474    3.088
    3.695    4.296    4.894    5.486    6.059    6.611    7.092
CT2020:230           -5.958   -5.374   -4.806   -4.266   -3.789   -3.408
   -3.100   -2.853   -2.646   -2.453   -2.243   -1.993   -1.689   -1.312
   -0.868   -0.366    0.185    0.773    1.379    1.995    2.611    3.222
    3.828    4.428    5.022    5.605    6.165    6.701    7.160
CT2020:225           -5.807   -5.191   -4.586   -4.007   -3.488   -3.061
   -2.707   -2.418   -2.176   -1.959   -1.739   -1.496   -1.214   -0.874
   -0.475   -0.022    0.483    1.029    1.603    2.194    2.794    3.396
    3.996    4.593    5.183    5.760    6.314    6.842    7.294
CT2020:220           -5.681   -5.029   -4.381   -3.756   -3.188   -2.709
   -2.304   -1.967   -1.685   -1.442   -1.211   -0.973   -0.710   -0.403
   -0.046    0.362    0.821    1.326    1.864    2.425    3.000    3.582
    4.164    4.744    5.318    5.878    6.413    6.922    7.354
CT2020:215           -5.563   -4.876   -4.186   -3.515   -2.895   -2.362
   -1.905   -1.519   -1.197   -0.927   -0.684   -0.448   -0.201    0.078
    0.399    0.768    1.188    1.655    2.156    2.683    3.225    3.776
    4.328    4.878    5.423    5.955    6.460    6.939    7.340
CT2020:210           -5.450   -4.727   -3.993   -3.275   -2.603   -2.016
   -1.506   -1.073   -0.712   -0.415   -0.157    0.080    0.318    0.578
    0.875    1.215    1.605    2.041    2.509    3.002    3.508    4.022
    4.538    5.054    5.567    6.070    6.551    7.008    7.390
CT2020:205           -5.294   -4.549   -3.781   -3.025   -2.310   -1.677
   -1.121   -0.646   -0.249    0.072    0.344    0.587    0.822    1.072
    1.355    1.679    2.047    2.457    2.894    3.350    3.814    4.282
    4.751    5.222    5.694    6.162    6.613    7.042    7.402
CT2020:200           -5.201   -4.426   -3.620   -2.824   -2.064   -1.385
   -0.784   -0.269    0.161    0.510    0.801    1.056    1.298    1.551
    1.833    2.152    2.510    2.901    3.311    3.729    4.148    4.564
    4.982    5.404    5.831    6.264    6.686    7.091    7.437
CT2020:195           -5.049   -4.260   -3.432   -2.609   -1.819   -1.107
   -0.475    0.071    0.529    0.900    1.210    1.482    1.739    2.005
    2.297    2.621    2.976    3.352    3.734    4.113    4.483    4.844
    5.205    5.573    5.954    6.349    6.743    7.127    7.460
CT2020:190           -4.985   -4.174   -3.320   -2.470   -1.650   -0.909
   -0.247    0.325    0.808    1.203    1.536    1.831    2.112    2.401
    2.713    3.051    3.410    3.775    4.133    4.474    4.794    5.099
    5.403    5.718    6.053    6.414    6.784    7.148    7.473
CT2020:185           -4.934   -4.108   -3.236   -2.368   -1.528   -0.768
   -0.088    0.503    1.004    1.419    1.775    2.095    2.403    2.720
    3.057    3.412    3.777    4.133    4.466    4.768    5.040    5.289
    5.538    5.803    6.094    6.421    6.765    7.108    7.419
CT2020:180           -4.903   -4.066   -3.184   -2.304   -1.454   -0.684
    0.006    0.606    1.119    1.549    1.924    2.269    2.605    2.951
    3.313    3.687    4.059    4.407    4.719    4.988    5.218    5.423
    5.629    5.856    6.117    6.424    6.756    7.093    7.405
CT2020:175           -4.947   -4.095   -3.202   -2.314   -1.458   -0.683
    0.010    0.614    1.132    1.572    1.961    2.325    2.684    3.054
    3.437    3.824    4.199    4.537    4.829    5.071    5.268    5.439
    5.614    5.814    6.052    6.344    6.666    6.995    7.301
CT2020:170           -4.952   -4.101   -3.212   -2.329   -1.480   -0.714
   -0.030    0.567    1.081    1.520    1.914    2.287    2.658    3.039
    3.432    3.823    4.196    4.526    4.804    5.028    5.209    5.366
    5.531    5.726    5.964    6.263    6.594    6.935    7.256
CT2020:165           -4.909   -4.076   -3.205   -2.342   -1.513   -0.768
   -0.104    0.474    0.972    1.399    1.785    2.153    2.520    2.898
    3.285    3.669    4.032    4.352    4.622    4.842    5.023    5.187
    5.363    5.573    5.832    6.153    6.509    6.876    7.220
CT2020:160           -4.949   -4.126   -3.272   -2.426   -1.619   -0.897
   -0.256    0.299    0.775    1.182    1.550    1.899    2.247    2.605
    2.971    3.335    3.682    3.991    4.259    4.486    4.683    4.872
    5.080    5.326    5.622    5.980    6.372    6.772    7.144
CT2020:155           -4.882   -4.093   -3.275   -2.465   -1.694   -1.009
   -0.405    0.114    0.556    0.930    1.264    1.579    1.890    2.210
    2.540    2.871    3.194    3.492    3.764    4.010    4.241    4.476
    4.737    5.040    5.395    5.810    6.255    6.705    7.119
CT2020:150           -4.947   -4.176   -3.381   -2.598   -1.858   -1.206
   -0.637   -0.153    0.251    0.585    0.876    1.145    1.407    1.677
    1.958    2.247    2.540    2.827    3.106    3.379    3.655    3.951
    4.280    4.656    5.081    5.563    6.067    6.569    7.021
CT2020:145           -5.002   -4.252   -3.485   -2.733   -2.027   -1.412
   -0.883   -0.442   -0.083    0.201    0.439    0.649    0.850    1.057
    1.278    1.518    1.776    2.051    2.342    2.651    2.984    3.353
    3.767    4.229    4.740    5.299    5.870    6.432    6.925
CT2020:140           -5.082   -4.353   -3.614   -2.892   -2.220   -1.644
   -1.158   -0.763   -0.455   -0.228   -0.053    0.089    0.217    0.350
    0.504    0.687    0.908    1.172    1.479    1.830    2.230    2.687
    3.197    3.759    4.366    5.012    5.657    6.284    6.820
CT2020:135           -5.211   -4.494   -3.775   -3.078   -2.436   -1.897
   -1.452   -1.105   -0.852   -0.687   -0.583   -0.519   -0.473   -0.422
   -0.343   -0.222   -0.040    0.215    0.543    0.945    1.421    1.975
    2.591    3.260    3.970    4.705    5.424    6.112    6.686
CT2020:130           -5.300   -4.603   -3.910   -3.241   -2.632   -2.131
   -1.731   -1.435   -1.241   -1.146   -1.121   -1.144   -1.190   -1.230
   -1.233   -1.177   -1.035   -0.784   -0.428    0.034    0.598    1.259
    1.991    2.777    3.596    4.425    5.221    5.975    6.589
CT2020:125           -5.433   -4.747   -4.071   -3.422   -2.839   -2.370
   -2.009   -1.762   -1.626   -1.603   -1.661   -1.776   -1.920   -2.057
   -2.146   -2.156   -2.051   -1.799   -1.408   -0.877   -0.218    0.557
    1.409    2.311    3.236    4.154    5.020    5.832    6.477
CT2020:120           -5.523   -4.854   -4.198   -3.571   -3.012   -2.574
   -2.249   -2.048   -1.970   -2.018   -2.161   -2.372   -2.617   -2.852
   -3.027   -3.101   -3.027   -2.769   -2.334   -1.728   -0.969   -0.078
    0.892    1.907    2.934    3.934    4.865    5.730    6.404
CT2020:115           -5.609   -4.954   -4.313   -3.703   -3.162   -2.747
   -2.452   -2.289   -2.261   -2.374   -2.596   -2.896   -3.236   -3.564
   -3.817   -3.948   -3.899   -3.626   -3.144   -2.461   -1.604   -0.604
    0.475    1.590    2.706    3.774    4.758    5.665    6.363
CT2020:110           -5.697   -5.055   -4.424   -3.824   -3.293   -2.892
   -2.616   -2.480   -2.488   -2.652   -2.938   -3.312   -3.731   -4.135
   -4.452   -4.626   -4.591   -4.301   -3.772   -3.020   -2.079   -0.988
    0.178    1.371    2.551    3.667    4.685    5.617    6.325
CT2020:105           -5.736   -5.112   -4.493   -3.902   -3.379   -2.984
   -2.717   -2.594   -2.624   -2.819   -3.145   -3.568   -4.041   -4.495
   -4.852   -5.050   -5.019   -4.709   -4.141   -3.337   -2.335   -1.184
    0.037    1.275    2.489    3.625    4.652    5.589    6.290
CT2020:100           -5.822   -5.205   -4.585   -3.991   -3.461   -3.058
   -2.783   -2.653   -2.680   -2.878   -3.213   -3.648   -4.136   -4.603
   -4.968   -5.166   -5.125   -4.794   -4.201   -3.368   -2.338   -1.164
    0.073    1.320    2.535    3.664    4.681    5.605    6.293
CT2020:095           -5.924   -5.308   -4.681   -4.076   -3.531   -3.107
   -2.807   -2.651   -2.650   -2.820   -3.126   -3.534   -3.994   -4.433
   -4.770   -4.942   -4.879   -4.532   -3.932   -3.100   -2.082   -0.931
    0.275    1.486    2.661    3.750    4.726    5.610    6.263
CT2020:090           -6.005   -5.390   -4.755   -4.135   -3.568   -3.114
   -2.778   -2.578   -2.525   -2.636   -2.878   -3.217   -3.605   -3.974
   -4.248   -4.369   -4.271   -3.914   -3.324   -2.524   -1.557   -0.470
    0.665    1.802    2.905    3.928    4.846    5.680    6.296
CT2020:085           -6.113   -5.493   -4.841   -4.199   -3.601   -3.105
   -2.717   -2.454   -2.327   -2.350   -2.492   -2.723   -3.000   -3.262
   -3.441   -3.487   -3.346   -2.981   -2.419   -1.677   -0.792    0.194
    1.223    2.255    3.261    4.199    5.048    5.823    6.405
CT2020:080           -6.202   -5.581   -4.913   -4.250   -3.619   -3.076
   -2.628   -2.290   -2.072   -1.985   -2.002   -2.097   -2.232   -2.359
   -2.421   -2.379   -2.189   -1.824   -1.303   -0.642    0.132    0.987
    1.878    2.775    3.655    4.484    5.242    5.937    6.466
CT2020:075           -6.208   -5.600   -4.927   -4.248   -3.589   -3.000
   -2.490   -2.073   -1.754   -1.544   -1.420   -1.359   -1.335   -1.309
   -1.241   -1.101   -0.859   -0.495   -0.023    0.548    1.198    1.909
    2.650    3.403    4.150    4.869    5.538    6.162    6.655
CT2020:070           -6.300   -5.693   -5.005   -4.303   -3.609   -2.968
   -2.390   -1.885   -1.458   -1.116   -0.840   -0.615   -0.422   -0.237
   -0.034    0.205    0.500    0.859    1.278    1.751    2.269    2.825
    3.406    4.001    4.602    5.195    5.759    6.292    6.726
CT2020:065           -6.350   -5.752   -5.056   -4.338   -3.614   -2.927
   -2.285   -1.697   -1.165   -0.694   -0.271    0.115    0.473    0.814
    1.149    1.486    1.831    2.187    2.554    2.932    3.323    3.729
    4.152    4.593    5.050    5.519    5.978    6.421    6.796
CT2020:060           -6.448   -5.855   -5.149   -4.414   -3.663   -2.931
   -2.229   -1.563   -0.933   -0.341    0.222    0.758    1.271    1.758
    2.217    2.647    3.042    3.397    3.719    4.013    4.288    4.557
    4.836    5.136    5.461    5.815    6.179    6.538    6.859
CT2020:055           -6.571   -5.981   -5.267   -4.519   -3.744   -2.975
   -2.221   -1.487   -0.772   -0.074    0.609    1.278    1.926    2.543
    3.112    3.626    4.067    4.425    4.711    4.933    5.109    5.259
    5.412    5.585    5.790    6.039    6.311    6.590    6.853
CT2020:050           -6.676   -6.098   -5.386   -4.634   -3.846   -3.050
   -2.258   -1.472   -0.688    0.095    0.878    1.655    2.417    3.141
    3.805    4.391    4.876    5.242    5.504    5.674    5.774    5.833
    5.888    5.964    6.076    6.243    6.447    6.666    6.891
CT2020:045           -6.792   -6.229   -5.524   -4.774   -3.981   -3.170
   -2.352   -1.528   -0.695    0.153    1.010    1.871    2.718    3.526
    4.263    4.907    5.429    5.806    6.056    6.193    6.243    6.239
    6.225    6.232    6.279    6.387    6.542    6.719    6.918
CT2020:040           -6.905   -6.364   -5.674   -4.935   -4.148   -3.333
   -2.503   -1.656   -0.790    0.100    1.009    1.925    2.831    3.695
    4.482    5.165    5.714    6.102    6.350    6.472    6.497    6.460
    6.409    6.377    6.386    6.460    6.585    6.736    6.919
CT2020:035           -7.042   -6.522   -5.852   -5.130   -4.355   -3.546
   -2.713   -1.856   -0.973   -0.056    0.883    1.832    2.770    3.664
    4.475    5.178    5.739    6.136    6.389    6.513    6.538    6.498
    6.443    6.406    6.408    6.476    6.596    6.745    6.930
CT2020:030           -7.161   -6.672   -6.031   -5.337   -4.586   -3.793
   -2.970   -2.114   -1.225   -0.297    0.655    1.617    2.564    3.461
    4.271    4.970    5.529    5.927    6.186    6.323    6.366    6.349
    6.317    6.301    6.323    6.405    6.537    6.696    6.889
CT2020:025           -7.311   -6.851   -6.242   -5.580   -4.859   -4.089
   -3.283   -2.436   -1.548   -0.618    0.337    1.297    2.236    3.116
    3.904    4.579    5.118    5.507    5.772    5.929    6.005    6.030
    6.045    6.075    6.139    6.257    6.417    6.601    6.811
CT2020:020           -7.432   -7.009   -6.441   -5.820   -5.139   -4.403
   -3.623   -2.793   -1.915   -0.989   -0.038    0.911    1.831    2.680
    3.429    4.064    4.569    4.941    5.206    5.386    5.504    5.588
    5.667    5.763    5.889    6.061    6.268    6.492    6.732
CT2020:015           -7.565   -7.179   -6.654   -6.079   -5.443   -4.747
   -3.999   -3.193   -2.329   -1.412   -0.471    0.464    1.359    2.171
    2.873    3.460    3.923    4.269    4.532    4.734    4.898    5.046
    5.201    5.376    5.578    5.818    6.085    6.362    6.640
CT2020:010           -7.680   -7.334   -6.857   -6.332   -5.748   -5.101
   -4.393   -3.618   -2.776   -1.874   -0.945   -0.028    0.841    1.615
    2.271    2.808    3.227    3.546    3.803    4.024    4.232    4.447
    4.681    4.939    5.223    5.539    5.872    6.209    6.532
CT2020:005           -7.789   -7.481   -7.053   -6.580   -6.051   -5.456
   -4.796   -4.061   -3.249   -2.367   -1.457   -0.558    0.286    1.028
    1.643    2.138    2.520    2.815    3.069    3.310    3.561    3.842
    4.155    4.500    4.874    5.277    5.690    6.102    6.489
CT2021:360           -7.888   -7.617   -7.238   -6.816   -6.344   -5.807
   -5.200   -4.512   -3.740   -2.890   -2.004   -1.128   -0.307    0.406
    0.991    1.453    1.807    2.086    2.339    2.598    2.887    3.225
    3.608    4.031    4.485    4.965    5.450    5.928    6.367
