CT2002:360           -5.470   -4.966   -4.417   -3.858   -3.298   -2.761
   -2.256   -1.794   -1.381   -1.022   -0.703   -0.408   -0.114    0.208
    0.585    1.034    1.572    2.205    2.914    3.682    4.489    5.307
    6.109    6.872    7.577    8.182    8.671    9.067    9.231
CT2002:355           -5.512   -5.029   -4.512   -3.992   -3.481   -3.007
   -2.578   -2.202   -1.884   -1.627   -1.411   -1.216   -1.017   -0.778
   -0.472   -0.081    0.415    1.022    1.721    2.498    3.332    4.196
    5.060    5.900    6.694    7.398    7.992    8.496    8.772
CT2002:350           -5.562   -5.098   -4.615   -4.135   -3.676   -3.269
   -2.918   -2.631   -2.410   -2.254   -2.138   -2.039   -1.926   -1.764
   -1.522   -1.183   -0.726   -0.143    0.547    1.331    2.188    3.095
    4.019    4.932    5.811    6.612    7.308    7.916    8.302
CT2002:345           -5.541   -5.113   -4.675   -4.247   -3.848   -3.515
   -3.247   -3.052   -2.929   -2.872   -2.852   -2.841   -2.810   -2.717
   -2.533   -2.243   -1.823   -1.266   -0.589    0.196    1.069    2.009
    2.982    3.957    4.909    5.792    6.574    7.272    7.747
CT2002:340           -5.596   -5.189   -4.784   -4.396   -4.050   -3.781
   -3.588   -3.475   -3.439   -3.469   -3.533   -3.599   -3.635   -3.601
   -3.467   -3.219   -2.834   -2.302   -1.641   -0.860    0.024    0.993
    2.009    3.042    4.065    5.030    5.903    6.696    7.277
CT2002:335           -5.495   -5.139   -4.789   -4.460   -4.177   -3.979
   -3.862   -3.829   -3.873   -3.982   -4.118   -4.251   -4.347   -4.365
   -4.278   -4.072   -3.726   -3.226   -2.590   -1.826   -0.947    0.033
    1.073    2.144    3.216    4.242    5.181    6.044    6.699
CT2002:330           -5.549   -5.211   -4.890   -4.594   -4.353   -4.205
   -4.143   -4.167   -4.268   -4.431   -4.618   -4.797   -4.936   -4.993
   -4.945   -4.779   -4.471   -4.009   -3.406   -2.667   -1.802   -0.822
    0.233    1.335    2.451    3.537    4.549    5.491    6.241
CT2002:325           -5.485   -5.185   -4.906   -4.653   -4.457   -4.356
   -4.340   -4.409   -4.553   -4.753   -4.975   -5.186   -5.355   -5.446
   -5.434   -5.307   -5.044   -4.628   -4.070   -3.370   -2.535   -1.571
   -0.517    0.599    1.744    2.877    3.949    4.962    5.801
CT2002:320           -5.531   -5.245   -4.986   -4.756   -4.586   -4.511
   -4.521   -4.612   -4.774   -4.989   -5.224   -5.449   -5.636   -5.751
   -5.772   -5.686   -5.472   -5.110   -4.606   -3.957   -3.167   -2.234
   -1.197   -0.082    1.078    2.246    3.370    4.444    5.367
CT2002:315           -5.555   -5.283   -5.040   -4.828   -4.677   -4.619
   -4.641   -4.740   -4.904   -5.119   -5.352   -5.579   -5.774   -5.908
   -5.959   -5.916   -5.753   -5.448   -5.004   -4.412   -3.672   -2.776
   -1.761   -0.651    0.524    1.732    2.915    4.065    5.096
CT2002:310           -5.591   -5.327   -5.096   -4.895   -4.754   -4.704
   -4.728   -4.824   -4.981   -5.185   -5.410   -5.633   -5.835   -5.987
   -6.071   -6.072   -5.965   -5.723   -5.344   -4.818   -4.136   -3.290
   -2.311   -1.221   -0.051    1.174    2.393    3.591    4.694
CT2002:305           -5.648   -5.384   -5.155   -4.958   -4.820   -4.769
   -4.790   -4.877   -5.022   -5.213   -5.428   -5.648   -5.857   -6.030
   -6.148   -6.194   -6.141   -5.959   -5.643   -5.177   -4.551   -3.750
   -2.804   -1.733   -0.565    0.679    1.937    3.187    4.372
CT2002:300           -5.672   -5.412   -5.188   -4.994   -4.860   -4.810
   -4.828   -4.910   -5.048   -5.234   -5.447   -5.674   -5.898   -6.099
   -6.256   -6.349   -6.349   -6.224   -5.964   -5.552   -4.974   -4.213
   -3.296   -2.242   -1.078    0.180    1.468    2.760    4.011
CT2002:295           -5.681   -5.426   -5.206   -5.016   -4.886   -4.839
   -4.860   -4.945   -5.087   -5.280   -5.506   -5.753   -6.005   -6.245
   -6.447   -6.589   -6.641   -6.566   -6.353   -5.983   -5.441   -4.709
   -3.813   -2.772   -1.611   -0.344    0.963    2.283    3.576
CT2002:290           -5.694   -5.440   -5.221   -5.033   -4.906   -4.866
   -4.896   -4.993   -5.151   -5.366   -5.621   -5.904   -6.199   -6.487
   -6.740   -6.933   -7.031   -6.996   -6.814   -6.467   -5.940   -5.215
   -4.318   -3.270   -2.095   -0.803    0.541    1.903    3.258
CT2002:285           -5.666   -5.419   -5.207   -5.026   -4.908   -4.882
   -4.930   -5.052   -5.241   -5.496   -5.797   -6.133   -6.487   -6.835
   -7.147   -7.393   -7.536   -7.533   -7.371   -7.033   -6.505   -5.770
   -4.858   -3.791   -2.594   -1.276    0.099    1.496    2.896
CT2002:280           -5.669   -5.422   -5.210   -5.032   -4.921   -4.909
   -4.980   -5.134   -5.364   -5.670   -6.031   -6.432   -6.855   -7.272
   -7.647   -7.948   -8.131   -8.152   -7.999   -7.654   -7.107   -6.343
   -5.397   -4.293   -3.057   -1.698   -0.280    1.166    2.623
CT2002:275           -5.728   -5.469   -5.250   -5.068   -4.960   -4.961
   -5.056   -5.243   -5.519   -5.881   -6.308   -6.781   -7.278   -7.768
   -8.209   -8.565   -8.789   -8.830   -8.679   -8.319   -7.744   -6.940
   -5.951   -4.801   -3.520   -2.116   -0.652    0.839    2.348
CT2002:270           -5.725   -5.464   -5.245   -5.066   -4.966   -4.984
   -5.106   -5.330   -5.654   -6.075   -6.569   -7.115   -7.688   -8.251
   -8.758   -9.170   -9.432   -9.493   -9.343   -8.966   -8.359   -7.513
   -6.475   -5.274   -3.943   -2.490   -0.977    0.564    2.125
CT2002:265           -5.838   -5.554   -5.319   -5.128   -5.023   -5.048
   -5.186   -5.438   -5.799   -6.270   -6.821   -7.430   -8.069   -8.698
   -9.265   -9.728  -10.029  -10.111   -9.967   -9.579   -8.947   -8.064
   -6.983   -5.737   -4.360   -2.864   -1.309    0.274    1.877
CT2002:260           -5.834   -5.548   -5.312   -5.122   -5.021   -5.056
   -5.210   -5.486   -5.880   -6.390   -6.987   -7.647   -8.339   -9.021
   -9.641  -10.150  -10.489  -10.597  -10.464  -10.076   -9.430   -8.520
   -7.406   -6.121   -4.702   -3.163   -1.564    0.062    1.710
CT2002:255           -5.876   -5.579   -5.335   -5.138   -5.032   -5.068
   -5.227   -5.514   -5.923   -6.455   -7.078   -7.768   -8.494   -9.213
   -9.871  -10.420  -10.795  -10.932  -10.823  -10.448   -9.805   -8.888
   -7.756   -6.447   -4.998   -3.425   -1.791   -0.128    1.556
CT2002:250           -5.873   -5.574   -5.328   -5.128   -5.019   -5.053
   -5.212   -5.499   -5.910   -6.446   -7.077   -7.776   -8.515   -9.254
   -9.936  -10.514  -10.922  -11.095  -11.018  -10.672  -10.050   -9.142
   -8.010   -6.691   -5.224   -3.624   -1.960   -0.265    1.452
CT2002:245           -5.852   -5.554   -5.306   -5.103   -4.990   -5.017
   -5.167   -5.445   -5.846   -6.371   -6.990   -7.681   -8.415   -9.155
   -9.847  -10.445  -10.882  -11.092  -11.057  -10.751  -10.165   -9.284
   -8.168   -6.854   -5.381   -3.765   -2.079   -0.360    1.380
CT2002:240           -5.850   -5.550   -5.297   -5.088   -4.966   -4.981
   -5.117   -5.377   -5.756   -6.257   -6.851   -7.518   -8.232   -8.959
   -9.650  -10.258  -10.719  -10.965  -10.973  -10.714  -10.173   -9.330
   -8.240   -6.940   -5.471   -3.846   -2.145   -0.409    1.348
CT2002:235           -5.767   -5.482   -5.235   -5.028   -4.904   -4.911
   -5.033   -5.274   -5.631   -6.104   -6.669   -7.306   -7.994   -8.702
   -9.385   -9.996  -10.476  -10.754  -10.803  -10.591  -10.097   -9.295
   -8.238   -6.960   -5.503   -3.879   -2.176   -0.436    1.323
CT2002:230           -5.763   -5.475   -5.221   -5.006   -4.871   -4.861
   -4.963   -5.180   -5.510   -5.954   -6.487   -7.094   -7.753   -8.439
   -9.108   -9.717  -10.205  -10.505  -10.585  -10.409   -9.953   -9.186
   -8.157   -6.900   -5.454   -3.833   -2.129   -0.387    1.372
CT2002:225           -5.652   -5.382   -5.137   -4.925   -4.787   -4.768
   -4.857   -5.058   -5.367   -5.789   -6.300   -6.884   -7.522   -8.190
   -8.847   -9.449   -9.940  -10.251  -10.348  -10.195   -9.763   -9.020
   -8.013   -6.772   -5.339   -3.727   -2.030   -0.296    1.450
CT2002:220           -5.642   -5.368   -5.113   -4.891   -4.738   -4.701
   -4.770   -4.950   -5.239   -5.641   -6.134   -6.702   -7.325   -7.981
   -8.626   -9.218   -9.702  -10.010  -10.108   -9.958   -9.533   -8.799
   -7.802   -6.571   -5.148   -3.546   -1.862   -0.142    1.584
CT2002:215           -5.617   -5.339   -5.076   -4.841   -4.672   -4.616
   -4.665   -4.825   -5.097   -5.485   -5.967   -6.526   -7.142   -7.789
   -8.425   -9.006   -9.476   -9.767   -9.850   -9.688   -9.253   -8.515
   -7.518   -6.292   -4.879   -3.292   -1.627    0.070    1.765
CT2002:210           -5.600   -5.315   -5.038   -4.788   -4.599   -4.519
   -4.545   -4.683   -4.935   -5.309   -5.782   -6.335   -6.947   -7.589
   -8.215   -8.780   -9.229   -9.495   -9.551   -9.362   -8.906   -8.153
   -7.151   -5.929   -4.528   -2.964   -1.328    0.335    1.986
CT2002:205           -5.661   -5.351   -5.045   -4.764   -4.542   -4.429
   -4.420   -4.527   -4.752   -5.105   -5.563   -6.106   -6.709   -7.341
   -7.951   -8.496   -8.915   -9.147   -9.166   -8.942   -8.458   -7.689
   -6.681   -5.467   -4.084   -2.551   -0.954    0.664    2.262
CT2002:200           -5.636   -5.316   -4.991   -4.687   -4.437   -4.290
   -4.246   -4.317   -4.510   -4.835   -5.270   -5.794   -6.380   -6.993
   -7.579   -8.093   -8.477   -8.667   -8.646   -8.387   -7.877   -7.095
   -6.091   -4.895   -3.545   -2.058   -0.516    1.042    2.571
CT2002:195           -5.710   -5.357   -4.995   -4.652   -4.358   -4.164
   -4.070   -4.092   -4.237   -4.519   -4.914   -5.401   -5.951   -6.527
   -7.074   -7.543   -7.879   -8.022   -7.959   -7.667   -7.137   -6.356
   -5.369   -4.207   -2.906   -1.482   -0.011    1.472    2.920
CT2002:190           -5.678   -5.311   -4.925   -4.551   -4.219   -3.979
   -3.834   -3.802   -3.891   -4.117   -4.457   -4.889   -5.384   -5.902
   -6.389   -6.798   -7.074   -7.165   -7.059   -6.741   -6.205   -5.441
   -4.492   -3.386   -2.155   -0.814    0.568    1.959    3.311
CT2002:185           -5.722   -5.325   -4.900   -4.483   -4.101   -3.803
   -3.596   -3.496   -3.515   -3.666   -3.930   -4.284   -4.698   -5.133
   -5.536   -5.863   -6.065   -6.097   -5.951   -5.616   -5.090   -4.365
   -3.478   -2.453   -1.317   -0.082    1.189    2.467    3.705
CT2002:180           -5.686   -5.272   -4.817   -4.364   -3.937   -3.583
   -3.311   -3.139   -3.077   -3.142   -3.311   -3.565   -3.873   -4.199
   -4.494   -4.720   -4.834   -4.801   -4.617   -4.276   -3.775   -3.109
   -2.307   -1.386   -0.366    0.746    1.893    3.047    4.166
CT2002:175           -5.669   -5.232   -4.742   -4.248   -3.770   -3.353
   -3.010   -2.756   -2.603   -2.564   -2.621   -2.752   -2.930   -3.122
   -3.286   -3.391   -3.406   -3.303   -3.086   -2.748   -2.291   -1.705
   -1.010   -0.214    0.669    1.639    2.646    3.663    4.651
CT2002:170           -5.631   -5.177   -4.654   -4.120   -3.592   -3.112
   -2.693   -2.351   -2.098   -1.943   -1.870   -1.859   -1.886   -1.923
   -1.938   -1.909   -1.815   -1.643   -1.397   -1.075   -0.676   -0.188
    0.382    1.036    1.767    2.583    3.440    4.310    5.161
CT2002:165           -5.641   -5.159   -4.596   -4.015   -3.430   -2.879
   -2.378   -1.940   -1.575   -1.291   -1.073   -0.904   -0.763   -0.631
   -0.484   -0.312   -0.108    0.131    0.399    0.696    1.027    1.405
    1.840    2.341    2.912    3.567    4.269    4.988    5.701
CT2002:160           -5.604   -5.103   -4.508   -3.887   -3.250   -2.631
   -2.047   -1.511   -1.030   -0.611   -0.239    0.097    0.412    0.720
    1.031    1.344    1.655    1.955    2.237    2.502    2.757    3.021
    3.316    3.661    4.069    4.560    5.103    5.668    6.237
CT2002:155           -5.691   -5.151   -4.506   -3.831   -3.130   -2.434
   -1.759   -1.116   -0.512    0.051    0.581    1.088    1.580    2.062
    2.531    2.980    3.390    3.743    4.035    4.266    4.446    4.599
    4.760    4.956    5.208    5.540    5.929    6.343    6.771
CT2002:150           -5.657   -5.101   -4.427   -3.715   -2.964   -2.201
   -1.444   -0.702    0.019    0.718    1.399    2.068    2.726    3.368
    3.981    4.550    5.048    5.446    5.744    5.942    6.056    6.110
    6.151    6.213    6.321    6.505    6.748    7.016    7.304
CT2002:145           -5.673   -5.093   -4.385   -3.632   -2.830   -2.000
   -1.163   -0.325    0.509    1.337    2.160    2.977    3.784    4.568
    5.307    5.979    6.551    6.990    7.296    7.473    7.536    7.514
    7.460    7.413    7.403    7.463    7.580    7.724    7.892
CT2002:140           -5.646   -5.054   -4.322   -3.538   -2.694   -1.808
   -0.900    0.023    0.957    1.898    2.844    3.787    4.719    5.620
    6.460    7.215    7.847    8.320    8.638    8.802    8.832    8.755
    8.629    8.496    8.386    8.335    8.334    8.356    8.398
CT2002:135           -5.581   -4.985   -4.237   -3.431   -2.555   -1.622
   -0.655    0.341    1.359    2.396    3.443    4.490    5.522    6.514
    7.433    8.252    8.933    9.438    9.773    9.942    9.962    9.861
    9.696    9.509    9.333    9.202    9.113    9.043    8.987
CT2002:130           -5.561   -4.956   -4.192   -3.365   -2.459   -1.486
   -0.469    0.588    1.676    2.792    3.921    5.049    6.158    7.218
    8.193    9.059    9.776   10.308   10.665   10.848   10.875   10.768
   10.585   10.366   10.142    9.943    9.771    9.610    9.448
CT2002:125           -5.476   -4.877   -4.109   -3.273   -2.352   -1.352
   -0.299    0.803    1.945    3.121    4.313    5.501    6.665    7.772
    8.785    9.682   10.426   10.982   11.362   11.569   11.617   11.525
   11.347   11.117   10.867   10.621   10.384   10.148    9.890
CT2002:120           -5.461   -4.857   -4.080   -3.233   -2.296   -1.274
   -0.190    0.949    2.134    3.359    4.600    5.835    7.041    8.180
    9.220   10.137   10.900   11.477   11.882   12.117   12.196   12.133
   11.974   11.752   11.494   11.217   10.932   10.635   10.293
CT2002:115           -5.395   -4.798   -4.024   -3.177   -2.235   -1.201
   -0.099    1.064    2.281    3.541    4.819    6.090    7.325    8.487
    9.541   10.471   11.244   11.836   12.262   12.525   12.636   12.604
   12.472   12.264   12.004   11.703   11.371   11.013   10.580
CT2002:110           -5.381   -4.782   -4.004   -3.153   -2.206   -1.163
   -0.047    1.136    2.378    3.668    4.976    6.275    7.535    8.714
    9.780   10.718   11.500   12.105   12.551   12.843   12.989   12.994
   12.896   12.715   12.470   12.163   11.808   11.413   10.918
CT2002:105           -5.448   -4.832   -4.041   -3.179   -2.222   -1.169
   -0.041    1.158    2.421    3.736    5.070    6.393    7.673    8.866
    9.941   10.884   11.672   12.287   12.749   13.064   13.239   13.277
   13.208   13.050   12.816   12.501   12.118   11.681   11.112
CT2002:100           -5.432   -4.815   -4.023   -3.160   -2.203   -1.149
   -0.018    1.188    2.462    3.793    5.145    6.486    7.781    8.985
   10.068   11.017   11.810   12.435   12.914   13.251   13.454   13.525
   13.490   13.360   13.148   12.840   12.448   11.992   11.380
CT2002:095           -5.582   -4.931   -4.115   -3.231   -2.260   -1.195
   -0.054    1.162    2.447    3.791    5.158    6.513    7.820    9.036
   10.126   11.082   11.883   12.519   13.012   13.368   13.596   13.693
   13.684   13.578   13.382   13.077   12.674   12.195   11.536
CT2002:090           -5.568   -4.914   -4.097   -3.212   -2.241   -1.179
   -0.041    1.172    2.456    3.801    5.170    6.529    7.842    9.063
   10.160   11.123   11.934   12.582   13.090   13.465   13.716   13.839
   13.856   13.774   13.598   13.305   12.902   12.416   11.730
CT2002:085           -5.700   -5.015   -4.174   -3.270   -2.285   -1.214
   -0.073    1.141    2.424    3.765    5.132    6.490    7.804    9.029
   10.132   11.104   11.926   12.588   13.113   13.508   13.779   13.924
   13.964   13.903   13.746   13.464   13.065   12.575   11.868
CT2002:080           -5.691   -5.003   -4.159   -3.252   -2.265   -1.197
   -0.062    1.142    2.412    3.739    5.092    6.438    7.743    8.965
   10.070   11.049   11.882   12.558   13.100   13.513   13.804   13.970
   14.031   13.991   13.852   13.584   13.192   12.703   11.986
CT2002:075           -5.825   -5.106   -4.237   -3.309   -2.307   -1.231
   -0.094    1.105    2.362    3.673    5.007    6.336    7.627    8.840
    9.944   10.927   11.771   12.462   13.021   13.453   13.764   13.951
   14.034   14.015   13.896   13.645   13.264   12.783   12.062
CT2002:070           -5.826   -5.105   -4.232   -3.300   -2.296   -1.222
   -0.093    1.091    2.328    3.612    4.917    6.217    7.483    8.678
    9.772   10.753   11.602   12.305   12.880   13.331   13.663   13.873
   13.978   13.982   13.885   13.652   13.286   12.817   12.100
CT2002:065           -5.895   -5.159   -4.274   -3.330   -2.317   -1.241
   -0.117    1.054    2.269    3.523    4.794    6.058    7.292    8.460
    9.537   10.509   11.359   12.071   12.662   13.134   13.491   13.729
   13.863   13.896   13.829   13.624   13.284   12.839   12.141
CT2002:060           -5.913   -5.177   -4.290   -3.346   -2.333   -1.262
   -0.149    1.003    2.191    3.408    4.637    5.857    7.047    8.177
    9.225   10.179   11.021   11.739   12.344   12.837   13.221   13.490
   13.657   13.723   13.687   13.511   13.197   12.775   12.096
CT2002:055           -5.900   -5.174   -4.294   -3.356   -2.350   -1.290
   -0.193    0.935    2.089    3.264    4.443    5.610    6.746    7.828
    8.836    9.763   10.591   11.310   11.928   12.446   12.862   13.168
   13.376   13.482   13.486   13.348   13.069   12.681   12.032
CT2002:050           -5.936   -5.215   -4.340   -3.408   -2.410   -1.362
   -0.284    0.817    1.935    3.063    4.187    5.294    6.369    7.394
    8.354    9.244   10.053   10.769   11.400   11.944   12.397   12.747
   13.001   13.156   13.206   13.111   12.871   12.521   11.907
CT2002:045           -5.964   -5.257   -4.396   -3.477   -2.495   -1.467
   -0.415    0.653    1.729    2.803    3.865    4.903    5.909    6.868
    7.771    8.618    9.401   10.111   10.753   11.323   11.815   12.211
   12.516   12.720   12.817   12.764   12.563   12.246   11.658
CT2002:040           -6.019   -5.324   -4.476   -3.572   -2.608   -1.604
   -0.583    0.447    1.475    2.490    3.485    4.450    5.380    6.268
    7.110    7.910    8.665    9.369   10.025   10.625   11.160   11.612
   11.975   12.240   12.397   12.402   12.255   11.991   11.454
CT2002:035           -6.018   -5.351   -4.531   -3.656   -2.722   -1.753
   -0.771    0.211    1.182    2.132    3.051    3.937    4.786    5.598
    6.376    7.126    7.851    8.548    9.217    9.849   10.431   10.941
   11.370   11.702   11.928   12.000   11.919   11.721   11.250
CT2002:030           -6.095   -5.444   -4.646   -3.796   -2.891   -1.957
   -1.017   -0.085    0.828    1.708    2.551    3.354    4.120    4.854
    5.564    6.263    6.957    7.646    8.327    8.990    9.618   10.187
   10.680   11.081   11.376   11.517   11.504   11.374   10.968
CT2002:025           -6.034   -5.430   -4.677   -3.873   -3.015   -2.131
   -1.245   -0.373    0.471    1.275    2.034    2.750    3.429    4.083
    4.725    5.373    6.035    6.717    7.411    8.106    8.783    9.415
    9.981   10.461   10.840   11.069   11.148   11.112   10.808
CT2002:020           -6.127   -5.545   -4.821   -4.049   -3.228   -2.388
   -1.553   -0.740    0.038    0.765    1.441    2.071    2.665    3.239
    3.814    4.409    5.039    5.709    6.412    7.133    7.853    8.540
    9.171    9.723   10.177   10.484   10.641   10.685   10.461
CT2002:015           -6.156   -5.613   -4.930   -4.202   -3.428   -2.641
   -1.865   -1.117   -0.412    0.234    0.824    1.366    1.874    2.369
    2.878    3.421    4.018    4.677    5.386    6.132    6.892    7.635
    8.333    8.960    9.496    9.891   10.138   10.274   10.148
CT2002:010           -6.258   -5.741   -5.093   -4.402   -3.673   -2.938
   -2.222   -1.542   -0.912   -0.348    0.156    0.610    1.034    1.454
    1.899    2.392    2.957    3.603    4.316    5.083    5.879    6.673
    7.433    8.132    8.746    9.224    9.559    9.783    9.747
CT2002:005           -6.364   -5.875   -5.264   -4.614   -3.933   -3.255
   -2.604   -1.996   -1.447   -0.969   -0.554   -0.186    0.157    0.504
    0.890    1.338    1.873    2.506    3.223    4.008    4.839    5.683
    6.506    7.277    7.972    8.539    8.967    9.287    9.352
CT2003:360           -6.471   -6.010   -5.437   -4.831   -4.201   -3.585
   -3.004   -2.476   -2.012   -1.625   -1.299   -1.017   -0.754   -0.473
   -0.142    0.264    0.772    1.393    2.112    2.915    3.777    4.668
    5.549    6.389    7.163    7.816    8.335    8.748    8.911
