CT2026:360           -4.518   -3.618   -2.638   -1.642   -0.643    0.320
    1.234    2.080    2.842    3.494    4.038    4.472    4.806    5.048
    5.227    5.373    5.512    5.668    5.851    6.069    6.320    6.599
    6.892    7.190    7.483    7.757    8.004    8.227    8.382
CT2026:355           -4.878   -3.998   -3.046   -2.081   -1.117   -0.191
    0.685    1.494    2.222    2.843    3.359    3.771    4.087    4.317
    4.489    4.635    4.780    4.950    5.157    5.408    5.701    6.033
    6.387    6.750    7.109    7.447    7.749    8.019    8.201
CT2026:350           -5.084   -4.263   -3.371   -2.466   -1.561   -0.692
    0.129    0.886    1.566    2.147    2.629    3.015    3.313    3.532
    3.703    3.854    4.013    4.206    4.444    4.735    5.078    5.469
    5.889    6.324    6.758    7.170    7.541    7.876    8.106
CT2026:345           -5.585   -4.777   -3.915   -3.044   -2.180   -1.356
   -0.580    0.134    0.772    1.317    1.770    2.135    2.420    2.637
    2.813    2.978    3.158    3.378    3.651    3.984    4.375    4.820
    5.299    5.795    6.292    6.764    7.187    7.566    7.820
CT2026:340           -5.826   -5.088   -4.297   -3.498   -2.704   -1.947
   -1.236   -0.582    0.004    0.504    0.924    1.265    1.538    1.754
    1.940    2.123    2.330    2.585    2.899    3.278    3.722    4.226
    4.770    5.336    5.905    6.451    6.945    7.391    7.700
CT2026:335           -6.244   -5.551   -4.814   -4.071   -3.335   -2.637
   -1.981   -1.380   -0.840   -0.377    0.015    0.340    0.607    0.828
    1.030    1.236    1.472    1.762    2.115    2.538    3.029    3.585
    4.184    4.806    5.434    6.036    6.581    7.072    7.409
CT2026:330           -6.515   -5.898   -5.237   -4.569   -3.906   -3.276
   -2.682   -2.136   -1.643   -1.216   -0.849   -0.538   -0.273   -0.042
    0.178    0.409    0.677    1.004    1.397    1.864    2.403    3.011
    3.667    4.351    5.043    5.712    6.323    6.878    7.270
CT2026:325           -6.754   -6.221   -5.643   -5.055   -4.468   -3.905
   -3.371   -2.876   -2.424   -2.026   -1.677   -1.373   -1.105   -0.861
   -0.620   -0.361   -0.063    0.297    0.727    1.233    1.815    2.471
    3.178    3.918    4.670    5.402    6.077    6.693    7.141
CT2026:320           -7.045   -6.589   -6.085   -5.569   -5.049   -4.544
   -4.060   -3.605   -3.183   -2.803   -2.462   -2.156   -1.877   -1.616
   -1.352   -1.069   -0.743   -0.354    0.107    0.645    1.263    1.958
    2.710    3.498    4.302    5.090    5.820    6.492    6.990
CT2026:315           -7.256   -6.890   -6.468   -6.031   -5.580   -5.133
   -4.695   -4.273   -3.874   -3.504   -3.162   -2.848   -2.554   -2.272
   -1.986   -1.678   -1.328   -0.914   -0.428    0.138    0.786    1.517
    2.309    3.142    3.996    4.839    5.626    6.358    6.916
CT2026:310           -7.553   -7.258   -6.904   -6.529   -6.135   -5.731
   -5.326   -4.926   -4.536   -4.164   -3.812   -3.480   -3.165   -2.860
   -2.550   -2.220   -1.848   -1.414   -0.909   -0.323    0.347    1.103
    1.923    2.789    3.678    4.560    5.390    6.163    6.763
CT2026:305           -7.726   -7.511   -7.231   -6.926   -6.593   -6.235
   -5.864   -5.485   -5.104   -4.727   -4.363   -4.012   -3.675   -3.347
   -3.015   -2.664   -2.274   -1.825   -1.306   -0.707   -0.023    0.748
    1.587    2.476    3.392    4.307    5.174    5.988    6.635
CT2026:300           -8.012   -7.860   -7.637   -7.383   -7.093   -6.766
   -6.414   -6.042   -5.656   -5.266   -4.880   -4.503   -4.137   -3.779
   -3.419   -3.043   -2.632   -2.165   -1.631   -1.020   -0.326    0.456
    1.307    2.210    3.143    4.080    4.972    5.814    6.491
CT2026:295           -8.191   -8.112   -7.949   -7.750   -7.504   -7.207
   -6.874   -6.510   -6.121   -5.716   -5.309   -4.905   -4.509   -4.119
   -3.727   -3.321   -2.883   -2.393   -1.841   -1.216   -0.510    0.284
    1.147    2.067    3.022    3.989    4.920    5.806    6.541
CT2026:290           -8.452   -8.423   -8.303   -8.142   -7.926   -7.649
   -7.326   -6.963   -6.567   -6.147   -5.717   -5.285   -4.857   -4.433
   -4.006   -3.567   -3.100   -2.588   -2.020   -1.384   -0.674    0.119
    0.980    1.897    2.852    3.823    4.762    5.661    6.414
CT2026:285           -8.609   -8.637   -8.562   -8.440   -8.255   -7.998
   -7.688   -7.329   -6.929   -6.497   -6.048   -5.591   -5.133   -4.673
   -4.209   -3.733   -3.232   -2.692   -2.102   -1.453   -0.737    0.057
    0.917    1.834    2.793    3.775    4.734    5.658    6.452
CT2026:280           -8.828   -8.893   -8.845   -8.746   -8.578   -8.331
   -8.026   -7.666   -7.261   -6.818   -6.351   -5.871   -5.384   -4.890
   -4.389   -3.876   -3.341   -2.773   -2.164   -1.504   -0.787    0.000
    0.849    1.752    2.698    3.671    4.626    5.549    6.351
CT2026:275           -8.906   -9.021   -9.008   -8.937   -8.790   -8.556
   -8.259   -7.903   -7.497   -7.048   -6.570   -6.072   -5.560   -5.036
   -4.500   -3.951   -3.382   -2.785   -2.154   -1.482   -0.759    0.026
    0.868    1.764    2.704    3.677    4.641    5.579    6.411
CT2026:270           -9.075   -9.210   -9.207   -9.143   -8.997   -8.762
   -8.462   -8.102   -7.691   -7.234   -6.745   -6.232   -5.700   -5.150
   -4.586   -4.007   -3.409   -2.788   -2.140   -1.458   -0.734    0.042
    0.870    1.749    2.672    3.629    4.580    5.509    6.339
CT2026:265           -9.001   -9.188   -9.217   -9.177   -9.046   -8.818
   -8.521   -8.163   -7.753   -7.294   -6.800   -6.280   -5.736   -5.169
   -4.584   -3.982   -3.362   -2.721   -2.056   -1.363   -0.634    0.143
    0.969    1.844    2.763    3.722    4.684    5.630    6.494
CT2026:260           -9.112   -9.302   -9.325   -9.274   -9.127   -8.882
   -8.570   -8.198   -7.776   -7.308   -6.807   -6.279   -5.728   -5.152
   -4.556   -3.944   -3.312   -2.661   -1.990   -1.293   -0.565    0.205
    1.020    1.880    2.781    3.722    4.667    5.598    6.454
CT2026:255           -9.040   -9.258   -9.288   -9.238   -9.083   -8.825
   -8.498   -8.113   -7.679   -7.204   -6.698   -6.168   -5.617   -5.042
   -4.449   -3.838   -3.207   -2.556   -1.885   -1.189   -0.463    0.302
    1.108    1.956    2.845    3.771    4.703    5.624    6.476
CT2026:250           -9.091   -9.299   -9.306   -9.228   -9.040   -8.748
   -8.389   -7.974   -7.516   -7.023   -6.508   -5.974   -5.426   -4.860
   -4.279   -3.681   -3.063   -2.424   -1.761   -1.072   -0.353    0.404
    1.200    2.035    2.907    3.815    4.728    5.630    6.468
CT2026:245           -9.126   -9.317   -9.294   -9.182   -8.955   -8.620
   -8.219   -7.766   -7.276   -6.760   -6.231   -5.695   -5.154   -4.605
   -4.047   -3.475   -2.885   -2.270   -1.629   -0.958   -0.256    0.484
    1.260    2.071    2.913    3.784    4.656    5.513    6.300
CT2026:240           -9.124   -9.292   -9.234   -9.082   -8.807   -8.422
   -7.970   -7.469   -6.938   -6.391   -5.843   -5.301   -4.767   -4.238
   -3.709   -3.172   -2.616   -2.033   -1.419   -0.771   -0.087    0.638
    1.398    2.192    3.015    3.865    4.715    5.551    6.319
CT2026:235           -9.173   -9.301   -9.194   -8.988   -8.655   -8.207
   -7.694   -7.134   -6.550   -5.961   -5.385   -4.831   -4.302   -3.794
   -3.300   -2.804   -2.293   -1.754   -1.180   -0.566    0.088    0.785
    1.517    2.281    3.071    3.884    4.692    5.485    6.206
CT2026:230           -9.127   -9.227   -9.078   -8.825   -8.437   -7.929
   -7.352   -6.729   -6.086   -5.447   -4.836   -4.262   -3.731   -3.241
   -2.780   -2.328   -1.867   -1.378   -0.850   -0.277    0.341    1.006
    1.710    2.447    3.210    3.995    4.777    5.544    6.243
CT2026:225           -9.091   -9.155   -8.961   -8.657   -8.213   -7.641
   -6.997   -6.306   -5.596   -4.899   -4.241   -3.637   -3.095   -2.616
   -2.185   -1.776   -1.367   -0.935   -0.463    0.057    0.627    1.249
    1.913    2.611    3.338    4.086    4.832    5.564    6.228
CT2026:220           -9.015   -9.048   -8.814   -8.466   -7.970   -7.340
   -6.632   -5.873   -5.094   -4.333   -3.620   -2.975   -2.410   -1.931
   -1.519   -1.148   -0.790   -0.416   -0.006    0.454    0.968    1.540
    2.158    2.815    3.504    4.219    4.934    5.636    6.276
CT2026:215           -8.892   -8.903   -8.639   -8.257   -7.721   -7.043
   -6.281   -5.461   -4.618   -3.792   -3.019   -2.326   -1.726   -1.234
   -0.831   -0.488   -0.176    0.140    0.486    0.879    1.329    1.840
    2.403    3.010    3.653    4.325    5.001    5.665    6.269
CT2026:210           -8.798   -8.780   -8.485   -8.071   -7.501   -6.784
   -5.977   -5.108   -4.209   -3.322   -2.489   -1.740   -1.097   -0.577
   -0.168    0.161    0.441    0.707    0.994    1.324    1.709    2.161
    2.669    3.227    3.826    4.462    5.105    5.739    6.320
CT2026:205           -8.648   -8.615   -8.304   -7.874   -7.287   -6.551
   -5.721   -4.822   -3.887   -2.955   -2.072   -1.273   -0.582   -0.027
    0.402    0.734    0.995    1.225    1.463    1.736    2.062    2.454
    2.907    3.415    3.968    4.562    5.166    5.763    6.308
CT2026:200           -8.543   -8.486   -8.159   -7.716   -7.122   -6.381
   -5.547   -4.640   -3.689   -2.733   -1.816   -0.976   -0.240    0.356
    0.818    1.168    1.432    1.647    1.858    2.093    2.376    2.724
    3.134    3.602    4.119    4.682    5.258    5.829    6.354
CT2026:195           -8.413   -8.340   -8.008   -7.566   -6.979   -6.255
   -5.440   -4.552   -3.616   -2.664   -1.739   -0.877   -0.110    0.526
    1.026    1.410    1.696    1.920    2.127    2.348    2.608    2.928
    3.308    3.746    4.233    4.767    5.314    5.857    6.353
CT2026:190           -8.299   -8.208   -7.875   -7.439   -6.872   -6.180
   -5.405   -4.561   -3.667   -2.748   -1.842   -0.983   -0.202    0.464
    1.004    1.432    1.760    2.018    2.250    2.485    2.751    3.067
    3.439    3.864    4.336    4.853    5.382    5.908    6.389
CT2026:185           -8.158   -8.056   -7.730   -7.312   -6.776   -6.132
   -5.415   -4.637   -3.811   -2.953   -2.095   -1.265   -0.492    0.190
    0.765    1.241    1.624    1.938    2.220    2.498    2.795    3.133
    3.516    3.946    4.416    4.925    5.446    5.961    6.431
CT2026:180           -8.035   -7.919   -7.601   -7.203   -6.703   -6.113
   -5.465   -4.766   -4.024   -3.247   -2.458   -1.679   -0.935   -0.253
    0.348    0.871    1.316    1.699    2.050    2.391    2.742    3.121
    3.533    3.980    4.459    4.968    5.484    5.992    6.453
CT2026:175           -7.845   -7.728   -7.430   -7.060   -6.605   -6.079
   -5.507   -4.895   -4.246   -3.562   -2.857   -2.146   -1.446   -0.779
   -0.162    0.401    0.907    1.365    1.795    2.213    2.633    3.068
    3.523    4.002    4.502    5.024    5.548    6.064    6.531
CT2026:170           -7.712   -7.583   -7.295   -6.947   -6.530   -6.060
   -5.558   -5.028   -4.469   -3.876   -3.256   -2.617   -1.968   -1.324
   -0.702   -0.109    0.452    0.980    1.486    1.980    2.469    2.960
    3.461    3.972    4.494    5.026    5.555    6.072    6.537
CT2026:165           -7.527   -7.393   -7.122   -6.800   -6.422   -6.006
   -5.570   -5.114   -4.637   -4.127   -3.586   -3.014   -2.417   -1.800
   -1.180   -0.564    0.039    0.625    1.197    1.756    2.306    2.850
    3.392    3.935    4.480    5.029    5.569    6.094    6.566
CT2026:160           -7.383   -7.234   -6.969   -6.664   -6.316   -5.944
   -5.560   -5.164   -4.751   -4.309   -3.831   -3.314   -2.758   -2.165
   -1.548   -0.918   -0.284    0.343    0.961    1.567    2.161    2.741
    3.312    3.878    4.441    5.001    5.550    6.083    6.558
CT2026:155           -7.235   -7.069   -6.809   -6.517   -6.195   -5.857
   -5.515   -5.166   -4.802   -4.409   -3.976   -3.498   -2.971   -2.394
   -1.779   -1.140   -0.488    0.163    0.805    1.435    2.048    2.644
    3.228    3.805    4.376    4.943    5.496    6.032    6.507
CT2026:150           -7.079   -6.894   -6.634   -6.352   -6.048   -5.739
   -5.429   -5.114   -4.786   -4.425   -4.021   -3.565   -3.052   -2.480
   -1.864   -1.219   -0.559    0.100    0.747    1.378    1.991    2.585
    3.168    3.745    4.320    4.895    5.457    6.003    6.485
CT2026:145           -6.877   -6.678   -6.422   -6.150   -5.866   -5.583
   -5.301   -5.014   -4.711   -4.372   -3.984   -3.536   -3.027   -2.453
   -1.832   -1.183   -0.523    0.129    0.764    1.377    1.970    2.545
    3.113    3.682    4.255    4.833    5.404    5.958    6.449
CT2026:140           -6.709   -6.485   -6.224   -5.954   -5.682   -5.417
   -5.155   -4.889   -4.604   -4.276   -3.894   -3.447   -2.933   -2.352
   -1.725   -1.076   -0.423    0.213    0.823    1.406    1.967    2.513
    3.059    3.615    4.183    4.767    5.348    5.915    6.417
CT2026:135           -6.422   -6.193   -5.938   -5.681   -5.428   -5.186
   -4.949   -4.705   -4.438   -4.122   -3.745   -3.298   -2.780   -2.195
   -1.567   -0.923   -0.285    0.326    0.904    1.451    1.975    2.490
    3.015    3.559    4.127    4.722    5.319    5.905    6.429
CT2026:130           -6.243   -5.983   -5.716   -5.454   -5.205   -4.976
   -4.753   -4.524   -4.269   -3.962   -3.589   -3.142   -2.624   -2.041
   -1.420   -0.790   -0.175    0.404    0.945    1.453    1.941    2.427
    2.932    3.467    4.036    4.641    5.253    5.855    6.393
CT2026:125           -5.958   -5.683   -5.415   -5.156   -4.918   -4.704
   -4.499   -4.287   -4.048   -3.753   -3.390   -2.952   -2.444   -1.875
   -1.275   -0.672   -0.091    0.450    0.953    1.424    1.882    2.348
    2.842    3.377    3.955    4.577    5.210    5.834    6.392
CT2026:120           -5.767   -5.456   -5.167   -4.894   -4.652   -4.441
   -4.243   -4.040   -3.811   -3.526   -3.175   -2.752   -2.265   -1.722
   -1.157   -0.594   -0.055    0.442    0.904    1.343    1.776    2.229
    2.721    3.262    3.853    4.493    5.145    5.787    6.359
CT2026:115           -5.494   -5.159   -4.856   -4.575   -4.330   -4.123
   -3.931   -3.736   -3.516   -3.243   -2.908   -2.509   -2.052   -1.550
   -1.033   -0.522   -0.038    0.410    0.831    1.239    1.653    2.101
    2.597    3.150    3.759    4.421    5.094    5.756    6.342
CT2026:110           -5.295   -4.917   -4.584   -4.278   -4.015   -3.798
   -3.599   -3.401   -3.182   -2.916   -2.597   -2.222   -1.801   -1.347
   -0.886   -0.437   -0.012    0.383    0.760    1.138    1.535    1.980
    2.483    3.051    3.677    4.358    5.049    5.726    6.322
CT2026:105           -4.991   -4.587   -4.234   -3.910   -3.634   -3.405
   -3.197   -2.993   -2.772   -2.511   -2.206   -1.857   -1.474   -1.072
   -0.671   -0.286    0.075    0.414    0.747    1.092    1.471    1.912
    2.421    3.001    3.645    4.345    5.054    5.750    6.361
CT2026:100           -4.789   -4.337   -3.943   -3.583   -3.275   -3.019
   -2.787   -2.563   -2.328   -2.062   -1.762   -1.432   -1.081   -0.723
   -0.378   -0.054    0.245    0.527    0.812    1.120    1.473    1.899
    2.402    2.982    3.630    4.336    5.050    5.750    6.361
CT2026:095           -4.489   -4.005   -3.581   -3.191   -2.855   -2.571
   -2.314   -2.067   -1.813   -1.537   -1.237   -0.917   -0.589   -0.268
    0.031    0.302    0.547    0.775    1.011    1.276    1.595    1.995
    2.481    3.050    3.691    4.395    5.110    5.812    6.428
CT2026:090           -4.290   -3.754   -3.282   -2.846   -2.465   -2.140
   -1.844   -1.563   -1.280   -0.983   -0.672   -0.352   -0.034    0.266
    0.534    0.767    0.968    1.148    1.335    1.552    1.825    2.184
    2.633    3.170    3.785    4.469    5.166    5.852    6.455
CT2026:085           -4.039   -3.461   -2.948   -2.469   -2.046   -1.680
   -1.345   -1.027   -0.713   -0.393   -0.065    0.264    0.583    0.875
    1.127    1.338    1.507    1.649    1.791    1.957    2.176    2.480
    2.875    3.363    3.933    4.579    5.244    5.900    6.479
CT2026:080           -3.850   -3.220   -2.653   -2.123   -1.648   -1.233
   -0.852   -0.493   -0.144    0.204    0.553    0.898    1.227    1.524
    1.777    1.981    2.136    2.252    2.357    2.476    2.638    2.879
    3.210    3.634    4.146    4.742    5.364    5.983    6.533
CT2026:075           -3.625   -2.952   -2.340   -1.762   -1.240   -0.778
   -0.354    0.044    0.425    0.799    1.168    1.528    1.871    2.180
    2.443    2.653    2.807    2.910    2.989    3.067    3.174    3.348
    3.605    3.955    4.395    4.925    5.490    6.057    6.567
CT2026:070           -3.458   -2.734   -2.068   -1.437   -0.860   -0.348
    0.122    0.559    0.972    1.369    1.756    2.130    2.487    2.811
    3.090    3.316    3.480    3.585    3.650    3.699    3.761    3.873
    4.058    4.332    4.695    5.156    5.660    6.172    6.643
CT2026:065           -3.252   -2.490   -1.780   -1.103   -0.479    0.079
    0.591    1.063    1.502    1.917    2.314    2.696    3.061    3.396
    3.690    3.934    4.117    4.232    4.297    4.330    4.357    4.416
    4.536    4.735    5.022    5.409    5.848    6.302    6.729
CT2026:060           -3.115   -2.307   -1.547   -0.819   -0.143    0.463
    1.018    1.525    1.990    2.419    2.823    3.208    3.573    3.913
    4.218    4.479    4.680    4.813    4.887    4.915    4.922    4.941
    5.006    5.139    5.353    5.667    6.040    6.433    6.814
CT2026:055           -2.982   -2.134   -1.330   -0.555    0.168    0.821
    1.416    1.955    2.444    2.885    3.291    3.672    4.031    4.367
    4.674    4.944    5.161    5.312    5.401    5.436    5.435    5.429
    5.452    5.531    5.682    5.931    6.241    6.577    6.915
CT2026:050           -2.884   -1.998   -1.151   -0.332    0.438    1.135
    1.770    2.342    2.853    3.305    3.712    4.084    4.431    4.755
    5.054    5.324    5.549    5.714    5.819    5.866    5.868    5.849
    5.844    5.881    5.981    6.170    6.422    6.702    6.996
CT2026:045           -2.828   -1.906   -1.018   -0.156    0.658    1.397
    2.071    2.675    3.210    3.673    4.081    4.444    4.774    5.079
    5.362    5.621    5.845    6.019    6.137    6.198    6.210    6.190
    6.171    6.182    6.243    6.384    6.587    6.818    7.071
CT2026:040           -2.775   -1.827   -0.906   -0.010    0.841    1.617
    2.325    2.959    3.516    3.990    4.398    4.751    5.063    5.344
    5.603    5.843    6.057    6.231    6.358    6.432    6.458    6.446
    6.426    6.423    6.459    6.564    6.727    6.917    7.134
CT2026:035           -2.687   -1.728   -0.789    0.128    1.004    1.807
    2.542    3.199    3.773    4.256    4.663    5.006    5.299    5.554
    5.786    6.003    6.200    6.368    6.500    6.589    6.633    6.639
    6.632    6.634    6.665    6.756    6.901    7.073    7.276
CT2026:030           -2.684   -1.712   -0.755    0.183    1.081    1.908
    2.665    3.342    3.932    4.423    4.829    5.162    5.437    5.668
    5.872    6.061    6.237    6.395    6.526    6.625    6.686    6.713
    6.723    6.735    6.769    6.851    6.978    7.130    7.311
CT2026:025           -2.507   -1.565   -0.625    0.302    1.196    2.024
    2.784    3.464    4.056    4.545    4.945    5.265    5.520    5.726
    5.903    6.066    6.222    6.368    6.500    6.611    6.696    6.754
    6.797    6.841    6.901    7.003    7.146    7.313    7.511
CT2026:020           -2.553   -1.614   -0.672    0.257    1.155    1.988
    2.752    3.435    4.028    4.514    4.907    5.215    5.455    5.639
    5.792    5.931    6.067    6.203    6.334    6.456    6.561    6.648
    6.724    6.799    6.886    7.004    7.154    7.323    7.515
CT2026:015           -2.548   -1.634   -0.711    0.202    1.087    1.907
    2.660    3.333    3.914    4.388    4.767    5.060    5.281    5.445
    5.577    5.696    5.817    5.944    6.078    6.214    6.345    6.468
    6.584    6.700    6.825    6.973    7.145    7.330    7.528
CT2026:010           -2.638   -1.743   -0.837    0.059    0.927    1.730
    2.465    3.119    3.682    4.138    4.499    4.774    4.977    5.123
    5.237    5.342    5.453    5.579    5.721    5.875    6.037    6.200
    6.363    6.528    6.699    6.885    7.087    7.295    7.503
CT2026:005           -2.842   -1.957   -1.066   -0.186    0.662    1.444
    2.155    2.785    3.323    3.754    4.092    4.346    4.530    4.659
    4.760    4.855    4.961    5.092    5.248    5.427    5.624    5.832
    6.045    6.261    6.482    6.710    6.944    7.176    7.391
CT2027:360           -2.976   -2.124   -1.268   -0.423    0.389    1.132
    1.806    2.397    2.898    3.296    3.603    3.830    3.991    4.103
    4.192    4.282    4.391    4.535    4.713    4.926    5.166    5.428
    5.701    5.979    6.261    6.545    6.825    7.098    7.338
