CT2051:360           -7.262   -6.604   -5.826   -5.012   -4.167   -3.318
   -2.472   -1.630   -0.787    0.060    0.910    1.754    2.572    3.332
    3.998    4.546    4.949    5.194    5.311    5.331    5.294    5.247
    5.238    5.292    5.423    5.647    5.925    6.222    6.507
CT2051:355           -7.231   -6.572   -5.790   -4.971   -4.119   -3.259
   -2.399   -1.538   -0.675    0.194    1.063    1.922    2.750    3.512
    4.174    4.715    5.109    5.346    5.458    5.476    5.437    5.391
    5.379    5.428    5.550    5.761    6.021    6.299    6.564
CT2051:350           -7.208   -6.546   -5.761   -4.938   -4.082   -3.217
   -2.351   -1.484   -0.616    0.256    1.124    1.976    2.792    3.539
    4.184    4.712    5.099    5.338    5.461    5.496    5.480    5.455
    5.461    5.522    5.649    5.856    6.108    6.375    6.624
CT2051:345           -7.216   -6.547   -5.757   -4.931   -4.073   -3.207
   -2.343   -1.480   -0.619    0.239    1.087    1.913    2.700    3.415
    4.034    4.545    4.927    5.176    5.322    5.390    5.410    5.420
    5.456    5.537    5.674    5.879    6.118    6.366    6.586
CT2051:340           -7.196   -6.524   -5.734   -4.909   -4.055   -3.196
   -2.341   -1.493   -0.653    0.178    0.992    1.779    2.523    3.200
    3.788    4.280    4.662    4.929    5.109    5.221    5.292    5.352
    5.432    5.548    5.710    5.927    6.170    6.416    6.628
CT2051:335           -7.194   -6.518   -5.728   -4.904   -4.055   -3.206
   -2.365   -1.537   -0.724    0.072    0.844    1.584    2.281    2.915
    3.472    3.946    4.328    4.617    4.832    4.991    5.114    5.226
    5.351    5.503    5.690    5.917    6.160    6.400    6.593
CT2051:330           -7.176   -6.499   -5.711   -4.892   -4.050   -3.213
   -2.391   -1.587   -0.804   -0.048    0.680    1.373    2.024    2.617
    3.145    3.604    3.989    4.299    4.550    4.755    4.930    5.094
    5.266    5.458    5.676    5.923    6.177    6.422    6.614
CT2051:325           -7.142   -6.467   -5.683   -4.871   -4.038   -3.216
   -2.412   -1.634   -0.882   -0.164    0.522    1.172    1.780    2.339
    2.841    3.289    3.677    4.005    4.287    4.532    4.753    4.964
    5.179    5.410    5.659    5.929    6.199    6.457    6.654
CT2051:320           -7.127   -6.452   -5.671   -4.862   -4.038   -3.228
   -2.442   -1.686   -0.963   -0.278    0.372    0.984    1.559    2.088
    2.571    3.008    3.399    3.741    4.046    4.321    4.576    4.823
    5.074    5.336    5.612    5.902    6.185    6.453    6.653
CT2051:315           -7.095   -6.421   -5.645   -4.843   -4.026   -3.229
   -2.459   -1.724   -1.026   -0.369    0.250    0.833    1.380    1.887
    2.355    2.785    3.176    3.527    3.848    4.146    4.427    4.703
    4.984    5.274    5.577    5.890    6.193    6.479    6.695
CT2051:310           -7.081   -6.408   -5.634   -4.835   -4.024   -3.237
   -2.481   -1.762   -1.084   -0.450    0.145    0.705    1.231    1.720
    2.175    2.598    2.987    3.342    3.672    3.982    4.280    4.575
    4.875    5.186    5.508    5.837    6.154    6.451    6.675
CT2051:305           -7.066   -6.393   -5.622   -4.826   -4.022   -3.243
   -2.498   -1.794   -1.133   -0.517    0.059    0.600    1.108    1.584
    2.027    2.442    2.827    3.182    3.516    3.833    4.141    4.449
    4.764    5.090    5.428    5.772    6.103    6.412    6.646
CT2051:300           -7.054   -6.382   -5.612   -4.820   -4.020   -3.248
   -2.512   -1.820   -1.173   -0.574   -0.014    0.510    1.003    1.465
    1.898    2.304    2.684    3.037    3.371    3.692    4.007    4.323
    4.649    4.988    5.339    5.697    6.041    6.364    6.609
CT2051:295           -7.045   -6.374   -5.607   -4.818   -4.022   -3.257
   -2.531   -1.850   -1.216   -0.631   -0.087    0.422    0.900    1.348
    1.769    2.166    2.539    2.888    3.221    3.543    3.861    4.184
    4.517    4.865    5.226    5.595    5.950    6.283    6.539
CT2051:290           -7.035   -6.366   -5.601   -4.815   -4.024   -3.266
   -2.548   -1.877   -1.256   -0.686   -0.157    0.336    0.799    1.232
    1.641    2.027    2.393    2.738    3.070    3.393    3.715    4.043
    4.385    4.742    5.114    5.496    5.865    6.214    6.486
CT2051:285           -7.022   -6.356   -5.596   -4.815   -4.030   -3.280
   -2.571   -1.912   -1.303   -0.748   -0.235    0.242    0.687    1.105
    1.500    1.875    2.232    2.573    2.903    3.227    3.552    3.886
    4.235    4.601    4.984    5.378    5.762    6.126    6.414
CT2051:280           -7.014   -6.351   -5.595   -4.820   -4.041   -3.299
   -2.600   -1.952   -1.357   -0.816   -0.320    0.139    0.568    0.970
    1.350    1.713    2.062    2.397    2.725    3.050    3.379    3.718
    4.075    4.451    4.845    5.254    5.654    6.037    6.346
CT2051:275           -6.995   -6.338   -5.590   -4.822   -4.053   -3.321
   -2.633   -1.998   -1.417   -0.893   -0.413    0.029    0.440    0.825
    1.191    1.542    1.881    2.211    2.536    2.863    3.195    3.541
    3.906    4.294    4.703    5.131    5.553    5.960    6.298
CT2051:270           -6.990   -6.338   -5.596   -4.837   -4.076   -3.354
   -2.678   -2.056   -1.490   -0.981   -0.518   -0.093    0.301    0.669
    1.019    1.357    1.686    2.009    2.331    2.657    2.991    3.342
    3.716    4.114    4.537    4.981    5.424    5.853    6.216
CT2051:265           -6.980   -6.335   -5.602   -4.851   -4.101   -3.392
   -2.729   -2.121   -1.569   -1.076   -0.630   -0.222    0.155    0.507
    0.842    1.167    1.485    1.801    2.119    2.443    2.780    3.139
    3.522    3.935    4.376    4.845    5.316    5.776    6.176
CT2051:260           -6.977   -6.338   -5.614   -4.874   -4.136   -3.439
   -2.790   -2.197   -1.661   -1.184   -0.754   -0.363   -0.003    0.332
    0.652    0.963    1.269    1.576    1.888    2.209    2.547    2.910
    3.302    3.727    4.184    4.674    5.169    5.656    6.086
CT2051:255           -6.969   -6.338   -5.626   -4.897   -4.172   -3.490
   -2.857   -2.279   -1.759   -1.299   -0.886   -0.513   -0.170    0.150
    0.454    0.751    1.045    1.343    1.649    1.968    2.308    2.677
    3.081    3.522    4.001    4.517    5.045    5.566    6.036
CT2051:250           -6.965   -6.343   -5.642   -4.926   -4.215   -3.549
   -2.932   -2.372   -1.870   -1.427   -1.033   -0.677   -0.352   -0.050
    0.238    0.520    0.802    1.089    1.388    1.705    2.045    2.421
    2.835    3.292    3.790    4.332    4.888    5.440    5.942
CT2051:245           -6.945   -6.334   -5.647   -4.947   -4.253   -3.605
   -3.007   -2.466   -1.984   -1.562   -1.187   -0.851   -0.545   -0.262
    0.009    0.276    0.545    0.823    1.117    1.432    1.776    2.160
    2.589    3.065    3.587    4.159    4.748    5.336    5.878
CT2051:240           -6.938   -6.337   -5.662   -4.977   -4.299   -3.669
   -3.091   -2.570   -2.109   -1.708   -1.355   -1.041   -0.756   -0.493
   -0.240    0.010    0.265    0.535    0.823    1.138    1.486    1.882
    2.326    2.822    3.369    3.969    4.591    5.212    5.788
CT2051:235           -6.915   -6.326   -5.667   -4.998   -4.339   -3.729
   -3.172   -2.674   -2.236   -1.859   -1.530   -1.240   -0.978   -0.737
   -0.505   -0.272   -0.031    0.229    0.513    0.829    1.185    1.593
    2.055    2.573    3.146    3.776    4.429    5.083    5.691
CT2051:230           -6.946   -6.363   -5.713   -5.054   -4.408   -3.813
   -3.273   -2.794   -2.376   -2.021   -1.715   -1.448   -1.209   -0.990
   -0.778   -0.562   -0.332   -0.079    0.205    0.527    0.895    1.322
    1.808    2.356    2.962    3.629    4.321    5.013    5.659
CT2051:225           -6.888   -6.321   -5.689   -5.049   -4.423   -3.850
   -3.333   -2.878   -2.486   -2.158   -1.879   -1.639   -1.428   -1.234
   -1.045   -0.848   -0.634   -0.390   -0.109    0.217    0.595    1.040
    1.549    2.123    2.759    3.458    4.182    4.907    5.585
CT2051:220           -6.862   -6.304   -5.683   -5.056   -4.445   -3.889
   -3.391   -2.958   -2.589   -2.286   -2.033   -1.820   -1.635   -1.466
   -1.300   -1.124   -0.925   -0.690   -0.413   -0.083    0.306    0.769
    1.301    1.903    2.569    3.301    4.060    4.818    5.528
CT2051:215           -6.824   -6.275   -5.665   -5.050   -4.453   -3.913
   -3.433   -3.019   -2.671   -2.391   -2.163   -1.975   -1.815   -1.671
   -1.529   -1.374   -1.192   -0.969   -0.697   -0.367    0.029    0.506
    1.058    1.683    2.375    3.134    3.918    4.700    5.428
CT2051:210           -6.783   -6.239   -5.638   -5.032   -4.444   -3.916
   -3.449   -3.051   -2.720   -2.459   -2.251   -2.085   -1.948   -1.827
   -1.706   -1.571   -1.407   -1.197   -0.933   -0.604   -0.202    0.289
    0.860    1.510    2.230    3.019    3.832    4.644    5.398
CT2051:205           -6.797   -6.248   -5.644   -5.038   -4.452   -3.927
   -3.466   -3.076   -2.755   -2.507   -2.314   -2.165   -2.046   -1.945
   -1.846   -1.732   -1.589   -1.396   -1.144   -0.823   -0.422    0.074
    0.655    1.319    2.055    2.859    3.685    4.506    5.261
CT2051:200           -6.741   -6.195   -5.594   -4.991   -4.408   -3.886
   -3.429   -3.043   -2.730   -2.490   -2.309   -2.172   -2.069   -1.986
   -1.905   -1.812   -1.687   -1.511   -1.274   -0.961   -0.562   -0.061
    0.533    1.214    1.970    2.797    3.646    4.488    5.262
CT2051:195           -6.756   -6.200   -5.591   -4.979   -4.389   -3.861
   -3.398   -3.009   -2.693   -2.455   -2.278   -2.150   -2.058   -1.991
   -1.929   -1.856   -1.752   -1.597   -1.377   -1.078   -0.688   -0.190
    0.406    1.092    1.855    2.689    3.541    4.384    5.150
CT2051:190           -6.689   -6.132   -5.521   -4.906   -4.311   -3.777
   -3.308   -2.912   -2.591   -2.351   -2.176   -2.053   -1.971   -1.917
   -1.872   -1.818   -1.735   -1.598   -1.394   -1.108   -0.724   -0.227
    0.372    1.067    1.842    2.688    3.552    4.407    5.183
CT2051:185           -6.756   -6.175   -5.542   -4.907   -4.291   -3.738
   -3.250   -2.838   -2.503   -2.253   -2.071   -1.949   -1.873   -1.831
   -1.803   -1.768   -1.706   -1.590   -1.405   -1.133   -0.762   -0.274
    0.318    1.006    1.775    2.612    3.462    4.300    5.049
CT2051:180           -6.682   -6.098   -5.459   -4.815   -4.189   -3.622
   -3.119   -2.692   -2.343   -2.083   -1.896   -1.773   -1.702   -1.671
   -1.657   -1.639   -1.594   -1.494   -1.321   -1.060   -0.696   -0.212
    0.379    1.067    1.836    2.673    3.524    4.361    5.110
CT2051:175           -6.745   -6.134   -5.469   -4.800   -4.149   -3.557
   -3.029   -2.578   -2.208   -1.930   -1.731   -1.603   -1.532   -1.508
   -1.505   -1.501   -1.470   -1.384   -1.224   -0.974   -0.620   -0.146
    0.433    1.109    1.863    2.682    3.511    4.324    5.043
CT2051:170           -6.673   -6.057   -5.383   -4.703   -4.038   -3.428
   -2.881   -2.410   -2.020   -1.726   -1.514   -1.378   -1.305   -1.283
   -1.286   -1.289   -1.266   -1.187   -1.035   -0.792   -0.446    0.020
    0.590    1.254    1.995    2.801    3.615    4.415    5.123
CT2051:165           -6.650   -6.021   -5.332   -4.635   -3.951   -3.320
   -2.751   -2.256   -1.843   -1.527   -1.297   -1.147   -1.063   -1.035
   -1.036   -1.039   -1.019   -0.944   -0.797   -0.563   -0.227    0.223
    0.775    1.417    2.134    2.913    3.700    4.473    5.155
CT2051:160           -6.587   -5.953   -5.253   -4.545   -3.846   -3.197
   -2.607   -2.089   -1.653   -1.314   -1.061   -0.889   -0.786   -0.742
   -0.730   -0.724   -0.698   -0.622   -0.479   -0.253    0.068    0.499
    1.027    1.642    2.330    3.079    3.839    4.585    5.247
CT2051:155           -6.526   -5.888   -5.181   -4.462   -3.749   -3.083
   -2.474   -1.934   -1.474   -1.107   -0.826   -0.625   -0.493   -0.422
   -0.386   -0.361   -0.322   -0.241   -0.102    0.112    0.412    0.814
    1.307    1.884    2.531    3.239    3.959    4.667    5.297
CT2051:150           -6.476   -5.833   -5.116   -4.386   -3.660   -2.979
   -2.350   -1.789   -1.303   -0.907   -0.592   -0.354   -0.184   -0.074
   -0.002    0.053    0.113    0.203    0.341    0.541    0.816    1.184
    1.636    2.169    2.771    3.436    4.116    4.789    5.392
CT2051:145           -6.425   -5.780   -5.056   -4.318   -3.581   -2.885
   -2.241   -1.659   -1.148   -0.721   -0.370   -0.090    0.126    0.282
    0.398    0.491    0.579    0.683    0.819    1.004    1.250    1.577
    1.983    2.465    3.015    3.631    4.266    4.897    5.468
CT2051:140           -6.389   -5.740   -5.010   -4.263   -3.516   -2.808
   -2.148   -1.547   -1.013   -0.556   -0.168    0.156    0.421    0.629
    0.795    0.932    1.053    1.174    1.311    1.481    1.698    1.984
    2.340    2.770    3.268    3.833    4.424    5.015    5.557
CT2051:135           -6.370   -5.717   -4.980   -4.225   -3.468   -2.749
   -2.075   -1.458   -0.903   -0.418    0.006    0.372    0.685    0.946
    1.163    1.346    1.503    1.644    1.786    1.944    2.135    2.382
    2.692    3.071    3.518    4.035    4.584    5.137    5.653
CT2051:130           -6.349   -5.695   -4.954   -4.194   -3.431   -2.703
   -2.019   -1.389   -0.817   -0.309    0.145    0.547    0.903    1.211
    1.476    1.703    1.895    2.058    2.208    2.359    2.529    2.742
    3.009    3.342    3.741    4.212    4.720    5.236    5.726
CT2051:125           -6.369   -5.708   -4.959   -4.192   -3.420   -2.684
   -1.991   -1.350   -0.764   -0.236    0.241    0.674    1.065    1.412
    1.718    1.983    2.208    2.394    2.556    2.707    2.864    3.051
    3.286    3.581    3.940    4.374    4.847    5.333    5.804
CT2051:120           -6.362   -5.703   -4.954   -4.185   -3.412   -2.672
   -1.975   -1.328   -0.733   -0.194    0.300    0.752    1.168    1.543
    1.879    2.175    2.427    2.634    2.810    2.965    3.116    3.289
    3.501    3.768    4.095    4.497    4.942    5.402    5.855
CT2051:115           -6.420   -5.752   -4.996   -4.221   -3.442   -2.697
   -1.995   -1.342   -0.742   -0.195    0.308    0.773    1.203    1.596
    1.951    2.267    2.540    2.766    2.956    3.121    3.275    3.442
    3.643    3.892    4.199    4.579    5.003    5.444    5.884
CT2051:110           -6.427   -5.764   -5.011   -4.238   -3.461   -2.718
   -2.017   -1.366   -0.765   -0.218    0.286    0.752    1.186    1.584
    1.947    2.274    2.560    2.800    3.004    3.181    3.345    3.516
    3.716    3.960    4.258    4.627    5.040    5.472    5.907
CT2051:105           -6.485   -5.819   -5.064   -4.290   -3.513   -2.771
   -2.072   -1.422   -0.824   -0.281    0.218    0.680    1.108    1.502
    1.863    2.191    2.482    2.732    2.948    3.139    3.317    3.500
    3.709    3.960    4.261    4.630    5.043    5.475    5.910
CT2051:100           -6.504   -5.845   -5.097   -4.329   -3.558   -2.823
   -2.130   -1.488   -0.899   -0.365    0.123    0.571    0.985    1.366
    1.716    2.036    2.324    2.578    2.804    3.009    3.203    3.405
    3.632    3.899    4.214    4.594    5.018    5.458    5.902
CT2051:095           -6.531   -5.880   -5.139   -4.379   -3.615   -2.888
   -2.205   -1.573   -0.996   -0.477   -0.006    0.424    0.817    1.178
    1.509    1.814    2.093    2.346    2.578    2.796    3.010    3.236
    3.489    3.781    4.122    4.526    4.971    5.433    5.894
CT2051:090           -6.560   -5.919   -5.187   -4.436   -3.682   -2.966
   -2.294   -1.676   -1.115   -0.614   -0.165    0.241    0.609    0.943
    1.249    1.533    1.797    2.043    2.278    2.507    2.741    2.993
    3.277    3.602    3.976    4.412    4.886    5.375    5.857
CT2051:085           -6.574   -5.947   -5.228   -4.490   -3.750   -3.047
   -2.391   -1.790   -1.248   -0.771   -0.347    0.031    0.369    0.672
    0.949    1.207    1.451    1.687    1.920    2.160    2.413    2.696
    3.015    3.381    3.797    4.276    4.789    5.315    5.828
CT2051:080           -6.611   -5.996   -5.288   -4.562   -3.834   -3.145
   -2.505   -1.924   -1.404   -0.951   -0.555   -0.208    0.097    0.366
    0.610    0.839    1.059    1.280    1.510    1.757    2.030    2.343
    2.702    3.112    3.576    4.102    4.660    5.226    5.770
CT2051:075           -6.638   -6.037   -5.344   -4.632   -3.919   -3.248
   -2.627   -2.067   -1.572   -1.147   -0.782   -0.468   -0.198    0.035
    0.243    0.440    0.634    0.839    1.064    1.318    1.611    1.957
    2.358    2.818    3.335    3.915    4.522    5.135    5.716
CT2051:070           -6.679   -6.091   -5.411   -4.713   -4.016   -3.362
   -2.762   -2.225   -1.756   -1.362   -1.029   -0.751   -0.518   -0.323
   -0.151    0.012    0.180    0.368    0.587    0.849    1.163    1.544
    1.990    2.502    3.075    3.710    4.370    5.031    5.649
CT2051:065           -6.699   -6.127   -5.465   -4.784   -4.105   -3.472
   -2.895   -2.385   -1.946   -1.585   -1.288   -1.048   -0.855   -0.700
   -0.565   -0.435   -0.292   -0.118    0.099    0.372    0.712    1.132
    1.627    2.195    2.828    3.524    4.241    4.956    5.618
CT2051:060           -6.740   -6.182   -5.534   -4.869   -4.208   -3.596
   -3.044   -2.561   -2.154   -1.828   -1.570   -1.372   -1.220   -1.106
   -1.009   -0.910   -0.789   -0.626   -0.405   -0.116    0.253    0.714
    1.259    1.881    2.571    3.323    4.092    4.854    5.553
CT2051:055           -6.762   -6.220   -5.589   -4.941   -4.299   -3.710
   -3.184   -2.733   -2.360   -2.073   -1.858   -1.703   -1.597   -1.524
   -1.463   -1.392   -1.288   -1.126   -0.894   -0.580   -0.175    0.334
    0.933    1.613    2.363    3.175    4.000    4.817    5.563
CT2051:050           -6.800   -6.271   -5.654   -5.023   -4.399   -3.833
   -3.333   -2.912   -2.575   -2.329   -2.158   -2.051   -1.991   -1.960
   -1.933   -1.886   -1.792   -1.624   -1.373   -1.029   -0.583   -0.027
    0.622    1.354    2.154    3.013    3.882    4.739    5.514
CT2051:045           -6.890   -6.363   -5.752   -5.130   -4.518   -3.969
   -3.491   -3.097   -2.793   -2.586   -2.460   -2.398   -2.382   -2.390
   -2.393   -2.362   -2.270   -2.088   -1.811   -1.429   -0.939   -0.336
    0.362    1.141    1.987    2.888    3.796    4.689    5.494
CT2051:040           -6.921   -6.405   -5.807   -5.198   -4.603   -4.072
   -3.617   -3.250   -2.978   -2.809   -2.723   -2.704   -2.729   -2.771
   -2.797   -2.777   -2.680   -2.479   -2.171   -1.750   -1.218   -0.571
    0.167    0.984    1.864    2.795    3.730    4.648    5.472
CT2051:035           -7.033   -6.512   -5.914   -5.307   -4.717   -4.196
   -3.754   -3.404   -3.154   -3.012   -2.956   -2.968   -3.022   -3.087
   -3.126   -3.108   -3.001   -2.777   -2.439   -1.983   -1.415   -0.735
    0.032    0.874    1.776    2.725    3.676    4.609    5.444
CT2051:030           -7.056   -6.543   -5.954   -5.357   -4.776   -4.266
   -3.835   -3.498   -3.263   -3.138   -3.100   -3.130   -3.199   -3.275
   -3.316   -3.292   -3.170   -2.925   -2.561   -2.080   -1.488   -0.788
   -0.005    0.849    1.759    2.716    3.674    4.613    5.454
CT2051:025           -7.088   -6.580   -5.996   -5.403   -4.827   -4.320
   -3.892   -3.557   -3.323   -3.199   -3.161   -3.189   -3.255   -3.323
   -3.353   -3.315   -3.176   -2.913   -2.534   -2.040   -1.439   -0.735
    0.048    0.899    1.806    2.760    3.718    4.658    5.502
CT2051:020           -7.104   -6.601   -6.021   -5.431   -4.856   -4.347
   -3.915   -3.572   -3.326   -3.186   -3.129   -3.135   -3.176   -3.220
   -3.226   -3.167   -3.011   -2.739   -2.356   -1.865   -1.275   -0.588
    0.177    1.008    1.896    2.834    3.778    4.706    5.542
CT2051:015           -7.091   -6.595   -6.019   -5.431   -4.855   -4.340
   -3.897   -3.538   -3.269   -3.097   -3.003   -2.968   -2.967   -2.970
   -2.940   -2.854   -2.682   -2.406   -2.032   -1.560   -0.995   -0.339
    0.394    1.195    2.055    2.970    3.897    4.810    5.639
CT2051:010           -7.099   -6.604   -6.027   -5.435   -4.853   -4.326
   -3.865   -3.480   -3.177   -2.962   -2.817   -2.726   -2.668   -2.617
   -2.544   -2.426   -2.240   -1.968   -1.611   -1.170   -0.645   -0.033
    0.655    1.413    2.234    3.115    4.012    4.899    5.706
CT2051:005           -7.100   -6.605   -6.023   -5.426   -4.834   -4.292
   -3.809   -3.393   -3.051   -2.785   -2.582   -2.427   -2.305   -2.195
   -2.074   -1.923   -1.723   -1.456   -1.122   -0.717   -0.238    0.325
    0.963    1.674    2.451    3.294    4.157    5.013    5.795
CT2052:360           -7.100   -6.603   -6.015   -5.410   -4.807   -4.247
   -3.740   -3.292   -2.909   -2.592   -2.330   -2.111   -1.924   -1.755
   -1.586   -1.402   -1.187   -0.926   -0.614   -0.244    0.191    0.705
    1.293    1.956    2.687    3.488    4.312    5.133    5.885
