CT2028:360           -3.047   -2.095   -1.112   -0.134    0.814    1.682
    2.460    3.130    3.677    4.080    4.354    4.513    4.573    4.553
    4.486    4.401    4.322    4.267    4.248    4.269    4.335    4.450
    4.612    4.821    5.076    5.386    5.727    6.079    6.420
CT2028:355           -3.055   -2.151   -1.221   -0.299    0.589    1.393
    2.106    2.711    3.195    3.541    3.767    3.887    3.921    3.888
    3.821    3.749    3.694    3.677    3.703    3.778    3.903    4.080
    4.303    4.568    4.874    5.224    5.595    5.969    6.318
CT2028:350           -3.148   -2.285   -1.405   -0.538    0.289    1.027
    1.670    2.205    2.622    2.908    3.084    3.166    3.175    3.134
    3.073    3.021    2.999    3.026    3.106    3.242    3.434    3.681
    3.973    4.305    4.673    5.075    5.490    5.902    6.277
CT2028:345           -3.207   -2.399   -1.581   -0.780   -0.024    0.639
    1.207    1.667    2.013    2.237    2.361    2.405    2.391    2.344
    2.293    2.264    2.278    2.352    2.488    2.687    2.947    3.265
    3.628    4.030    4.462    4.920    5.383    5.837    6.241
CT2028:340           -3.331   -2.574   -1.816   -1.077   -0.389    0.202
    0.698    1.087    1.367    1.534    1.613    1.625    1.593    1.544
    1.506    1.502    1.552    1.673    1.863    2.122    2.446    2.832
    3.265    3.734    4.230    4.746    5.257    5.755    6.190
CT2028:335           -3.524   -2.808   -2.103   -1.421   -0.794   -0.267
    0.164    0.491    0.716    0.836    0.879    0.868    0.826    0.779
    0.756    0.776    0.859    1.020    1.257    1.569    1.951    2.399
    2.894    3.426    3.982    4.550    5.107    5.644    6.107
CT2028:330           -3.670   -3.010   -2.365   -1.746   -1.182   -0.718
   -0.346   -0.072    0.106    0.190    0.208    0.183    0.136    0.095
    0.086    0.127    0.236    0.431    0.706    1.062    1.493    1.995
    2.548    3.138    3.750    4.372    4.977    5.557    6.053
CT2028:325           -3.996   -3.361   -2.752   -2.172   -1.651   -1.228
   -0.895   -0.655   -0.504   -0.437   -0.428   -0.455   -0.496   -0.527
   -0.522   -0.466   -0.337   -0.120    0.181    0.568    1.034    1.576
    2.170    2.801    3.455    4.112    4.745    5.347    5.848
CT2028:320           -4.157   -3.577   -3.025   -2.501   -2.032   -1.655
   -1.360   -1.149   -1.016   -0.958   -0.949   -0.970   -1.001   -1.020
   -1.002   -0.933   -0.790   -0.558   -0.238    0.172    0.667    1.243
    1.876    2.550    3.247    3.948    4.622    5.262    5.795
CT2028:315           -4.446   -3.899   -3.385   -2.898   -2.464   -2.115
   -1.841   -1.642   -1.512   -1.448   -1.426   -1.430   -1.444   -1.446
   -1.415   -1.334   -1.183   -0.942   -0.612   -0.190    0.322    0.919
    1.577    2.278    3.004    3.734    4.432    5.094    5.637
CT2028:310           -4.616   -4.123   -3.659   -3.219   -2.826   -2.507
   -2.252   -2.062   -1.930   -1.854   -1.815   -1.798   -1.790   -1.773
   -1.726   -1.634   -1.474   -1.227   -0.890   -0.460    0.063    0.675
    1.353    2.079    2.834    3.594    4.323    5.016    5.586
CT2028:305           -4.816   -4.370   -3.949   -3.549   -3.189   -2.893
   -2.650   -2.460   -2.321   -2.227   -2.164   -2.122   -2.087   -2.046
   -1.979   -1.872   -1.702   -1.449   -1.108   -0.674   -0.148    0.472
    1.161    1.902    2.675    3.458    4.210    4.926    5.518
CT2028:300           -4.990   -4.593   -4.215   -3.854   -3.527   -3.250
   -3.017   -2.827   -2.677   -2.564   -2.476   -2.405   -2.342   -2.272
   -2.181   -2.054   -1.870   -1.608   -1.263   -0.828   -0.301    0.321
    1.014    1.764    2.549    3.349    4.122    4.859    5.472
CT2028:295           -5.179   -4.825   -4.485   -4.158   -3.857   -3.597
   -3.371   -3.179   -3.017   -2.884   -2.770   -2.670   -2.575   -2.473
   -2.353   -2.201   -1.998   -1.724   -1.374   -0.939   -0.415    0.202
    0.892    1.641    2.431    3.239    4.022    4.770    5.397
CT2028:290           -5.351   -5.040   -4.735   -4.440   -4.164   -3.919
   -3.700   -3.505   -3.333   -3.181   -3.043   -2.913   -2.785   -2.650
   -2.497   -2.315   -2.088   -1.798   -1.439   -1.003   -0.482    0.129
    0.814    1.560    2.350    3.164    3.956    4.716    5.357
CT2028:285           -5.539   -5.262   -4.986   -4.715   -4.458   -4.224
   -4.008   -3.810   -3.627   -3.458   -3.296   -3.137   -2.976   -2.806
   -2.618   -2.404   -2.150   -1.842   -1.473   -1.033   -0.516    0.088
    0.765    1.504    2.290    3.105    3.902    4.669    5.322
CT2028:280           -5.702   -5.461   -5.211   -4.963   -4.723   -4.498
   -4.284   -4.082   -3.890   -3.703   -3.519   -3.333   -3.142   -2.938
   -2.717   -2.471   -2.191   -1.863   -1.483   -1.039   -0.525    0.071
    0.739    1.469    2.249    3.061    3.859    4.630    5.291
CT2028:275           -5.894   -5.674   -5.439   -5.202   -4.968   -4.743
   -4.526   -4.315   -4.109   -3.904   -3.698   -3.486   -3.266   -3.031
   -2.778   -2.503   -2.198   -1.852   -1.459   -1.009   -0.496    0.096
    0.756    1.481    2.256    3.069    3.872    4.652    5.330
CT2028:270           -6.042   -5.848   -5.629   -5.403   -5.173   -4.946
   -4.721   -4.499   -4.277   -4.053   -3.825   -3.590   -3.345   -3.085
   -2.808   -2.511   -2.187   -1.828   -1.427   -0.976   -0.465    0.118
    0.769    1.483    2.248    3.052    3.851    4.628    5.309
CT2028:265           -6.257   -6.067   -5.844   -5.610   -5.368   -5.124
   -4.879   -4.634   -4.387   -4.139   -3.885   -3.626   -3.358   -3.077
   -2.782   -2.470   -2.135   -1.768   -1.364   -0.913   -0.406    0.171
    0.814    1.519    2.276    3.074    3.871    4.650    5.340
CT2028:260           -6.386   -6.212   -5.991   -5.753   -5.499   -5.235
   -4.965   -4.692   -4.416   -4.139   -3.859   -3.577   -3.291   -2.997
   -2.694   -2.379   -2.043   -1.679   -1.280   -0.836   -0.338    0.229
    0.860    1.552    2.296    3.082    3.870    4.641    5.329
CT2028:255           -6.617   -6.432   -6.189   -5.925   -5.638   -5.335
   -5.023   -4.706   -4.387   -4.070   -3.757   -3.449   -3.145   -2.844
   -2.541   -2.232   -1.907   -1.557   -1.172   -0.743   -0.259    0.292
    0.907    1.582    2.309    3.079    3.851    4.608    5.286
CT2028:250           -6.726   -6.548   -6.294   -6.010   -5.693   -5.348
   -4.990   -4.623   -4.255   -3.894   -3.544   -3.210   -2.892   -2.589
   -2.296   -2.004   -1.701   -1.376   -1.015   -0.609   -0.146    0.386
    0.982    1.641    2.351    3.107    3.866    4.613    5.286
CT2028:245           -6.921   -6.728   -6.442   -6.121   -5.755   -5.353
   -4.931   -4.499   -4.068   -3.650   -3.256   -2.891   -2.558   -2.257
   -1.980   -1.714   -1.445   -1.155   -0.829   -0.455   -0.022    0.484
    1.057    1.693    2.383    3.119    3.861    4.591    5.251
CT2028:240           -7.013   -6.821   -6.514   -6.160   -5.750   -5.288
   -4.800   -4.298   -3.797   -3.318   -2.875   -2.477   -2.129   -1.834
   -1.579   -1.347   -1.120   -0.874   -0.593   -0.260    0.138    0.613
    1.159    1.772    2.441    3.160    3.888    4.606    5.259
CT2028:235           -7.104   -6.908   -6.575   -6.185   -5.724   -5.198
   -4.637   -4.057   -3.480   -2.933   -2.435   -2.000   -1.635   -1.345
   -1.115   -0.921   -0.741   -0.548   -0.317   -0.030    0.326    0.767
    1.284    1.873    2.523    3.227    3.944    4.655    5.307
CT2028:230           -7.184   -6.986   -6.629   -6.204   -5.692   -5.101
   -4.465   -3.806   -3.150   -2.532   -1.976   -1.502   -1.118   -0.833
   -0.626   -0.472   -0.342   -0.203   -0.027    0.208    0.517    0.918
    1.403    1.964    2.590    3.275    3.978    4.676    5.322
CT2028:225           -7.245   -7.048   -6.669   -6.213   -5.655   -5.003
   -4.297   -3.563   -2.832   -2.145   -1.533   -1.018   -0.613   -0.328
   -0.142   -0.022    0.061    0.147    0.269    0.453    0.716    1.077
    1.528    2.062    2.666    3.335    4.025    4.714    5.356
CT2028:220           -7.318   -7.123   -6.725   -6.241   -5.643   -4.937
   -4.171   -3.371   -2.574   -1.825   -1.161   -0.608   -0.180    0.109
    0.282    0.374    0.420    0.461    0.536    0.673    0.894    1.218
    1.638    2.146    2.729    3.383    4.061    4.740    5.375
CT2028:215           -7.431   -7.231   -6.816   -6.308   -5.676   -4.928
   -4.114   -3.264   -2.415   -1.619   -0.913   -0.327    0.123    0.421
    0.590    0.669    0.691    0.701    0.742    0.845    1.032    1.327
    1.721    2.208    2.775    3.415    4.082    4.751    5.379
CT2028:210           -7.503   -7.312   -6.892   -6.375   -5.728   -4.959
   -4.120   -3.243   -2.368   -1.545   -0.815   -0.208    0.260    0.570
    0.746    0.825    0.841    0.841    0.867    0.953    1.123    1.403
    1.784    2.259    2.817    3.450    4.112    4.776    5.400
CT2028:205           -7.593   -7.410   -6.994   -6.478   -5.830   -5.059
   -4.218   -3.340   -2.464   -1.638   -0.904   -0.289    0.190    0.514
    0.706    0.801    0.832    0.844    0.880    0.973    1.149    1.432
    1.816    2.295    2.856    3.493    4.158    4.827    5.456
CT2028:200           -7.666   -7.500   -7.099   -6.599   -5.968   -5.218
   -4.402   -3.551   -2.702   -1.901   -1.184   -0.578   -0.099    0.239
    0.453    0.578    0.643    0.690    0.761    0.885    1.088    1.395
    1.798    2.293    2.865    3.510    4.180    4.851    5.479
CT2028:195           -7.746   -7.600   -7.222   -6.748   -6.150   -5.440
   -4.672   -3.872   -3.075   -2.322   -1.644   -1.063   -0.592   -0.244
   -0.002    0.164    0.281    0.385    0.514    0.695    0.951    1.303
    1.746    2.273    2.873    3.537    4.222    4.906    5.543
CT2028:190           -7.817   -7.695   -7.350   -6.914   -6.362   -5.711
   -5.009   -4.282   -3.558   -2.872   -2.250   -1.707   -1.254   -0.899
   -0.628   -0.414   -0.235   -0.057    0.148    0.405    0.733    1.148
    1.645    2.216    2.850    3.537    4.237    4.930    5.568
CT2028:185           -7.916   -7.815   -7.505   -7.110   -6.611   -6.028
   -5.403   -4.760   -4.121   -3.513   -2.956   -2.460   -2.031   -1.673
   -1.372   -1.107   -0.858   -0.598   -0.302    0.046    0.460    0.954
    1.518    2.145    2.822    3.539    4.260    4.968    5.612
CT2028:180           -7.978   -7.906   -7.637   -7.293   -6.856   -6.348
   -5.808   -5.255   -4.707   -4.183   -3.696   -3.251   -2.850   -2.491
   -2.163   -1.849   -1.529   -1.182   -0.792   -0.347    0.160    0.739
    1.376    2.063    2.787    3.535    4.275    4.997    5.642
CT2028:175           -8.075   -8.023   -7.791   -7.492   -7.113   -6.678
   -6.219   -5.752   -5.290   -4.846   -4.425   -4.029   -3.655   -3.297
   -2.944   -2.582   -2.194   -1.762   -1.280   -0.739   -0.137    0.526
    1.237    1.983    2.753    3.531    4.291    5.025    5.672
CT2028:170           -8.119   -8.094   -7.904   -7.653   -7.333   -6.967
   -6.585   -6.197   -5.813   -5.441   -5.080   -4.728   -4.379   -4.022
   -3.647   -3.241   -2.790   -2.279   -1.710   -1.079   -0.391    0.351
    1.128    1.929    2.739    3.543    4.319    5.062    5.709
CT2028:165           -8.177   -8.171   -8.015   -7.805   -7.534   -7.226
   -6.907   -6.584   -6.265   -5.951   -5.640   -5.325   -4.996   -4.640
   -4.244   -3.798   -3.289   -2.709   -2.062   -1.353   -0.590    0.216
    1.047    1.888    2.727    3.547    4.329    5.074    5.712
CT2028:160           -8.195   -8.210   -8.085   -7.910   -7.681   -7.421
   -7.151   -6.880   -6.611   -6.343   -6.070   -5.784   -5.471   -5.112
   -4.696   -4.213   -3.651   -3.007   -2.293   -1.517   -0.693    0.165
    1.035    1.906    2.764    3.594    4.380    5.125    5.758
CT2028:155           -8.162   -8.199   -8.103   -7.960   -7.766   -7.543
   -7.311   -7.078   -6.846   -6.612   -6.369   -6.104   -5.803   -5.440
   -5.004   -4.487   -3.878   -3.178   -2.407   -1.578   -0.710    0.180
    1.071    1.952    2.813    3.637    4.413    5.146    5.762
CT2028:150           -8.147   -8.194   -8.113   -7.987   -7.812   -7.611
   -7.401   -7.189   -6.980   -6.768   -6.543   -6.292   -5.996   -5.626
   -5.168   -4.617   -3.963   -3.214   -2.395   -1.525   -0.625    0.282
    1.180    2.058    2.912    3.725    4.490    5.211    5.816
CT2028:145           -8.075   -8.131   -8.062   -7.949   -7.788   -7.598
   -7.401   -7.202   -7.005   -6.806   -6.593   -6.350   -6.054   -5.675
   -5.195   -4.611   -3.918   -3.128   -2.271   -1.372   -0.457    0.451
    1.340    2.202    3.034    3.826    4.570    5.272    5.858
CT2028:140           -8.021   -8.073   -8.003   -7.889   -7.727   -7.537
   -7.340   -7.141   -6.947   -6.751   -6.541   -6.298   -5.997   -5.604
   -5.101   -4.488   -3.761   -2.937   -2.053   -1.139   -0.221    0.676
    1.544    2.379    3.182    3.946    4.667    5.347    5.918
CT2028:135           -7.931   -7.974   -7.896   -7.774   -7.605   -7.407
   -7.202   -6.997   -6.797   -6.597   -6.382   -6.132   -5.820   -5.410
   -4.886   -4.246   -3.493   -2.647   -1.750   -0.832    0.077    0.953
    1.791    2.594    3.364    4.100    4.798    5.460    6.020
CT2028:130           -7.837   -7.862   -7.767   -7.629   -7.443   -7.230
   -7.009   -6.790   -6.576   -6.362   -6.134   -5.869   -5.541   -5.112
   -4.567   -3.909   -3.141   -2.288   -1.394   -0.489    0.396    1.240
    2.041    2.803    3.535    4.237    4.905    5.542    6.083
CT2028:125           -7.710   -7.711   -7.594   -7.433   -7.226   -6.991
   -6.749   -6.508   -6.273   -6.038   -5.787   -5.498   -5.147   -4.698
   -4.137   -3.469   -2.700   -1.856   -0.981   -0.104    0.746    1.549
    2.309    3.031    3.726    4.397    5.041    5.657    6.185
CT2028:120           -7.576   -7.546   -7.399   -7.209   -6.972   -6.709
   -6.439   -6.170   -5.905   -5.638   -5.354   -5.034   -4.655   -4.184
   -3.613   -2.946   -2.192   -1.377   -0.540    0.291    1.093    1.847
    2.559    3.238    3.894    4.532    5.149    5.740    6.249
CT2028:115           -7.445   -7.373   -7.186   -6.957   -6.684   -6.385
   -6.078   -5.772   -5.468   -5.159   -4.834   -4.474   -4.062   -3.571
   -2.996   -2.343   -1.619   -0.851   -0.070    0.700    1.441    2.138
    2.800    3.435    4.053    4.660    5.249    5.815    6.303
CT2028:110           -7.275   -7.160   -6.931   -6.662   -6.348   -6.009
   -5.662   -5.312   -4.962   -4.605   -4.231   -3.827   -3.380   -2.871
   -2.299   -1.670   -0.992   -0.286    0.423    1.119    1.788    2.423
    3.032    3.624    4.207    4.785    5.351    5.895    6.365
CT2028:105           -7.157   -6.981   -6.695   -6.371   -6.004   -5.615
   -5.216   -4.814   -4.409   -3.996   -3.567   -3.116   -2.634   -2.110
   -1.547   -0.952   -0.331    0.300    0.925    1.536    2.126    2.692
    3.243    3.789    4.334    4.883    5.420    5.938    6.382
CT2028:100           -6.958   -6.728   -6.391   -6.016   -5.600   -5.160
   -4.711   -4.255   -3.794   -3.324   -2.842   -2.345   -1.831   -1.298
   -0.751   -0.196    0.361    0.909    1.445    1.966    2.472    2.968
    3.463    3.964    4.475    4.999    5.515    6.015    6.441
CT2028:095           -6.825   -6.525   -6.121   -5.681   -5.204   -4.705
   -4.197   -3.682   -3.162   -2.635   -2.101   -1.562   -1.021   -0.484
    0.043    0.553    1.043    1.508    1.953    2.381    2.801    3.222
    3.655    4.107    4.579    5.070    5.557    6.026    6.421
CT2028:090           -6.605   -6.244   -5.782   -5.285   -4.752   -4.198
   -3.635   -3.067   -2.493   -1.915   -1.338   -0.766   -0.207    0.328
    0.831    1.297    1.723    2.108    2.466    2.808    3.146    3.497
    3.872    4.278    4.715    5.181    5.646    6.097    6.475
CT2028:085           -6.428   -5.995   -5.466   -4.904   -4.309   -3.696
   -3.078   -2.456   -1.833   -1.212   -0.600   -0.004    0.565    1.093
    1.569    1.991    2.357    2.670    2.949    3.210    3.471    3.752
    4.068    4.424    4.820    5.252    5.688    6.110    6.458
CT2028:080           -6.199   -5.702   -5.111   -4.488   -3.835   -3.169
   -2.501   -1.834   -1.171   -0.518    0.117    0.726    1.296    1.810
    2.258    2.641    2.955    3.206    3.418    3.609    3.802    4.022
    4.283    4.594    4.953    5.358    5.771    6.172    6.503
CT2028:075           -5.973   -5.411   -4.756   -4.072   -3.362   -2.644
   -1.930   -1.223   -0.528    0.147    0.794    1.405    1.967    2.462
    2.882    3.227    3.496    3.695    3.850    3.983    4.117    4.282
    4.493    4.760    5.082    5.458    5.846    6.226    6.539
CT2028:070           -5.749   -5.121   -4.404   -3.660   -2.894   -2.128
   -1.372   -0.632    0.086    0.774    1.425    2.028    2.574    3.046
    3.436    3.746    3.976    4.132    4.241    4.326    4.411    4.528
    4.694    4.921    5.208    5.554    5.918    6.276    6.572
CT2028:065           -5.540   -4.847   -4.067   -3.263   -2.442   -1.631
   -0.837   -0.069    0.667    1.360    2.005    2.594    3.119    3.562
    3.920    4.197    4.391    4.511    4.582    4.628    4.672    4.748
    4.874    5.063    5.314    5.630    5.966    6.299    6.575
CT2028:060           -5.334   -4.577   -3.737   -2.876   -2.004   -1.149
   -0.322    0.469    1.217    1.909    2.543    3.112    3.609    4.020
    4.344    4.587    4.749    4.837    4.878    4.893    4.907    4.950
    5.044    5.200    5.420    5.708    6.021    6.332    6.591
CT2028:055           -5.196   -4.369   -3.465   -2.543   -1.616   -0.718
    0.142    0.955    1.712    2.400    3.019    3.564    4.031    4.408
    4.696    4.904    5.034    5.094    5.108    5.098    5.086    5.103
    5.167    5.292    5.481    5.738    6.021    6.304    6.538
CT2028:050           -5.019   -4.134   -3.175   -2.202   -1.230   -0.296
    0.591    1.419    2.181    2.860    3.459    3.975    4.408    4.746
    4.997    5.171    5.271    5.306    5.300    5.272    5.243    5.240
    5.284    5.387    5.553    5.787    6.049    6.314    6.534
CT2028:045           -4.805   -3.875   -2.872   -1.857   -0.847    0.116
    1.023    1.861    2.621    3.286    3.861    4.345    4.741    5.041
    5.255    5.395    5.468    5.483    5.463    5.425    5.387    5.377
    5.413    5.506    5.663    5.890    6.150    6.417    6.651
CT2028:040           -4.667   -3.689   -2.642   -1.585   -0.539    0.452
    1.377    2.223    2.979    3.628    4.177    4.628    4.985    5.245
    5.422    5.530    5.577    5.575    5.542    5.494    5.450    5.433
    5.459    5.541    5.684    5.897    6.143    6.398    6.623
CT2028:035           -4.349   -3.362   -2.302   -1.231   -0.172    0.827
    1.754    2.594    3.336    3.960    4.476    4.889    5.205    5.426
    5.567    5.647    5.674    5.659    5.622    5.575    5.536    5.527
    5.562    5.654    5.808    6.036    6.305    6.588    6.857
CT2028:030           -4.255   -3.234   -2.143   -1.045    0.036    1.049
    1.983    2.820    3.549    4.150    4.636    5.013    5.291    5.474
    5.582    5.634    5.641    5.615    5.573    5.526    5.490    5.484
    5.522    5.616    5.770    5.995    6.261    6.540    6.808
CT2028:025           -4.068   -3.040   -1.942   -0.838    0.246    1.257
    2.183    3.005    3.711    4.283    4.733    5.071    5.309    5.455
    5.533    5.561    5.552    5.520    5.478    5.439    5.414    5.423
    5.477    5.586    5.755    5.996    6.277    6.574    6.865
CT2028:020           -4.019   -2.973   -1.862   -0.749    0.340    1.347
    2.262    3.066    3.748    4.287    4.701    5.001    5.201    5.312
    5.361    5.368    5.347    5.312    5.275    5.247    5.238    5.266
    5.339    5.467    5.652    5.905    6.197    6.502    6.800
CT2028:015           -4.034   -2.970   -1.852   -0.735    0.351    1.347
    2.244    3.024    3.675    4.179    4.553    4.812    4.974    5.052
    5.073    5.062    5.033    5.000    4.975    4.965    4.981    5.037
    5.139    5.293    5.502    5.775    6.082    6.400    6.706
CT2028:010           -4.031   -2.966   -1.854   -0.748    0.321    1.292
    2.160    2.905    3.516    3.976    4.305    4.521    4.641    4.685
    4.681    4.655    4.622    4.599    4.593    4.611    4.662    4.756
    4.897    5.089    5.334    5.636    5.967    6.306    6.628
CT2028:005           -4.098   -3.032   -1.931   -0.840    0.206    1.147
    1.977    2.680    3.246    3.658    3.939    4.109    4.188    4.198
    4.172    4.134    4.103    4.095    4.116    4.171    4.265    4.407
    4.596    4.834    5.120    5.457    5.816    6.180    6.516
CT2029:360           -4.141   -3.091   -2.015   -0.955    0.055    0.952
    1.735    2.387    2.899    3.256    3.486    3.607    3.645    3.623
    3.576    3.531    3.508    3.522    3.577    3.677    3.824    4.022
    4.269    4.562    4.898    5.277    5.673    6.068    6.428
