CT2036:360           -7.740   -7.396   -6.897   -6.347   -5.747   -5.132
   -4.527   -3.947   -3.403   -2.902   -2.439   -2.006   -1.594   -1.190
   -0.782   -0.362    0.081    0.547    1.034    1.541    2.061    2.591
    3.126    3.661    4.192    4.711    5.205    5.675    6.069
CT2036:355           -7.754   -7.423   -6.940   -6.407   -5.827   -5.235
   -4.657   -4.106   -3.592   -3.122   -2.689   -2.286   -1.902   -1.524
   -1.140   -0.738   -0.311    0.148    0.636    1.150    1.687    2.241
    2.807    3.376    3.944    4.500    5.031    5.535    5.957
CT2036:350           -7.779   -7.458   -6.990   -6.474   -5.914   -5.347
   -4.796   -4.274   -3.791   -3.353   -2.953   -2.581   -2.228   -1.879
   -1.520   -1.141   -0.729   -0.280    0.207    0.729    1.283    1.865
    2.463    3.071    3.681    4.281    4.853    5.397    5.855
CT2036:345           -7.785   -7.476   -7.025   -6.530   -5.993   -5.453
   -4.931   -4.442   -3.992   -3.589   -3.224   -2.887   -2.567   -2.250
   -1.919   -1.564   -1.171   -0.731   -0.245    0.286    0.858    1.467
    2.100    2.748    3.400    4.044    4.660    5.245    5.737
CT2036:340           -7.799   -7.498   -7.063   -6.586   -6.072   -5.559
   -5.069   -4.613   -4.200   -3.834   -3.507   -3.207   -2.924   -2.640
   -2.340   -2.009   -1.634   -1.203   -0.717   -0.176    0.415    1.054
    1.723    2.414    3.112    3.804    4.466    5.096    5.626
CT2036:335           -7.744   -7.463   -7.052   -6.602   -6.118   -5.638
   -5.184   -4.768   -4.395   -4.072   -3.787   -3.530   -3.287   -3.040
   -2.772   -2.467   -2.109   -1.686   -1.199   -0.647   -0.034    0.634
    1.341    2.073    2.818    3.557    4.264    4.937    5.503
CT2036:330           -7.743   -7.467   -7.070   -6.637   -6.177   -5.727
   -5.307   -4.928   -4.597   -4.318   -4.078   -3.865   -3.664   -3.455
   -3.219   -2.940   -2.598   -2.180   -1.688   -1.122   -0.487    0.214
    0.960    1.736    2.527    3.315    4.070    4.789    5.393
CT2036:325           -7.613   -7.364   -6.996   -6.594   -6.168   -5.756
   -5.378   -5.044   -4.760   -4.530   -4.340   -4.176   -4.021   -3.853
   -3.650   -3.396   -3.070   -2.656   -2.158   -1.575   -0.914   -0.179
    0.607    1.428    2.269    3.108    3.914    4.682    5.330
CT2036:320           -7.591   -7.342   -6.984   -6.596   -6.190   -5.807
   -5.462   -5.168   -4.927   -4.744   -4.602   -4.485   -4.375   -4.247
   -4.077   -3.847   -3.535   -3.124   -2.619   -2.020   -1.334   -0.567
    0.256    1.119    2.005    2.889    3.739    4.548    5.230
CT2036:315           -7.470   -7.233   -6.894   -6.527   -6.148   -5.797
   -5.489   -5.235   -5.040   -4.904   -4.811   -4.741   -4.676   -4.588
   -4.450   -4.243   -3.944   -3.536   -3.024   -2.409   -1.700   -0.902
   -0.041    0.863    1.793    2.725    3.621    4.476    5.199
CT2036:310           -7.423   -7.179   -6.841   -6.482   -6.116   -5.786
   -5.506   -5.286   -5.128   -5.034   -4.982   -4.956   -4.930   -4.877
   -4.769   -4.584   -4.300   -3.896   -3.381   -2.757   -2.030   -1.208
   -0.318    0.619    1.585    2.553    3.484    4.371    5.119
CT2036:305           -7.374   -7.115   -6.772   -6.413   -6.054   -5.739
   -5.480   -5.286   -5.159   -5.098   -5.083   -5.091   -5.100   -5.078
   -4.995   -4.832   -4.563   -4.168   -3.655   -3.026   -2.288   -1.448
   -0.535    0.430    1.425    2.426    3.388    4.305    5.079
CT2036:300           -7.301   -7.025   -6.674   -6.310   -5.952   -5.646
   -5.400   -5.224   -5.120   -5.085   -5.096   -5.132   -5.168   -5.171
   -5.112   -4.971   -4.721   -4.340   -3.837   -3.212   -2.472   -1.625
   -0.699    0.283    1.299    2.321    3.303    4.239    5.027
CT2036:295           -7.300   -6.986   -6.608   -6.222   -5.850   -5.537
   -5.290   -5.118   -5.022   -4.999   -5.024   -5.076   -5.130   -5.153
   -5.115   -4.996   -4.767   -4.407   -3.921   -3.309   -2.578   -1.732
   -0.803    0.187    1.214    2.248    3.242    4.189    4.984
CT2036:290           -7.203   -6.864   -6.464   -6.059   -5.671   -5.347
   -5.093   -4.917   -4.819   -4.798   -4.829   -4.889   -4.954   -4.993
   -4.975   -4.880   -4.678   -4.345   -3.885   -3.296   -2.583   -1.749
   -0.827    0.161    1.188    2.223    3.219    4.167    4.962
CT2036:285           -7.176   -6.790   -6.351   -5.910   -5.491   -5.139
   -4.860   -4.663   -4.548   -4.513   -4.534   -4.591   -4.658   -4.708
   -4.709   -4.639   -4.468   -4.169   -3.742   -3.185   -2.499   -1.687
   -0.781    0.193    1.210    2.239    3.227    4.169    4.959
CT2036:280           -7.062   -6.641   -6.168   -5.693   -5.240   -4.855
   -4.544   -4.316   -4.171   -4.111   -4.112   -4.155   -4.219   -4.276
   -4.295   -4.253   -4.116   -3.857   -3.473   -2.956   -2.308   -1.529
   -0.653    0.296    1.291    2.298    3.267    4.192    4.966
CT2036:275           -6.993   -6.525   -6.006   -5.484   -4.985   -4.554
   -4.196   -3.921   -3.731   -3.630   -3.596   -3.613   -3.662   -3.720
   -3.754   -3.739   -3.641   -3.428   -3.094   -2.629   -2.031   -1.299
   -0.467    0.441    1.397    2.369    3.304    4.195    4.941
CT2036:270           -6.872   -6.362   -5.797   -5.229   -4.681   -4.197
   -3.785   -3.453   -3.205   -3.048   -2.966   -2.944   -2.967   -3.015
   -3.058   -3.067   -3.008   -2.847   -2.571   -2.167   -1.631   -0.959
   -0.183    0.672    1.579    2.505    3.400    4.255    4.972
CT2036:265           -6.707   -6.161   -5.554   -4.940   -4.342   -3.802
   -3.328   -2.931   -2.615   -2.391   -2.246   -2.171   -2.153   -2.180
   -2.222   -2.249   -2.228   -2.121   -1.909   -1.577   -1.116   -0.518
    0.187    0.977    1.824    2.699    3.549    4.364    5.055
CT2036:260           -6.589   -5.998   -5.340   -4.674   -4.018   -3.415
   -2.872   -2.400   -2.007   -1.703   -1.481   -1.337   -1.263   -1.253
   -1.281   -1.317   -1.329   -1.278   -1.139   -0.891   -0.520   -0.013
    0.605    1.312    2.083    2.891    3.683    4.446    5.098
CT2036:255           -6.288   -5.683   -4.998   -4.299   -3.602   -2.947
   -2.343   -1.802   -1.332   -0.947   -0.643   -0.421   -0.279   -0.218
   -0.216   -0.248   -0.284   -0.284   -0.216   -0.052    0.227    0.642
    1.174    1.805    2.512    3.274    4.037    4.784    5.450
CT2036:250           -6.179   -5.530   -4.798   -4.048   -3.296   -2.580
   -1.910   -1.296   -0.745   -0.274    0.119    0.427    0.647    0.771
    0.811    0.792    0.739    0.690    0.685    0.755    0.929    1.235
    1.660    2.191    2.807    3.489    4.185    4.873    5.498
CT2036:245           -5.929   -5.264   -4.505   -3.725   -2.936   -2.176
   -1.454   -0.781   -0.163    0.383    0.856    1.245    1.542    1.732
    1.819    1.824    1.765    1.680    1.613    1.603    1.683    1.891
    2.220    2.664    3.205    3.829    4.483    5.142    5.764
CT2036:240           -5.833   -5.130   -4.332   -3.512   -2.682   -1.878
   -1.109   -0.384    0.290    0.899    1.439    1.898    2.264    2.515
    2.650    2.682    2.627    2.517    2.401    2.322    2.318    2.432
    2.668    3.022    3.479    4.031    4.624    5.228    5.811
CT2036:235           -5.728   -4.994   -4.166   -3.315   -2.455   -1.620
   -0.820   -0.062    0.647    1.296    1.879    2.386    2.802    3.100
    3.275    3.337    3.294    3.176    3.033    2.909    2.845    2.890
    3.052    3.332    3.720    4.211    4.750    5.307    5.856
CT2036:230           -5.648   -4.886   -4.032   -3.157   -2.274   -1.421
   -0.605    0.167    0.890    1.553    2.153    2.679    3.118    3.444
    3.647    3.735    3.712    3.604    3.458    3.317    3.225    3.230
    3.345    3.576    3.914    4.359    4.857    5.376    5.896
CT2036:225           -5.605   -4.815   -3.939   -3.044   -2.148   -1.287
   -0.468    0.301    1.015    1.667    2.255    2.772    3.207    3.535
    3.751    3.857    3.857    3.772    3.646    3.517    3.428    3.424
    3.521    3.727    4.035    4.447    4.913    5.401    5.893
CT2036:220           -5.544   -4.736   -3.849   -2.946   -2.048   -1.193
   -0.387    0.361    1.048    1.665    2.216    2.696    3.100    3.409
    3.618    3.733    3.755    3.703    3.615    3.525    3.468    3.488
    3.598    3.808    4.112    4.514    4.967    5.442    5.919
CT2036:215           -5.536   -4.708   -3.810   -2.902   -2.006   -1.162
   -0.377    0.341    0.987    1.555    2.051    2.477    2.830    3.099
    3.285    3.397    3.437    3.421    3.381    3.345    3.342    3.407
    3.553    3.788    4.105    4.509    4.958    5.423    5.884
CT2036:210           -5.497   -4.662   -3.765   -2.863   -1.979   -1.157
   -0.401    0.277    0.876    1.385    1.816    2.174    2.463    2.679
    2.831    2.929    2.979    2.998    3.010    3.036    3.101    3.231
    3.434    3.714    4.067    4.495    4.958    5.433    5.894
CT2036:205           -5.524   -4.676   -3.778   -2.880   -2.007   -1.207
   -0.481    0.159    0.709    1.160    1.526    1.815    2.037    2.195
    2.304    2.379    2.431    2.477    2.536    2.624    2.758    2.959
    3.227    3.563    3.961    4.420    4.903    5.390    5.850
CT2036:200           -5.507   -4.661   -3.773   -2.890   -2.037   -1.263
   -0.569    0.032    0.535    0.931    1.235    1.459    1.616    1.715
    1.779    1.825    1.871    1.936    2.034    2.178    2.379    2.651
    2.989    3.389    3.843    4.345    4.862    5.375    5.847
CT2036:195           -5.528   -4.683   -3.805   -2.935   -2.101   -1.351
   -0.686   -0.119    0.345    0.695    0.947    1.116    1.216    1.263
    1.283    1.299    1.332    1.407    1.533    1.721    1.980    2.316
    2.720    3.183    3.694    4.243    4.796    5.339    5.824
CT2036:190           -5.535   -4.698   -3.836   -2.985   -2.172   -1.447
   -0.809   -0.271    0.161    0.474    0.686    0.811    0.865    0.868
    0.850    0.836    0.855    0.930    1.074    1.296    1.600    1.993
    2.456    2.978    3.544    4.141    4.734    5.310    5.812
CT2036:185           -5.522   -4.703   -3.862   -3.033   -2.245   -1.544
   -0.931   -0.418   -0.012    0.273    0.456    0.548    0.570    0.539
    0.490    0.452    0.454    0.527    0.681    0.925    1.264    1.700
    2.213    2.788    3.406    4.050    4.683    5.294    5.817
CT2036:180           -5.549   -4.744   -3.921   -3.113   -2.346   -1.665
   -1.071   -0.576   -0.187    0.080    0.245    0.318    0.318    0.266
    0.197    0.140    0.130    0.198    0.356    0.614    0.975    1.444
    1.995    2.611    3.272    3.957    4.624    5.265    5.807
CT2036:175           -5.567   -4.780   -3.980   -3.193   -2.449   -1.788
   -1.211   -0.731   -0.355   -0.098    0.057    0.122    0.113    0.051
   -0.029   -0.095   -0.114   -0.051    0.107    0.371    0.746    1.236
    1.813    2.459    3.151    3.866    4.560    5.223    5.773
CT2036:170           -5.610   -4.839   -4.059   -3.292   -2.567   -1.923
   -1.360   -0.890   -0.521   -0.266   -0.110   -0.044   -0.050   -0.111
   -0.190   -0.257   -0.277   -0.215   -0.057    0.210    0.592    1.094
    1.689    2.356    3.072    3.812    4.528    5.210    5.772
CT2036:165           -5.660   -4.906   -4.145   -3.398   -2.691   -2.063
   -1.512   -1.049   -0.681   -0.422   -0.259   -0.182   -0.175   -0.223
   -0.292   -0.350   -0.365   -0.302   -0.144    0.123    0.505    1.009
    1.609    2.284    3.010    3.760    4.484    5.172    5.732
CT2036:160           -5.715   -4.978   -4.235   -3.506   -2.816   -2.201
   -1.659   -1.199   -0.828   -0.560   -0.381   -0.283   -0.254   -0.278
   -0.326   -0.367   -0.370   -0.300   -0.140    0.124    0.503    1.004
    1.602    2.277    3.006    3.762    4.492    5.185    5.746
CT2036:155           -5.766   -5.046   -4.319   -3.607   -2.932   -2.328
   -1.791   -1.331   -0.952   -0.666   -0.464   -0.338   -0.276   -0.268
   -0.285   -0.301   -0.286   -0.206   -0.044    0.218    0.590    1.081
    1.670    2.339    3.063    3.816    4.546    5.240    5.803
CT2036:150           -5.829   -5.123   -4.411   -3.712   -3.049   -2.451
   -1.915   -1.448   -1.055   -0.745   -0.511   -0.347   -0.245   -0.196
   -0.176   -0.162   -0.125   -0.034    0.130    0.386    0.744    1.219
    1.789    2.438    3.145    3.883    4.600    5.282    5.836
CT2036:145           -5.902   -5.206   -4.504   -3.813   -3.156   -2.558
   -2.017   -1.537   -1.121   -0.779   -0.505   -0.296   -0.146   -0.050
    0.012    0.061    0.122    0.226    0.391    0.638    0.980    1.431
    1.976    2.598    3.279    3.994    4.691    5.357    5.899
CT2036:140           -5.968   -5.283   -4.588   -3.903   -3.247   -2.645
   -2.091   -1.591   -1.147   -0.766   -0.446   -0.186    0.017    0.165
    0.272    0.358    0.445    0.560    0.725    0.960    1.280    1.702
    2.212    2.798    3.442    4.123    4.791    5.429    5.950
CT2036:135           -6.031   -5.357   -4.666   -3.983   -3.323   -2.710
   -2.139   -1.612   -1.133   -0.708   -0.337   -0.022    0.237    0.437
    0.591    0.714    0.825    0.951    1.113    1.333    1.626    2.010
    2.476    3.015    3.610    4.244    4.867    5.462    5.945
CT2036:130           -6.099   -5.430   -4.739   -4.050   -3.379   -2.748
   -2.151   -1.591   -1.071   -0.597   -0.172    0.199    0.515    0.768
    0.968    1.129    1.267    1.405    1.565    1.770    2.035    2.381
    2.801    3.291    3.836    4.421    5.001    5.556    6.009
CT2036:125           -6.105   -5.454   -4.766   -4.076   -3.395   -2.744
   -2.119   -1.524   -0.961   -0.439    0.038    0.464    0.834    1.138
    1.382    1.579    1.742    1.891    2.049    2.237    2.472    2.774
    3.144    3.577    4.064    4.592    5.119    5.625    6.036
CT2036:120           -6.176   -5.526   -4.828   -4.122   -3.419   -2.737
   -2.075   -1.437   -0.826   -0.252    0.278    0.758    1.180    1.532
    1.820    2.053    2.242    2.403    2.560    2.732    2.937    3.197
    3.515    3.891    4.320    4.792    5.268    5.727    6.103
CT2036:115           -6.176   -5.540   -4.840   -4.124   -3.400   -2.688
   -1.988   -1.307   -0.649   -0.025    0.557    1.087    1.558    1.956
    2.284    2.551    2.763    2.935    3.090    3.245    3.420    3.636
    3.901    4.221    4.591    5.007    5.433    5.847    6.189
CT2036:110           -6.251   -5.613   -4.898   -4.161   -3.407   -2.654
   -1.910   -1.178   -0.468    0.210    0.846    1.428    1.948    2.391
    2.758    3.056    3.290    3.469    3.617    3.752    3.893    4.062
    4.274    4.534    4.844    5.203    5.577    5.943    6.249
CT2036:105           -6.301   -5.666   -4.939   -4.182   -3.399   -2.607
   -1.816   -1.034   -0.269    0.466    1.157    1.794    2.364    2.853
    3.257    3.583    3.832    4.013    4.150    4.259    4.363    4.485
    4.643    4.847    5.100    5.408    5.735    6.061    6.339
CT2036:100           -6.384   -5.748   -5.005   -4.226   -3.411   -2.578
   -1.739   -0.902   -0.079    0.716    1.468    2.163    2.787    3.322
    3.762    4.112    4.371    4.546    4.663    4.740    4.800    4.871
    4.972    5.120    5.318    5.573    5.854    6.138    6.382
CT2036:095           -6.472   -5.836   -5.080   -4.281   -3.437   -2.564
   -1.679   -0.789    0.093    0.950    1.766    2.523    3.204    3.786
    4.261    4.632    4.895    5.058    5.148    5.187    5.201    5.220
    5.269    5.365    5.514    5.726    5.969    6.218    6.439
CT2036:090           -6.569   -5.935   -5.167   -4.352   -3.483   -2.576
   -1.649   -0.710    0.228    1.147    2.026    2.844    3.583    4.212
    4.719    5.107    5.371    5.516    5.575    5.574    5.541    5.511
    5.511    5.559    5.665    5.837    6.045    6.262    6.457
CT2036:085           -6.670   -6.041   -5.268   -4.443   -3.556   -2.623
   -1.662   -0.682    0.304    1.276    2.212    3.088    3.879    4.550
    5.086    5.489    5.750    5.878    5.908    5.870    5.796    5.724
    5.683    5.694    5.764    5.905    6.083    6.273    6.445
CT2036:080           -6.780   -6.158   -5.384   -4.554   -3.657   -2.706
   -1.722   -0.714    0.307    1.321    2.301    3.220    4.053    4.759
    5.319    5.735    5.997    6.112    6.123    6.060    5.959    5.858
    5.792    5.778    5.827    5.947    6.106    6.278    6.434
CT2036:075           -6.758   -6.170   -5.418   -4.604   -3.718   -2.771
   -1.785   -0.769    0.265    1.297    2.299    3.242    4.099    4.826
    5.404    5.831    6.099    6.216    6.224    6.156    6.050    5.946
    5.878    5.865    5.915    6.039    6.204    6.384    6.555
CT2036:070           -6.879   -6.303   -5.561   -4.756   -3.876   -2.935
   -1.954   -0.942    0.091    1.122    2.126    3.074    3.936    4.670
    5.257    5.694    5.973    6.102    6.124    6.070    5.978    5.887
    5.830    5.826    5.882    6.007    6.171    6.348    6.514
CT2036:065           -6.797   -6.271   -5.568   -4.798   -3.951   -3.040
   -2.088   -1.103   -0.099    0.906    1.886    2.812    3.657    4.383
    4.970    5.416    5.714    5.872    5.930    5.917    5.869    5.823
    5.809    5.846    5.939    6.101    6.302    6.518    6.732
CT2036:060           -6.919   -6.410   -5.725   -4.975   -4.150   -3.264
   -2.340   -1.389   -0.421    0.545    1.485    2.373    3.186    3.890
    4.468    4.920    5.239    5.432    5.536    5.577    5.585    5.592
    5.626    5.701    5.826    6.009    6.224    6.450    6.670
CT2036:055           -7.042   -6.550   -5.885   -5.156   -4.355   -3.500
   -2.613   -1.703   -0.783    0.132    1.018    1.856    2.625    3.297
    3.859    4.313    4.654    4.890    5.050    5.156    5.233    5.306
    5.398    5.524    5.688    5.898    6.134    6.376    6.604
CT2036:050           -7.156   -6.684   -6.041   -5.336   -4.564   -3.744
   -2.897   -2.034   -1.167   -0.311    0.515    1.295    2.013    2.647
    3.188    3.641    4.004    4.284    4.503    4.679    4.829    4.974
    5.131    5.311    5.519    5.763    6.023    6.286    6.527
CT2036:045           -7.387   -6.912   -6.276   -5.582   -4.828   -4.033
   -3.221   -2.401   -1.583   -0.784   -0.016    0.706    1.372    1.967
    2.486    2.937    3.319    3.638    3.913    4.154    4.374    4.586
    4.803    5.032    5.280    5.549    5.826    6.099    6.339
CT2036:040           -7.489   -7.034   -6.420   -5.750   -5.024   -4.263
   -3.490   -2.715   -1.949   -1.207   -0.498    0.167    0.783    1.339
    1.837    2.283    2.682    3.037    3.362    3.664    3.950    4.226
    4.503    4.785    5.078    5.383    5.690    5.989    6.250
CT2036:035           -7.652   -7.203   -6.600   -5.944   -5.236   -4.500
   -3.759   -3.023   -2.302   -1.610   -0.954   -0.339    0.231    0.753
    1.230    1.673    2.084    2.470    2.837    3.190    3.531    3.864
    4.193    4.524    4.859    5.200    5.537    5.863    6.146
CT2036:030           -7.739   -7.308   -6.724   -6.089   -5.403   -4.694
   -3.985   -3.287   -2.609   -1.964   -1.357   -0.789   -0.260    0.230
    0.688    1.125    1.545    1.954    2.355    2.749    3.135    3.515
    3.890    4.264    4.638    5.014    5.383    5.739    6.046
CT2036:025           -7.831   -7.414   -6.846   -6.227   -5.560   -4.874
   -4.193   -3.527   -2.888   -2.286   -1.722   -1.197   -0.706   -0.245
    0.195    0.625    1.050    1.475    1.901    2.326    2.749    3.166
    3.579    3.989    4.398    4.805    5.202    5.584    5.913
CT2036:020           -7.902   -7.500   -6.948   -6.346   -5.696   -5.031
   -4.375   -3.739   -3.135   -2.572   -2.049   -1.562   -1.106   -0.673
   -0.251    0.169    0.596    1.032    1.477    1.927    2.379    2.828
    3.275    3.720    4.164    4.605    5.034    5.448    5.806
CT2036:015           -7.919   -7.540   -7.008   -6.427   -5.797   -5.155
   -4.524   -3.918   -3.348   -2.822   -2.338   -1.889   -1.467   -1.062
   -0.660   -0.250    0.174    0.616    1.073    1.542    2.017    2.495
    2.973    3.450    3.927    4.402    4.865    5.312    5.700
CT2036:010           -7.972   -7.607   -7.089   -6.521   -5.907   -5.283
   -4.673   -4.093   -3.553   -3.061   -2.612   -2.198   -1.809   -1.430
   -1.048   -0.652   -0.234    0.210    0.675    1.158    1.653    2.155
    2.661    3.170    3.680    4.190    4.688    5.169    5.589
CT2036:005           -7.984   -7.636   -7.135   -6.584   -5.988   -5.383
   -4.797   -4.244   -3.733   -3.274   -2.859   -2.479   -2.120   -1.768
   -1.408   -1.028   -0.619   -0.177    0.294    0.788    1.301    1.827
    2.364    2.907    3.455    4.007    4.548    5.073    5.537
CT2037:360           -8.019   -7.681   -7.192   -6.656   -6.075   -5.490
   -4.925   -4.397   -3.915   -3.487   -3.104   -2.755   -2.426   -2.101
   -1.763   -1.401   -1.004   -0.568   -0.098    0.404    0.930    1.478
    2.041    2.616    3.199    3.787    4.366    4.928    5.426
