CT2042:360           -7.630   -7.176   -6.617   -6.034   -5.443   -4.887
   -4.380   -3.930   -3.542   -3.219   -2.946   -2.708   -2.489   -2.271
   -2.031   -1.755   -1.425   -1.028   -0.567   -0.040    0.552    1.207
    1.910    2.651    3.417    4.189    4.932    5.639    6.223
CT2042:355           -7.717   -7.269   -6.724   -6.158   -5.588   -5.059
   -4.582   -4.166   -3.816   -3.534   -3.302   -3.106   -2.928   -2.744
   -2.531   -2.272   -1.945   -1.537   -1.051   -0.486    0.154    0.863
    1.624    2.422    3.242    4.064    4.853    5.602    6.220
CT2042:350           -7.754   -7.318   -6.791   -6.245   -5.698   -5.196
   -4.749   -4.366   -4.053   -3.810   -3.620   -3.466   -3.328   -3.179
   -2.994   -2.752   -2.431   -2.013   -1.504   -0.905   -0.222    0.536
    1.348    2.196    3.063    3.927    4.750    5.530    6.170
CT2042:345           -7.806   -7.375   -6.857   -6.323   -5.793   -5.310
   -4.885   -4.530   -4.246   -4.038   -3.885   -3.770   -3.669   -3.553
   -3.393   -3.168   -2.851   -2.425   -1.895   -1.265   -0.545    0.258
    1.114    2.007    2.916    3.817    4.674    5.483    6.145
CT2042:340           -7.824   -7.400   -6.891   -6.367   -5.848   -5.379
   -4.971   -4.636   -4.377   -4.197   -4.075   -3.992   -3.924   -3.837
   -3.700   -3.489   -3.177   -2.745   -2.200   -1.547   -0.797    0.038
    0.929    1.854    2.795    3.723    4.603    5.433    6.109
CT2042:335           -7.811   -7.394   -6.891   -6.374   -5.861   -5.400
   -5.001   -4.677   -4.433   -4.272   -4.173   -4.114   -4.069   -4.005
   -3.886   -3.688   -3.381   -2.947   -2.395   -1.730   -0.965   -0.113
    0.796    1.738    2.694    3.635    4.525    5.362    6.039
CT2042:330           -7.809   -7.389   -6.883   -6.361   -5.844   -5.378
   -4.976   -4.650   -4.407   -4.251   -4.160   -4.111   -4.078   -4.025
   -3.916   -3.726   -3.425   -2.994   -2.443   -1.779   -1.013   -0.159
    0.752    1.698    2.657    3.603    4.498    5.340    6.022
CT2042:325           -7.740   -7.325   -6.817   -6.291   -5.766   -5.288
   -4.874   -4.536   -4.281   -4.115   -4.016   -3.963   -3.927   -3.873
   -3.766   -3.580   -3.287   -2.867   -2.331   -1.683   -0.936   -0.102
    0.791    1.721    2.669    3.606    4.494    5.332    6.011
CT2042:320           -7.718   -7.290   -6.766   -6.220   -5.672   -5.168
   -4.724   -4.356   -4.071   -3.875   -3.749   -3.670   -3.613   -3.544
   -3.429   -3.243   -2.960   -2.560   -2.053   -1.441   -0.733    0.061
    0.915    1.811    2.729    3.645    4.517    5.341    6.013
CT2042:315           -7.650   -7.213   -6.671   -6.104   -5.526   -4.987
   -4.504   -4.093   -3.762   -3.520   -3.347   -3.224   -3.129   -3.031
   -2.900   -2.711   -2.442   -2.072   -1.608   -1.050   -0.402    0.332
    1.129    1.975    2.851    3.735    4.585    5.392    6.057
CT2042:310           -7.609   -7.153   -6.583   -5.983   -5.366   -4.780
   -4.244   -3.775   -3.382   -3.074   -2.837   -2.653   -2.504   -2.366
   -2.211   -2.019   -1.768   -1.439   -1.033   -0.545    0.025    0.680
    1.403    2.181    3.000    3.838    4.652    5.430    6.077
CT2042:305           -7.513   -7.044   -6.448   -5.816   -5.160   -4.523
   -3.929   -3.394   -2.928   -2.544   -2.230   -1.974   -1.762   -1.576
   -1.395   -1.200   -0.971   -0.692   -0.354    0.051    0.530    1.092
    1.727    2.426    3.175    3.956    4.724    5.461    6.080
CT2042:300           -7.460   -6.966   -6.336   -5.664   -4.959   -4.264
   -3.603   -2.993   -2.446   -1.977   -1.578   -1.241   -0.959   -0.722
   -0.513   -0.315   -0.111    0.116    0.380    0.698    1.080    1.546
    2.089    2.705    3.380    4.103    4.822    5.520    6.113
CT2042:295           -7.268   -6.775   -6.129   -5.433   -4.693   -3.949
   -3.228   -2.549   -1.926   -1.374   -0.892   -0.479   -0.131    0.154
    0.389    0.588    0.764    0.938    1.129    1.359    1.646    2.014
    2.464    2.994    3.593    4.251    4.915    5.563    6.120
CT2042:290           -7.209   -6.690   -6.009   -5.274   -4.487   -3.687
   -2.902   -2.152   -1.452   -0.820   -0.259    0.228    0.640    0.971
    1.230    1.430    1.583    1.709    1.836    1.988    2.189    2.470
    2.836    3.287    3.815    4.411    5.025    5.629    6.157
CT2042:285           -7.067   -6.542   -5.843   -5.084   -4.265   -3.423
   -2.589   -1.783   -1.021   -0.324    0.302    0.848    1.312    1.680
    1.958    2.159    2.293    2.379    2.449    2.533    2.658    2.858
    3.143    3.515    3.968    4.494    5.041    5.582    6.053
CT2042:280           -7.008   -6.459   -5.732   -4.943   -4.090   -3.209
   -2.333   -1.480   -0.669    0.079    0.755    1.350    1.855    2.256
    2.554    2.761    2.886    2.948    2.983    3.020    3.092    3.233
    3.458    3.770    4.166    4.640    5.142    5.643    6.085
CT2042:275           -6.964   -6.396   -5.647   -4.836   -3.958   -3.052
   -2.149   -1.268   -0.426    0.353    1.060    1.685    2.218    2.642
    2.958    3.176    3.301    3.352    3.365    3.371    3.402    3.494
    3.664    3.919    4.254    4.666    5.106    5.545    5.925
CT2042:270           -6.912   -6.325   -5.561   -4.734   -3.843   -2.925
   -2.011   -1.120   -0.269    0.520    1.240    1.880    2.431    2.875
    3.210    3.447    3.587    3.646    3.659    3.657    3.671    3.739
    3.878    4.098    4.395    4.770    5.176    5.583    5.939
CT2042:265           -6.773   -6.189   -5.427   -4.604   -3.719   -2.809
   -1.906   -1.028   -0.190    0.588    1.301    1.939    2.497    2.955
    3.313    3.574    3.741    3.823    3.855    3.864    3.881    3.943
    4.070    4.272    4.550    4.907    5.298    5.694    6.050
CT2042:260           -6.732   -6.136   -5.371   -4.550   -3.672   -2.778
   -1.895   -1.041   -0.230    0.523    1.216    1.843    2.399    2.869
    3.247    3.538    3.738    3.854    3.915    3.946    3.977    4.043
    4.165    4.355    4.616    4.952    5.322    5.698    6.039
CT2042:255           -6.506   -5.935   -5.198   -4.405   -3.561   -2.705
   -1.865   -1.056   -0.290    0.422    1.081    1.685    2.231    2.706
    3.105    3.427    3.666    3.825    3.928    3.997    4.059    4.147
    4.285    4.487    4.757    5.102    5.486    5.881    6.254
CT2042:250           -6.473   -5.897   -5.167   -4.389   -3.568   -2.745
   -1.945   -1.181   -0.461    0.207    0.829    1.407    1.939    2.416
    2.832    3.181    3.457    3.657    3.802    3.908    4.002    4.113
    4.265    4.474    4.745    5.086    5.464    5.852    6.219
CT2042:245           -6.327   -5.768   -5.064   -4.317   -3.535   -2.759
   -2.010   -1.300   -0.634   -0.015    0.565    1.111    1.624    2.097
    2.523    2.895    3.203    3.442    3.629    3.777    3.908    4.050
    4.228    4.456    4.742    5.095    5.484    5.883    6.264
CT2042:240           -6.296   -5.735   -5.044   -4.318   -3.566   -2.830
   -2.126   -1.465   -0.848   -0.275    0.266    0.781    1.272    1.736
    2.164    2.550    2.883    3.154    3.376    3.561    3.728    3.903
    4.107    4.357    4.658    5.022    5.418    5.823    6.208
CT2042:235           -6.240   -5.682   -5.010   -4.307   -3.588   -2.893
   -2.235   -1.621   -1.050   -0.521   -0.019    0.463    0.930    1.378
    1.801    2.191    2.536    2.830    3.081    3.299    3.499    3.706
    3.940    4.215    4.537    4.915    5.322    5.735    6.126
CT2042:230           -6.205   -5.646   -4.987   -4.304   -3.614   -2.955
   -2.337   -1.764   -1.235   -0.745   -0.279    0.171    0.610    1.037
    1.446    1.829    2.178    2.485    2.756    3.000    3.233    3.473
    3.738    4.043    4.392    4.793    5.219    5.649    6.052
CT2042:225           -6.135   -5.580   -4.938   -4.277   -3.616   -2.992
   -2.411   -1.876   -1.385   -0.931   -0.501   -0.084    0.324    0.724
    1.110    1.476    1.817    2.125    2.408    2.672    2.930    3.201
    3.498    3.833    4.210    4.634    5.080    5.527    5.941
CT2042:220           -6.092   -5.535   -4.902   -4.256   -3.616   -3.019
   -2.467   -1.964   -1.504   -1.082   -0.684   -0.300    0.074    0.440
    0.796    1.138    1.461    1.763    2.050    2.328    2.609    2.909
    3.239    3.607    4.017    4.473    4.946    5.418    5.854
CT2042:215           -5.984   -5.435   -4.818   -4.191   -3.574   -3.003
   -2.479   -2.004   -1.574   -1.184   -0.819   -0.472   -0.135    0.192
    0.510    0.819    1.117    1.404    1.687    1.972    2.270    2.596
    2.956    3.358    3.801    4.288    4.789    5.288    5.744
CT2042:210           -5.931   -5.377   -4.763   -4.144   -3.539   -2.984
   -2.478   -2.024   -1.617   -1.255   -0.922   -0.611   -0.314   -0.029
    0.247    0.518    0.785    1.051    1.325    1.612    1.924    2.272
    2.662    3.098    3.576    4.098    4.633    5.163    5.647
CT2042:205           -5.850   -5.293   -4.684   -4.072   -3.478   -2.936
   -2.446   -2.010   -1.625   -1.290   -0.989   -0.716   -0.462   -0.223
    0.008    0.235    0.466    0.707    0.965    1.249    1.568    1.935
    2.352    2.818    3.329    3.885    4.452    5.013    5.521
CT2042:200           -5.788   -5.222   -4.610   -3.998   -3.406   -2.871
   -2.391   -1.968   -1.603   -1.292   -1.024   -0.788   -0.578   -0.386
   -0.202   -0.020    0.172    0.383    0.622    0.899    1.222    1.605
    2.045    2.542    3.088    3.680    4.283    4.880    5.419
CT2042:195           -5.746   -5.164   -4.544   -3.926   -3.332   -2.798
   -2.322   -1.910   -1.560   -1.273   -1.035   -0.837   -0.670   -0.525
   -0.390   -0.254   -0.103    0.076    0.292    0.558    0.881    1.276
    1.737    2.261    2.840    3.469    4.108    4.740    5.312
CT2042:190           -5.678   -5.084   -4.455   -3.830   -3.232   -2.698
   -2.226   -1.822   -1.487   -1.223   -1.015   -0.854   -0.730   -0.632
   -0.546   -0.456   -0.348   -0.204   -0.012    0.238    0.558    0.960
    1.439    1.988    2.598    3.261    3.937    4.605    5.209
CT2042:185           -5.657   -5.039   -4.392   -3.751   -3.142   -2.601
   -2.127   -1.728   -1.404   -1.160   -0.980   -0.855   -0.771   -0.719
   -0.679   -0.635   -0.569   -0.460   -0.296   -0.063    0.249    0.657
    1.149    1.720    2.358    3.055    3.765    4.468    5.106
CT2042:180           -5.588   -4.954   -4.295   -3.643   -3.024   -2.477
   -2.003   -1.609   -1.297   -1.073   -0.921   -0.829   -0.786   -0.777
   -0.783   -0.785   -0.760   -0.687   -0.551   -0.338   -0.035    0.374
    0.877    1.467    2.130    2.858    3.602    4.338    5.008
CT2042:175           -5.570   -4.910   -4.229   -3.558   -2.923   -2.366
   -1.886   -1.493   -1.189   -0.983   -0.855   -0.795   -0.789   -0.823
   -0.873   -0.917   -0.934   -0.897   -0.790   -0.599   -0.308    0.097
    0.606    1.209    1.891    2.642    3.410    4.171    4.860
CT2042:170           -5.506   -4.828   -4.131   -3.445   -2.797   -2.231
   -1.747   -1.355   -1.060   -0.869   -0.765   -0.735   -0.764   -0.838
   -0.929   -1.016   -1.072   -1.069   -0.991   -0.820   -0.543   -0.140
    0.374    0.991    1.692    2.469    3.265    4.055    4.772
CT2042:165           -5.437   -4.745   -4.033   -3.332   -2.671   -2.095
   -1.606   -1.214   -0.924   -0.747   -0.663   -0.660   -0.722   -0.832
   -0.964   -1.091   -1.187   -1.219   -1.171   -1.023   -0.761   -0.364
    0.150    0.774    1.488    2.281    3.095    3.902    4.632
CT2042:160           -5.404   -4.692   -3.960   -3.241   -2.562   -1.972
   -1.472   -1.075   -0.785   -0.615   -0.546   -0.563   -0.651   -0.794
   -0.962   -1.127   -1.260   -1.325   -1.305   -1.178   -0.929   -0.537
   -0.019    0.614    1.344    2.159    2.996    3.827    4.580
CT2042:155           -5.325   -4.602   -3.858   -3.126   -2.434   -1.833
   -1.324   -0.921   -0.630   -0.464   -0.404   -0.438   -0.549   -0.721
   -0.923   -1.126   -1.297   -1.398   -1.409   -1.307   -1.075   -0.692
   -0.176    0.462    1.201    2.028    2.880    3.725    4.491
CT2042:150           -5.284   -4.543   -3.782   -3.032   -2.323   -1.707
   -1.184   -0.770   -0.471   -0.301   -0.242   -0.284   -0.409   -0.605
   -0.838   -1.076   -1.285   -1.423   -1.467   -1.391   -1.178   -0.805
   -0.291    0.350    1.097    1.935    2.799    3.658    4.436
CT2042:145           -5.239   -4.484   -3.707   -2.942   -2.217   -1.584
   -1.046   -0.616   -0.304   -0.123   -0.058   -0.098   -0.230   -0.443
   -0.702   -0.973   -1.219   -1.396   -1.474   -1.426   -1.233   -0.870
   -0.359    0.284    1.037    1.886    2.762    3.634    4.426
CT2042:140           -5.214   -4.444   -3.650   -2.868   -2.126   -1.475
   -0.918   -0.469   -0.136    0.063    0.143    0.112   -0.019   -0.242
   -0.522   -0.823   -1.106   -1.321   -1.435   -1.417   -1.247   -0.898
   -0.395    0.245    0.999    1.849    2.727    3.600    4.393
CT2042:135           -5.105   -4.336   -3.539   -2.751   -1.999   -1.335
   -0.762   -0.294    0.060    0.281    0.382    0.367    0.243    0.017
   -0.277   -0.603   -0.917   -1.166   -1.311   -1.320   -1.168   -0.828
   -0.328    0.316    1.077    1.938    2.832    3.724    4.546
CT2042:130           -5.098   -4.317   -3.505   -2.701   -1.933   -1.249
   -0.654   -0.161    0.221    0.471    0.599    0.606    0.497    0.275
   -0.028   -0.372   -0.713   -0.992   -1.168   -1.204   -1.074   -0.752
   -0.265    0.367    1.117    1.967    2.848    3.728    4.540
CT2042:125           -4.935   -4.172   -3.369   -2.569   -1.799   -1.107
   -0.498    0.014    0.418    0.695    0.850    0.881    0.791    0.579
    0.277   -0.075   -0.430   -0.729   -0.925   -0.979   -0.864   -0.553
   -0.074    0.552    1.297    2.145    3.030    3.918    4.749
CT2042:120           -4.945   -4.173   -3.357   -2.544   -1.759   -1.048
   -0.416    0.121    0.555    0.863    1.049    1.110    1.045    0.852
    0.561    0.212   -0.147   -0.454   -0.663   -0.733   -0.636   -0.345
    0.111    0.712    1.430    2.249    3.105    3.966    4.774
CT2042:115           -4.843   -4.085   -3.276   -2.466   -1.677   -0.957
   -0.312    0.245    0.702    1.037    1.252    1.342    1.307    1.140
    0.871    0.541    0.195   -0.107   -0.316   -0.393   -0.310   -0.040
    0.390    0.961    1.647    2.435    3.263    4.098    4.891
CT2042:110           -4.865   -4.102   -3.285   -2.464   -1.662   -0.926
   -0.261    0.318    0.801    1.165    1.412    1.536    1.537    1.408
    1.177    0.882    0.564    0.283    0.083    0.004    0.072    0.314
    0.707    1.234    1.873    2.613    3.396    4.189    4.948
CT2042:105           -4.820   -4.068   -3.255   -2.435   -1.630   -0.885
   -0.207    0.389    0.892    1.282    1.560    1.721    1.765    1.684
    1.504    1.259    0.987    0.739    0.559    0.482    0.534    0.744
    1.093    1.568    2.152    2.839    3.574    4.323    5.050
CT2042:100           -4.855   -4.102   -3.284   -2.458   -1.644   -0.887
   -0.194    0.420    0.946    1.364    1.676    1.879    1.973    1.952
    1.837    1.658    1.444    1.240    1.085    1.012    1.047    1.217
    1.513    1.927    2.446    3.071    3.749    4.445    5.131
CT2042:095           -4.848   -4.106   -3.294   -2.470   -1.655   -0.891
   -0.189    0.439    0.984    1.427    1.774    2.023    2.174    2.221
    2.181    2.077    1.931    1.778    1.652    1.584    1.600    1.728
    1.967    2.318    2.770    3.332    3.954    4.601    5.251
CT2042:090           -4.895   -4.158   -3.346   -2.522   -1.703   -0.933
   -0.220    0.422    0.985    1.456    1.840    2.137    2.349    2.470
    2.509    2.485    2.411    2.311    2.217    2.154    2.149    2.234
    2.416    2.701    3.086    3.583    4.146    4.739    5.346
CT2042:085           -4.946   -4.218   -3.413   -2.592   -1.774   -1.001
   -0.282    0.370    0.950    1.446    1.866    2.211    2.484    2.676
    2.794    2.848    2.844    2.797    2.733    2.678    2.656    2.702
    2.831    3.054    3.375    3.810    4.316    4.856    5.418
CT2042:080           -5.006   -4.289   -3.491   -2.676   -1.861   -1.089
   -0.367    0.293    0.886    1.404    1.856    2.245    2.573    2.831
    3.020    3.146    3.206    3.210    3.178    3.134    3.104    3.122
    3.210    3.386    3.655    4.039    4.497    4.992    5.517
CT2042:075           -5.081   -4.378   -3.590   -2.785   -1.978   -1.210
   -0.489    0.174    0.776    1.311    1.789    2.213    2.585    2.896
    3.145    3.331    3.447    3.496    3.498    3.472    3.442    3.445
    3.507    3.647    3.876    4.217    4.632    5.083    5.567
CT2042:070           -5.155   -4.469   -3.696   -2.904   -2.109   -1.350
   -0.635    0.026    0.631    1.176    1.671    2.119    2.522    2.873
    3.166    3.399    3.562    3.654    3.691    3.691    3.678    3.685
    3.740    3.867    4.075    4.390    4.778    5.201    5.656
CT2042:065           -5.226   -4.562   -3.809   -3.037   -2.260   -1.515
   -0.812   -0.158    0.444    0.990    1.491    1.952    2.372    2.746
    3.068    3.334    3.535    3.664    3.739    3.772    3.786    3.812
    3.878    4.006    4.208    4.508    4.874    5.272    5.697
CT2042:060           -5.313   -4.672   -3.943   -3.192   -2.435   -1.709
   -1.021   -0.380    0.212    0.754    1.254    1.716    2.142    2.526
    2.864    3.152    3.381    3.546    3.659    3.734    3.788    3.849
    3.944    4.092    4.307    4.609    4.971    5.360    5.769
CT2042:055           -5.414   -4.799   -4.094   -3.369   -2.636   -1.932
   -1.264   -0.640   -0.062    0.468    0.958    1.414    1.836    2.220
    2.564    2.865    3.115    3.311    3.463    3.581    3.681    3.785
    3.918    4.097    4.333    4.645    5.005    5.386    5.774
CT2042:050           -5.514   -4.926   -4.251   -3.554   -2.850   -2.172
   -1.529   -0.928   -0.369    0.144    0.620    1.063    1.475    1.854
    2.197    2.506    2.774    2.999    3.190    3.354    3.505    3.662
    3.845    4.067    4.339    4.674    5.050    5.440    5.824
CT2042:045           -5.653   -5.089   -4.440   -3.772   -3.096   -2.445
   -1.828   -1.251   -0.714   -0.220    0.238    0.665    1.064    1.434
    1.774    2.088    2.371    2.623    2.851    3.061    3.265    3.477
    3.712    3.984    4.297    4.665    5.061    5.466    5.850
CT2042:040           -5.759   -5.228   -4.613   -3.978   -3.336   -2.719
   -2.133   -1.584   -1.074   -0.605   -0.168    0.240    0.623    0.982
    1.319    1.636    1.933    2.210    2.474    2.729    2.984    3.252
    3.544    3.868    4.230    4.635    5.061    5.487    5.878
CT2042:035           -5.905   -5.399   -4.813   -4.209   -3.599   -3.013
   -2.458   -1.939   -1.457   -1.013   -0.600   -0.212    0.154    0.502
    0.834    1.155    1.467    1.769    2.068    2.368    2.676    3.002
    3.353    3.736    4.153    4.606    5.072    5.533    5.945
CT2042:030           -6.014   -5.541   -4.991   -4.423   -3.849   -3.299
   -2.778   -2.292   -1.842   -1.428   -1.042   -0.679   -0.333    0.001
    0.327    0.650    0.973    1.300    1.632    1.975    2.333    2.715
    3.124    3.565    4.035    4.535    5.037    5.528    5.955
CT2042:025           -6.147   -5.701   -5.182   -4.647   -4.107   -3.589
   -3.102   -2.648   -2.230   -1.847   -1.491   -1.154   -0.830   -0.513
   -0.195    0.128    0.463    0.812    1.179    1.565    1.976    2.417
    2.888    3.390    3.920    4.473    5.021    5.552    6.005
CT2042:020           -6.251   -5.836   -5.352   -4.851   -4.346   -3.864
   -3.410   -2.991   -2.607   -2.258   -1.934   -1.627   -1.330   -1.034
   -0.729   -0.408   -0.066    0.305    0.704    1.134    1.596    2.095
    2.627    3.189    3.775    4.377    4.966    5.531    6.003
CT2042:015           -6.349   -5.964   -5.511   -5.043   -4.570   -4.121
   -3.700   -3.314   -2.964   -2.649   -2.359   -2.086   -1.819   -1.546
   -1.257   -0.943   -0.594   -0.204    0.228    0.701    1.217    1.775
    2.370    2.994    3.639    4.294    4.928    5.531    6.028
CT2042:010           -6.441   -6.083   -5.659   -5.220   -4.777   -4.358
   -3.968   -3.614   -3.296   -3.015   -2.760   -2.521   -2.287   -2.041
   -1.772   -1.467   -1.115   -0.707   -0.246    0.270    0.837    1.454
    2.108    2.791    3.493    4.196    4.869    5.505    6.021
CT2042:005           -6.486   -6.158   -5.765   -5.357   -4.944   -4.554
   -4.194   -3.871   -3.585   -3.338   -3.118   -2.914   -2.713   -2.496
   -2.248   -1.955   -1.602   -1.179   -0.689   -0.133    0.483    1.156
    1.868    2.608    3.362    4.110    4.821    5.489    6.023
CT2043:360           -6.560   -6.251   -5.878   -5.491   -5.100   -4.732
   -4.396   -4.098   -3.839   -3.622   -3.434   -3.263   -3.094   -2.904
   -2.677   -2.396   -2.043   -1.606   -1.090   -0.498    0.163    0.886
    1.651    2.441    3.242    4.031    4.774    5.469    6.017
