CT2015:360           -6.018   -5.774   -5.548   -5.352   -5.221   -5.191
   -5.242   -5.363   -5.534   -5.723   -5.896   -6.022   -6.079   -6.037
   -5.891   -5.644   -5.291   -4.830   -4.276   -3.629   -2.890   -2.050
   -1.125   -0.123    0.941    2.051    3.155    4.234    5.201
CT2015:355           -6.010   -5.795   -5.586   -5.401   -5.274   -5.243
   -5.290   -5.409   -5.581   -5.782   -5.977   -6.140   -6.245   -6.263
   -6.181   -5.999   -5.704   -5.290   -4.769   -4.140   -3.403   -2.549
   -1.595   -0.554    0.558    1.723    2.887    4.027    5.058
CT2015:350           -6.077   -5.872   -5.664   -5.476   -5.341   -5.299
   -5.336   -5.447   -5.619   -5.834   -6.059   -6.268   -6.435   -6.528
   -6.527   -6.423   -6.196   -5.832   -5.342   -4.723   -3.976   -3.093
   -2.100   -1.011    0.154    1.376    2.595    3.791    4.875
CT2015:345           -6.065   -5.882   -5.682   -5.498   -5.360   -5.308
   -5.336   -5.442   -5.619   -5.854   -6.118   -6.385   -6.628   -6.810
   -6.902   -6.886   -6.733   -6.420   -5.955   -5.337   -4.567   -3.643
   -2.596   -1.447   -0.220    1.064    2.344    3.599    4.741
CT2015:340           -6.120   -5.944   -5.740   -5.547   -5.395   -5.327
   -5.339   -5.435   -5.613   -5.868   -6.174   -6.503   -6.828   -7.106
   -7.298   -7.374   -7.295   -7.030   -6.586   -5.961   -5.161   -4.189
   -3.084   -1.874   -0.586    0.755    2.088    3.394    4.582
CT2015:335           -6.148   -5.981   -5.775   -5.575   -5.409   -5.323
   -5.319   -5.405   -5.583   -5.858   -6.204   -6.596   -7.001   -7.372
   -7.659   -7.823   -7.815   -7.593   -7.166   -6.533   -5.702   -4.683
   -3.525   -2.258   -0.916    0.474    1.852    3.200    4.425
CT2015:330           -6.195   -6.032   -5.819   -5.608   -5.425   -5.318
   -5.293   -5.364   -5.538   -5.825   -6.203   -6.645   -7.117   -7.568
   -7.936   -8.174   -8.225   -8.041   -7.629   -6.989   -6.136   -5.080
   -3.879   -2.568   -1.184    0.246    1.660    3.044    4.303
CT2015:325           -6.334   -6.157   -5.925   -5.691   -5.482   -5.345
   -5.292   -5.339   -5.498   -5.784   -6.176   -6.648   -7.164   -7.668
   -8.093   -8.386   -8.482   -8.329   -7.936   -7.302   -6.445   -5.378
   -4.162   -2.836   -1.438    0.003    1.426    2.816    4.076
CT2015:320           -6.374   -6.202   -5.964   -5.720   -5.493   -5.333
   -5.254   -5.276   -5.413   -5.686   -6.074   -6.551   -7.080   -7.606
   -8.056   -8.376   -8.499   -8.370   -7.998   -7.382   -6.539   -5.483
   -4.275   -2.954   -1.556   -0.111    1.320    2.721    3.998
CT2015:315           -6.467   -6.291   -6.042   -5.782   -5.535   -5.348
   -5.238   -5.227   -5.331   -5.573   -5.931   -6.384   -6.892   -7.403
   -7.846   -8.166   -8.297   -8.188   -7.843   -7.263   -6.461   -5.448
   -4.282   -3.000   -1.635   -0.216    1.195    2.579    3.845
CT2015:310           -6.505   -6.335   -6.084   -5.818   -5.557   -5.348
   -5.210   -5.164   -5.228   -5.424   -5.734   -6.134   -6.591   -7.053
   -7.456   -7.747   -7.868   -7.770   -7.455   -6.922   -6.179   -5.232
   -4.132   -2.908   -1.593   -0.210    1.178    2.547    3.811
CT2015:305           -6.516   -6.357   -6.110   -5.844   -5.575   -5.348
   -5.184   -5.103   -5.123   -5.263   -5.508   -5.836   -6.216   -6.603
   -6.939   -7.180   -7.274   -7.178   -6.894   -6.414   -5.745   -4.881
   -3.865   -2.720   -1.472   -0.139    1.214    2.558    3.815
CT2015:300           -6.551   -6.400   -6.157   -5.891   -5.616   -5.374
   -5.185   -5.070   -5.044   -5.124   -5.295   -5.539   -5.826   -6.120
   -6.372   -6.546   -6.599   -6.497   -6.237   -5.812   -5.219   -4.448
   -3.526   -2.470   -1.302   -0.030    1.277    2.584    3.823
CT2015:295           -6.579   -6.438   -6.201   -5.939   -5.663   -5.411
   -5.204   -5.060   -4.991   -5.013   -5.111   -5.268   -5.459   -5.653
   -5.813   -5.910   -5.912   -5.792   -5.546   -5.166   -4.642   -3.957
   -3.127   -2.159   -1.070    0.138    1.397    2.667    3.890
CT2015:290           -6.608   -6.476   -6.248   -5.993   -5.722   -5.467
   -5.249   -5.084   -4.981   -4.953   -4.985   -5.062   -5.163   -5.261
   -5.328   -5.346   -5.290   -5.142   -4.899   -4.550   -4.082   -3.471
   -2.723   -1.838   -0.828    0.314    1.517    2.740    3.934
CT2015:285           -6.629   -6.505   -6.287   -6.042   -5.779   -5.528
   -5.307   -5.129   -5.003   -4.936   -4.914   -4.922   -4.943   -4.954
   -4.935   -4.875   -4.758   -4.573   -4.317   -3.980   -3.546   -2.987
   -2.301   -1.483   -0.537    0.547    1.705    2.890    4.064
CT2015:280           -6.646   -6.529   -6.323   -6.091   -5.840   -5.598
   -5.381   -5.200   -5.060   -4.965   -4.901   -4.854   -4.809   -4.746
   -4.652   -4.522   -4.346   -4.120   -3.842   -3.502   -3.086   -2.562
   -1.924   -1.160   -0.272    0.756    1.862    2.999    4.137
CT2015:275           -6.682   -6.564   -6.363   -6.138   -5.897   -5.665
   -5.454   -5.273   -5.125   -5.009   -4.912   -4.820   -4.719   -4.593
   -4.435   -4.242   -4.011   -3.742   -3.436   -3.082   -2.665   -2.158
   -1.547   -0.819    0.027    1.012    2.078    3.179    4.293
CT2015:270           -6.680   -6.564   -6.372   -6.158   -5.929   -5.710
   -5.509   -5.332   -5.180   -5.048   -4.923   -4.793   -4.645   -4.467
   -4.255   -4.011   -3.736   -3.431   -3.098   -2.728   -2.308   -1.809
   -1.217   -0.518    0.292    1.234    2.256    3.313    4.389
CT2015:265           -6.684   -6.561   -6.369   -6.159   -5.937   -5.724
   -5.529   -5.352   -5.192   -5.042   -4.890   -4.722   -4.531   -4.307
   -4.050   -3.765   -3.455   -3.123   -2.769   -2.385   -1.959   -1.462
   -0.881   -0.200    0.584    1.494    2.482    3.506    4.554
CT2015:260           -6.655   -6.526   -6.333   -6.123   -5.904   -5.695
   -5.499   -5.318   -5.146   -4.974   -4.790   -4.585   -4.353   -4.088
   -3.795   -3.481   -3.149   -2.803   -2.440   -2.054   -1.629   -1.139
   -0.571    0.089    0.847    1.723    2.674    3.660    4.668
CT2015:255           -6.606   -6.465   -6.264   -6.047   -5.823   -5.607
   -5.403   -5.207   -5.014   -4.813   -4.594   -4.350   -4.079   -3.779
   -3.458   -3.125   -2.783   -2.436   -2.078   -1.700   -1.285   -0.809
   -0.258    0.382    1.114    1.958    2.873    3.821    4.791
CT2015:250           -6.544   -6.386   -6.168   -5.936   -5.696   -5.463
   -5.239   -5.019   -4.796   -4.560   -4.302   -4.019   -3.712   -3.383
   -3.043   -2.701   -2.361   -2.025   -1.683   -1.324   -0.929   -0.473
    0.057    0.673    1.379    2.194    3.076    3.989    4.921
CT2015:245           -6.450   -6.270   -6.031   -5.775   -5.511   -5.251
   -4.997   -4.744   -4.485   -4.211   -3.915   -3.597   -3.261   -2.913
   -2.565   -2.226   -1.900   -1.585   -1.270   -0.939   -0.574   -0.147
    0.354    0.940    1.614    2.393    3.235    4.104    4.985
CT2015:240           -6.354   -6.144   -5.871   -5.581   -5.280   -4.981
   -4.686   -4.391   -4.090   -3.775   -3.444   -3.098   -2.743   -2.387
   -2.042   -1.715   -1.410   -1.123   -0.838   -0.539   -0.204    0.194
    0.668    1.228    1.877    2.629    3.442    4.281    5.127
CT2015:235           -6.142   -5.915   -5.614   -5.293   -4.956   -4.616
   -4.278   -3.940   -3.599   -3.250   -2.893   -2.532   -2.172   -1.823
   -1.495   -1.194   -0.919   -0.665   -0.414   -0.148    0.155    0.525
    0.972    1.506    2.130    2.855    3.638    4.446    5.253
CT2015:230           -6.016   -5.747   -5.398   -5.025   -4.633   -4.237
   -3.844   -3.454   -3.069   -2.687   -2.311   -1.944   -1.591   -1.263
   -0.965   -0.697   -0.458   -0.239   -0.021    0.215    0.491    0.837
    1.262    1.777    2.381    3.086    3.846    4.628    5.403
CT2015:225           -5.783   -5.485   -5.095   -4.677   -4.232   -3.782
   -3.334   -2.897   -2.472   -2.066   -1.682   -1.323   -0.993   -0.701
   -0.445   -0.222   -0.026    0.155    0.341    0.551    0.806    1.134
    1.545    2.046    2.636    3.326    4.069    4.830    5.576
CT2015:220           -5.632   -5.284   -4.835   -4.355   -3.845   -3.329
   -2.820   -2.329   -1.864   -1.437   -1.050   -0.708   -0.411   -0.164
    0.040    0.211    0.360    0.502    0.657    0.844    1.083    1.399
    1.801    2.293    2.874    3.552    4.277    5.018    5.734
CT2015:215           -5.523   -5.112   -4.595   -4.043   -3.461   -2.874
   -2.302   -1.756   -1.252   -0.806   -0.421   -0.100    0.157    0.352
    0.498    0.612    0.710    0.811    0.936    1.103    1.328    1.637
    2.033    2.520    3.093    3.759    4.467    5.184    5.864
CT2015:210           -5.357   -4.892   -4.312   -3.696   -3.046   -2.392
   -1.759   -1.163   -0.622   -0.160    0.219    0.515    0.731    0.871
    0.957    1.011    1.057    1.117    1.211    1.358    1.573    1.878
    2.272    2.758    3.329    3.987    4.681    5.379    6.029
CT2015:205           -5.238   -4.710   -4.061   -3.375   -2.653   -1.932
   -1.236   -0.589   -0.011    0.469    0.847    1.122    1.301    1.390
    1.419    1.417    1.410    1.428    1.492    1.618    1.821    2.122
    2.515    2.999    3.566    4.215    4.893    5.570    6.187
CT2015:200           -5.070   -4.490   -3.783   -3.036   -2.251   -1.469
   -0.718   -0.023    0.590    1.088    1.469    1.730    1.880    1.928
    1.908    1.855    1.800    1.777    1.808    1.911    2.099    2.392
    2.780    3.260    3.821    4.458    5.118    5.774    6.359
CT2015:195           -4.903   -4.274   -3.512   -2.708   -1.867   -1.029
   -0.227    0.512    1.161    1.683    2.073    2.331    2.466    2.487
    2.431    2.338    2.242    2.181    2.180    2.257    2.426    2.704
    3.082    3.552    4.102    4.724    5.365    5.997    6.549
CT2015:190           -4.745   -4.070   -3.259   -2.406   -1.514   -0.628
    0.219    0.999    1.683    2.232    2.641    2.909    3.043    3.053
    2.978    2.859    2.733    2.640    2.607    2.655    2.799    3.056
    3.414    3.865    4.395    4.994    5.609    6.211    6.727
CT2015:185           -4.636   -3.911   -3.053   -2.153   -1.217   -0.289
    0.598    1.415    2.133    2.713    3.150    3.440    3.591    3.609
    3.533    3.404    3.260    3.143    3.082    3.100    3.212    3.437
    3.763    4.182    4.678    5.240    5.813    6.370    6.831
CT2015:180           -4.496   -3.735   -2.842   -1.908   -0.940    0.016
    0.931    1.776    2.523    3.133    3.602    3.925    4.107    4.151
    4.093    3.974    3.830    3.701    3.621    3.613    3.694    3.886
    4.176    4.559    5.018    5.542    6.076    6.593    7.011
CT2015:175           -4.409   -3.609   -2.684   -1.721   -0.728    0.249
    1.183    2.048    2.819    3.459    3.963    4.326    4.550    4.635
    4.614    4.522    4.394    4.267    4.177    4.146    4.196    4.348
    4.594    4.928    5.336    5.807    6.286    6.746    7.103
CT2015:170           -4.293   -3.467   -2.521   -1.541   -0.537    0.448
    1.389    2.263    3.048    3.712    4.249    4.655    4.930    5.069
    5.100    5.054    4.959    4.851    4.764    4.722    4.748    4.863
    5.066    5.351    5.710    6.130    6.558    6.969    7.279
CT2015:165           -4.185   -3.337   -2.379   -1.390   -0.382    0.601
    1.539    2.413    3.204    3.886    4.454    4.903    5.233    5.434
    5.528    5.542    5.496    5.421    5.350    5.307    5.315    5.397
    5.556    5.791    6.096    6.462    6.839    7.201    7.467
CT2015:160           -4.096   -3.230   -2.263   -1.270   -0.265    0.710
    1.640    2.507    3.298    3.993    4.589    5.080    5.466    5.734
    5.899    5.981    5.994    5.963    5.918    5.882    5.877    5.928
    6.043    6.227    6.474    6.783    7.104    7.412    7.629
CT2015:155           -4.021   -3.141   -2.168   -1.175   -0.175    0.789
    1.706    2.563    3.352    4.057    4.678    5.210    5.651    5.987
    6.225    6.380    6.459    6.478    6.466    6.442    6.430    6.454
    6.528    6.661    6.853    7.105    7.374    7.633    7.809
CT2015:150           -3.958   -3.065   -2.090   -1.097   -0.105    0.848
    1.753    2.601    3.388    4.103    4.748    5.319    5.812    6.214
    6.523    6.749    6.893    6.962    6.983    6.972    6.953    6.950
    6.983    7.065    7.201    7.396    7.609    7.816    7.947
CT2015:145           -3.946   -3.036   -2.053   -1.057   -0.066    0.881
    1.780    2.626    3.416    4.144    4.814    5.423    5.966    6.428
    6.803    7.094    7.296    7.411    7.460    7.461    7.434    7.406
    7.400    7.435    7.519    7.661    7.825    7.984    8.077
CT2015:140           -3.908   -2.989   -2.003   -1.006   -0.017    0.927
    1.824    2.670    3.467    4.210    4.905    5.549    6.136    6.649
    7.078    7.422    7.671    7.821    7.892    7.899    7.863    7.810
    7.768    7.760    7.796    7.890    8.008    8.123    8.178
CT2015:135           -3.856   -2.933   -1.944   -0.945    0.045    0.990
    1.891    2.744    3.551    4.311    5.030    5.704    6.327    6.880
    7.351    7.736    8.019    8.194    8.281    8.292    8.249    8.179
    8.114    8.078    8.085    8.151    8.247    8.345    8.395
CT2015:130           -3.852   -2.921   -1.925   -0.919    0.079    1.033
    1.944    2.810    3.633    4.412    5.151    5.847    6.494    7.072
    7.568    7.974    8.275    8.462    8.554    8.564    8.513    8.427
    8.341    8.280    8.260    8.298    8.366    8.438    8.463
CT2015:125           -3.760   -2.836   -1.842   -0.837    0.164    1.125
    2.045    2.923    3.757    4.548    5.298    6.004    6.659    7.244
    7.745    8.155    8.461    8.652    8.747    8.759    8.708    8.621
    8.534    8.471    8.450    8.487    8.558    8.635    8.676
CT2015:120           -3.765   -2.835   -1.833   -0.817    0.195    1.171
    2.106    2.997    3.843    4.641    5.392    6.095    6.741    7.313
    7.799    8.196    8.490    8.674    8.766    8.780    8.733    8.652
    8.570    8.510    8.489    8.523    8.588    8.657    8.688
CT2015:115           -3.745   -2.817   -1.811   -0.789    0.233    1.220
    2.167    3.068    3.918    4.712    5.452    6.134    6.752    7.292
    7.746    8.114    8.386    8.558    8.648    8.668    8.637    8.576
    8.515    8.476    8.472    8.519    8.592    8.667    8.699
CT2015:110           -3.769   -2.838   -1.825   -0.794    0.240    1.240
    2.198    3.104    3.953    4.734    5.449    6.096    6.671    7.162
    7.569    7.895    8.137    8.294    8.384    8.418    8.411    8.384
    8.359    8.354    8.381    8.451    8.541    8.629    8.667
CT2015:105           -3.820   -2.887   -1.867   -0.827    0.217    1.227
    2.191    3.097    3.937    4.696    5.375    5.975    6.493    6.924
    7.272    7.548    7.755    7.896    7.988    8.041    8.068    8.082
    8.103    8.143    8.210    8.312    8.425    8.531    8.575
CT2015:100           -3.865   -2.936   -1.914   -0.871    0.178    1.192
    2.156    3.056    3.879    4.606    5.242    5.785    6.239    6.602
    6.887    7.111    7.281    7.407    7.505    7.583    7.650    7.717
    7.793    7.889    8.007    8.151    8.300    8.435    8.500
CT2015:095           -3.916   -2.995   -1.977   -0.937    0.111    1.122
    2.079    2.965    3.764    4.455    5.041    5.525    5.912    6.207
    6.429    6.602    6.739    6.855    6.963    7.070    7.181    7.304
    7.442    7.599    7.778    7.976    8.172    8.351    8.451
CT2015:090           -3.986   -3.077   -2.069   -1.037    0.002    1.002
    1.945    2.809    3.579    4.228    4.763    5.187    5.510    5.741
    5.908    6.036    6.146    6.255    6.374    6.510    6.665    6.842
    7.039    7.257    7.493    7.744    7.986    8.205    8.337
CT2015:085           -4.021   -3.137   -2.152   -1.143   -0.126    0.850
    1.766    2.598    3.328    3.931    4.413    4.780    5.046    5.222
    5.344    5.439    5.532    5.642    5.779    5.948    6.147    6.379
    6.637    6.918    7.219    7.532    7.832    8.109    8.292
CT2015:080           -4.118   -3.256   -2.295   -1.312   -0.324    0.619
    1.497    2.288    2.972    3.525    3.954    4.269    4.485    4.620
    4.710    4.787    4.874    4.994    5.153    5.354    5.596    5.877
    6.189    6.526    6.883    7.250    7.600    7.924    8.147
CT2015:075           -4.172   -3.348   -2.427   -1.487   -0.545    0.348
    1.171    1.904    2.529    3.023    3.397    3.662    3.837    3.943
    4.018    4.091    4.188    4.329    4.518    4.756    5.042    5.372
    5.737    6.130    6.545    6.969    7.375    7.752    8.024
CT2015:070           -4.292   -3.501   -2.622   -1.728   -0.839   -0.008
    0.749    1.412    1.968    2.396    2.712    2.931    3.074    3.165
    3.239    3.325    3.446    3.620    3.847    4.129    4.460    4.840
    5.257    5.704    6.173    6.652    7.110    7.538    7.856
CT2015:065           -4.375   -3.631   -2.809   -1.976   -1.156   -0.404
    0.269    0.846    1.317    1.670    1.923    2.097    2.213    2.297
    2.383    2.494    2.652    2.870    3.145    3.476    3.858    4.290
    4.760    5.261    5.784    6.317    6.827    7.304    7.666
CT2015:060           -4.514   -3.811   -3.045   -2.276   -1.531   -0.865
   -0.286    0.195    0.573    0.844    1.033    1.161    1.255    1.342
    1.449    1.597    1.801    2.072    2.402    2.790    3.229    3.717
    4.245    4.803    5.384    5.973    6.539    7.070    7.481
CT2015:055           -4.635   -3.982   -3.281   -2.584   -1.923   -1.353
   -0.877   -0.500   -0.223   -0.039    0.083    0.167    0.241    0.333
    0.467    0.656    0.912    1.240    1.630    2.077    2.577    3.126
    3.713    4.331    4.971    5.618    6.237    6.821    7.280
CT2015:050           -4.782   -4.177   -3.539   -2.915   -2.339   -1.868
   -1.495   -1.225   -1.047   -0.949   -0.893   -0.851   -0.795   -0.696
   -0.534   -0.304    0.003    0.389    0.839    1.348    1.910    2.522
    3.172    3.852    4.553    5.259    5.936    6.575    7.086
CT2015:045           -4.995   -4.425   -3.843   -3.284   -2.786   -2.406
   -2.131   -1.959   -1.875   -1.855   -1.859   -1.855   -1.814   -1.707
   -1.520   -1.253   -0.899   -0.461    0.045    0.612    1.234    1.907
    2.619    3.360    4.121    4.885    5.617    6.310    6.870
CT2015:040           -5.142   -4.619   -4.100   -3.610   -3.194   -2.903
   -2.722   -2.642   -2.642   -2.694   -2.752   -2.782   -2.756   -2.644
   -2.438   -2.141   -1.750   -1.268   -0.715   -0.096    0.580    1.310
    2.080    2.881    3.701    4.523    5.312    6.060    6.672
CT2015:035           -5.410   -4.909   -4.432   -3.992   -3.637   -3.417
   -3.310   -3.302   -3.370   -3.476   -3.575   -3.631   -3.617   -3.503
   -3.284   -2.966   -2.547   -2.034   -1.445   -0.786   -0.067    0.710
    1.531    2.384    3.256    4.130    4.969    5.765    6.421
CT2015:030           -5.550   -5.092   -4.668   -4.286   -3.995   -3.842
   -3.801   -3.857   -3.980   -4.132   -4.264   -4.343   -4.340   -4.227
   -4.003   -3.674   -3.240   -2.707   -2.094   -1.407   -0.655    0.161
    1.025    1.926    2.849    3.775    4.666    5.515    6.222
CT2015:025           -5.746   -5.316   -4.931   -4.592   -4.347   -4.244
   -4.251   -4.351   -4.513   -4.696   -4.851   -4.946   -4.953   -4.846
   -4.622   -4.292   -3.855   -3.315   -2.692   -1.992   -1.220   -0.378
    0.516    1.452    2.415    3.382    4.315    5.204    5.948
CT2015:020           -5.877   -5.481   -5.134   -4.835   -4.632   -4.569
   -4.612   -4.745   -4.934   -5.138   -5.311   -5.419   -5.437   -5.339
   -5.123   -4.800   -4.368   -3.832   -3.209   -2.504   -1.722   -0.862
    0.058    1.027    2.028    3.040    4.020    4.957    5.749
CT2015:015           -5.896   -5.549   -5.247   -4.991   -4.828   -4.799
   -4.873   -5.030   -5.240   -5.461   -5.648   -5.770   -5.803   -5.720
   -5.520   -5.213   -4.797   -4.273   -3.660   -2.958   -2.173   -1.301
   -0.360    0.638    1.676    2.732    3.760    4.747    5.592
CT2015:010           -6.013   -5.690   -5.410   -5.176   -5.032   -5.019
   -5.106   -5.273   -5.492   -5.722   -5.921   -6.056   -6.107   -6.045
   -5.869   -5.586   -5.194   -4.691   -4.093   -3.402   -2.619   -1.739
   -0.781    0.242    1.312    2.407    3.477    4.508    5.399
CT2015:005           -6.018   -5.731   -5.479   -5.269   -5.145   -5.146
   -5.242   -5.417   -5.643   -5.883   -6.096   -6.252   -6.329   -6.297
   -6.155   -5.906   -5.544   -5.067   -4.488   -3.806   -3.022   -2.130
   -1.150   -0.095    1.016    2.160    3.283    4.372    5.326
CT2016:360           -6.115   -5.841   -5.598   -5.393   -5.270   -5.269
   -5.362   -5.535   -5.762   -6.011   -6.241   -6.423   -6.533   -6.543
   -6.446   -6.241   -5.919   -5.473   -4.915   -4.244   -3.459   -2.555
   -1.553   -0.469    0.676    1.859    3.023    4.152    5.147
