CT2023:360           -7.723   -7.211   -6.509   -5.735   -4.879   -3.959
   -3.007   -2.039   -1.078   -0.156    0.701    1.472    2.144    2.705
    3.171    3.569    3.921    4.256    4.596    4.956    5.341    5.751
    6.178    6.610    7.035    7.434    7.787    8.096    8.287
CT2023:355           -7.929   -7.476   -6.843   -6.141   -5.361   -4.517
   -3.636   -2.732   -1.824   -0.941   -0.110    0.648    1.315    1.877
    2.345    2.743    3.094    3.426    3.768    4.136    4.541    4.988
    5.465    5.961    6.460    6.939    7.369    7.753    8.004
CT2023:350           -8.113   -7.724   -7.166   -6.543   -5.846   -5.087
   -4.287   -3.458   -2.615   -1.780   -0.981   -0.241    0.423    0.993
    1.474    1.887    2.252    2.599    2.958    3.348    3.782    4.271
    4.801    5.362    5.936    6.497    7.011    7.478    7.803
CT2023:345           -8.240   -7.924   -7.447   -6.910   -6.303   -5.634
   -4.923   -4.176   -3.405   -2.627   -1.867   -1.148   -0.490    0.087
    0.585    1.020    1.410    1.782    2.167    2.587    3.057    3.589
    4.171    4.792    5.435    6.072    6.665    7.210    7.609
CT2023:340           -8.404   -8.150   -7.746   -7.286   -6.761   -6.176
   -5.548   -4.879   -4.176   -3.453   -2.733   -2.038   -1.388   -0.804
   -0.290    0.168    0.585    0.988    1.406    1.860    2.369    2.945
    3.578    4.257    4.963    5.669    6.333    6.951    7.418
CT2023:335           -8.408   -8.237   -7.919   -7.545   -7.107   -6.608
   -6.062   -5.468   -4.832   -4.163   -3.483   -2.814   -2.178   -1.596
   -1.072   -0.597   -0.157    0.274    0.724    1.215    1.764    2.385
    3.070    3.806    4.575    5.352    6.092    6.786    7.333
CT2023:330           -8.533   -8.415   -8.156   -7.843   -7.468   -7.031
   -6.543   -6.004   -5.416   -4.786   -4.137   -3.491   -2.869   -2.292
   -1.767   -1.285   -0.832   -0.382    0.091    0.611    1.193    1.853
    2.580    3.363    4.182    5.014    5.810    6.562    7.166
CT2023:325           -8.640   -8.564   -8.351   -8.087   -7.759   -7.366
   -6.919   -6.415   -5.858   -5.253   -4.626   -3.998   -3.391   -2.826
   -2.310   -1.832   -1.377   -0.920   -0.433    0.107    0.716    1.409
    2.174    3.000    3.867    4.751    5.604    6.415    7.083
CT2023:320           -8.710   -8.671   -8.496   -8.267   -7.973   -7.607
   -7.183   -6.697   -6.154   -5.562   -4.946   -4.332   -3.741   -3.193
   -2.695   -2.233   -1.791   -1.341   -0.855   -0.309    0.313    1.027
    1.818    2.674    3.575    4.496    5.389    6.242    6.954
CT2023:315           -9.017   -8.955   -8.769   -8.532   -8.231   -7.858
   -7.423   -6.925   -6.371   -5.770   -5.152   -4.542   -3.962   -3.432
   -2.954   -2.516   -2.096   -1.664   -1.190   -0.650   -0.028    0.693
    1.498    2.371    3.292    4.235    5.152    6.030    6.769
CT2023:310           -9.027   -8.984   -8.813   -8.587   -8.292   -7.915
   -7.473   -6.964   -6.397   -5.788   -5.167   -4.562   -3.995   -3.486
   -3.036   -2.627   -2.236   -1.829   -1.376   -0.851   -0.236    0.484
    1.294    2.176    3.111    4.073    5.012    5.914    6.682
CT2023:305           -9.200   -9.134   -8.943   -8.698   -8.380   -7.979
   -7.509   -6.973   -6.382   -5.755   -5.125   -4.519   -3.962   -3.472
   -3.046   -2.665   -2.305   -1.927   -1.500   -0.998   -0.402    0.304
    1.102    1.975    2.902    3.859    4.792    5.690    6.453
CT2023:300           -9.156   -9.092   -8.897   -8.645   -8.316   -7.898
   -7.409   -6.854   -6.247   -5.608   -4.974   -4.372   -3.824   -3.350
   -2.945   -2.587   -2.250   -1.895   -1.490   -1.008   -0.431    0.259
    1.044    1.908    2.829    3.785    4.723    5.628    6.407
CT2023:295           -9.122   -9.048   -8.840   -8.573   -8.227   -7.790
   -7.283   -6.713   -6.095   -5.452   -4.818   -4.221   -3.682   -3.219
   -2.827   -2.482   -2.159   -1.821   -1.434   -0.973   -0.418    0.246
    1.005    1.844    2.741    3.674    4.592    5.478    6.242
CT2023:290           -9.030   -8.944   -8.722   -8.440   -8.078   -7.628
   -7.112   -6.537   -5.920   -5.283   -4.658   -4.070   -3.538   -3.080
   -2.689   -2.344   -2.020   -1.683   -1.302   -0.852   -0.314    0.330
    1.066    1.882    2.758    3.676    4.583    5.463    6.230
CT2023:285           -8.920   -8.816   -8.575   -8.277   -7.902   -7.444
   -6.928   -6.361   -5.758   -5.138   -4.531   -3.957   -3.433   -2.973
   -2.573   -2.215   -1.877   -1.529   -1.143   -0.697   -0.172    0.451
    1.161    1.948    2.797    3.689    4.575    5.437    6.194
CT2023:280           -8.788   -8.661   -8.402   -8.087   -7.700   -7.244
   -6.737   -6.189   -5.612   -5.022   -4.441   -3.886   -3.370   -2.905
   -2.488   -2.105   -1.740   -1.368   -0.967   -0.515    0.005    0.612
    1.299    2.060    2.880    3.747    4.613    5.459    6.209
CT2023:275           -8.606   -8.457   -8.181   -7.853   -7.462   -7.013
   -6.527   -6.010   -5.470   -4.919   -4.372   -3.841   -3.335   -2.864
   -2.425   -2.012   -1.612   -1.208   -0.783   -0.317    0.204    0.799
    1.465    2.199    2.991    3.830    4.671    5.496    6.234
CT2023:270           -8.442   -8.262   -7.962   -7.617   -7.219   -6.781
   -6.318   -5.835   -5.337   -4.829   -4.320   -3.816   -3.321   -2.843
   -2.383   -1.938   -1.501   -1.061   -0.607   -0.122    0.405    0.994
    1.644    2.354    3.119    3.929    4.745    5.547    6.272
CT2023:265           -8.295   -8.077   -7.749   -7.383   -6.978   -6.549
   -6.108   -5.659   -5.203   -4.739   -4.269   -3.793   -3.314   -2.834
   -2.359   -1.887   -1.419   -0.949   -0.469    0.031    0.561    1.138
    1.764    2.440    3.161    3.922    4.683    5.429    6.094
CT2023:260           -8.105   -7.849   -7.493   -7.106   -6.691   -6.269
   -5.848   -5.429   -5.011   -4.586   -4.151   -3.702   -3.240   -2.764
   -2.278   -1.787   -1.293   -0.795   -0.290    0.228    0.769    1.344
    1.959    2.617    3.314    4.046    4.781    5.501    6.147
CT2023:255           -8.026   -7.710   -7.310   -6.887   -6.450   -6.022
   -5.608   -5.207   -4.813   -4.417   -4.011   -3.588   -3.145   -2.680
   -2.197   -1.701   -1.197   -0.687   -0.172    0.350    0.886    1.445
    2.031    2.647    3.291    3.958    4.618    5.256    5.807
CT2023:250           -7.822   -7.462   -7.026   -6.572   -6.116   -5.681
   -5.269   -4.878   -4.501   -4.127   -3.743   -3.343   -2.920   -2.470
   -1.997   -1.505   -1.000   -0.485    0.037    0.565    1.103    1.657
    2.232    2.829    3.450    4.089    4.721    5.333    5.864
CT2023:245           -7.663   -7.249   -6.767   -6.274   -5.787   -5.333
   -4.911   -4.517   -4.143   -3.778   -3.410   -3.028   -2.626   -2.198
   -1.746   -1.272   -0.780   -0.274    0.241    0.762    1.290    1.829
    2.381    2.949    3.534    4.130    4.715    5.278    5.757
CT2023:240           -7.457   -6.994   -6.468   -5.935   -5.414   -4.934
   -4.492   -4.084   -3.705   -3.341   -2.981   -2.615   -2.234   -1.832
   -1.406   -0.959   -0.489   -0.002    0.497    1.006    1.522    2.045
    2.579    3.125    3.683    4.251    4.807    5.344    5.803
CT2023:235           -7.171   -6.670   -6.108   -5.539   -4.984   -4.475
   -4.007   -3.580   -3.186   -2.818   -2.462   -2.109   -1.750   -1.376
   -0.983   -0.568   -0.130    0.331    0.808    1.298    1.797    2.305
    2.822    3.351    3.892    4.444    4.989    5.519    5.984
CT2023:230           -6.972   -6.421   -5.810   -5.192   -4.592   -4.040
   -3.535   -3.075   -2.657   -2.275   -1.916   -1.571   -1.232   -0.888
   -0.532   -0.156    0.243    0.668    1.111    1.571    2.042    2.523
    3.013    3.513    4.025    4.547    5.064    5.568    6.015
CT2023:225           -6.712   -6.124   -5.471   -4.812   -4.168   -3.575
   -3.030   -2.535   -2.088   -1.687   -1.322   -0.983   -0.662   -0.347
   -0.029    0.304    0.659    1.041    1.444    1.867    2.305    2.754
    3.214    3.685    4.168    4.665    5.160    5.646    6.085
CT2023:220           -6.530   -5.893   -5.190   -4.481   -3.787   -3.144
   -2.552   -2.015   -1.532   -1.105   -0.726   -0.386   -0.078    0.211
    0.493    0.783    1.091    1.424    1.782    2.160    2.556    2.967
    3.390    3.827    4.278    4.744    5.213    5.675    6.098
CT2023:215           -6.322   -5.649   -4.905   -4.152   -3.414   -2.727
   -2.091   -1.512   -0.993   -0.539   -0.143    0.202    0.503    0.769
    1.018    1.265    1.523    1.804    2.107    2.433    2.777    3.140
    3.517    3.909    4.317    4.743    5.173    5.597    5.988
CT2023:210           -6.167   -5.453   -4.665   -3.868   -3.083   -2.350
   -1.670   -1.050   -0.493   -0.009    0.410    0.766    1.067    1.319
    1.542    1.753    1.968    2.197    2.448    2.720    3.013    3.328
    3.662    4.015    4.389    4.786    5.193    5.598    5.979
CT2023:205           -5.940   -5.206   -4.393   -3.568   -2.753   -1.987
   -1.275   -0.622   -0.035    0.475    0.913    1.282    1.586    1.830
    2.034    2.215    2.390    2.573    2.772    2.990    3.231    3.496
    3.784    4.098    4.438    4.808    5.194    5.582    5.957
CT2023:200           -5.822   -5.058   -4.213   -3.356   -2.510   -1.713
   -0.971   -0.290    0.323    0.856    1.313    1.696    2.008    2.252
    2.445    2.606    2.750    2.893    3.046    3.216    3.406    3.624
    3.870    4.147    4.455    4.802    5.170    5.547    5.921
CT2023:195           -5.622   -4.852   -3.998   -3.130   -2.270   -1.461
   -0.706   -0.013    0.612    1.155    1.623    2.014    2.332    2.577
    2.766    2.916    3.041    3.157    3.276    3.407    3.559    3.741
    3.955    4.207    4.498    4.838    5.210    5.598    6.001
CT2023:190           -5.544   -4.759   -3.891   -3.010   -2.139   -1.320
   -0.558    0.138    0.765    1.309    1.778    2.170    2.491    2.738
    2.926    3.071    3.186    3.284    3.380    3.483    3.604    3.755
    3.941    4.168    4.440    4.768    5.136    5.524    5.936
CT2023:185           -5.446   -4.660   -3.793   -2.914   -2.046   -1.234
   -0.480    0.205    0.818    1.350    1.806    2.189    2.503    2.748
    2.936    3.083    3.197    3.291    3.379    3.472    3.580    3.718
    3.894    4.115    4.386    4.724    5.109    5.521    5.972
CT2023:180           -5.410   -4.625   -3.764   -2.893   -2.037   -1.240
   -0.506    0.157    0.745    1.250    1.682    2.044    2.343    2.578
    2.763    2.911    3.029    3.128    3.220    3.315    3.423    3.560
    3.735    3.957    4.233    4.579    4.979    5.409    5.883
CT2023:175           -5.435   -4.651   -3.801   -2.946   -2.110   -1.338
   -0.633   -0.003    0.550    1.018    1.415    1.746    2.019    2.238
    2.416    2.564    2.690    2.802    2.910    3.022    3.148    3.302
    3.495    3.736    4.033    4.404    4.833    5.295    5.806
CT2023:170           -5.437   -4.671   -3.849   -3.025   -2.226   -1.496
   -0.835   -0.252    0.252    0.671    1.021    1.311    1.549    1.744
    1.909    2.055    2.189    2.319    2.451    2.592    2.749    2.936
    3.163    3.438    3.770    4.179    4.647    5.147    5.696
CT2023:165           -5.480   -4.734   -3.948   -3.165   -2.413   -1.736
   -1.133   -0.609   -0.165    0.195    0.490    0.730    0.927    1.093
    1.241    1.383    1.526    1.678    1.842    2.022    2.225    2.462
    2.739    3.067    3.452    3.913    4.432    4.983    5.577
CT2023:160           -5.516   -4.803   -4.064   -3.336   -2.647   -2.039
   -1.509   -1.061   -0.692   -0.402   -0.173    0.010    0.160    0.293
    0.422    0.560    0.715    0.894    1.097    1.328    1.589    1.890
    2.235    2.632    3.086    3.614    4.197    4.809    5.453
CT2023:155           -5.402   -4.756   -4.095   -3.451   -2.852   -2.341
   -1.910   -1.560   -1.287   -1.087   -0.938   -0.822   -0.725   -0.629
   -0.518   -0.382   -0.210    0.003    0.255    0.548    0.882    1.265
    1.698    2.185    2.730    3.347    4.016    4.710    5.426
CT2023:150           -5.459   -4.853   -4.257   -3.686   -3.174   -2.761
   -2.435   -2.193   -2.027   -1.927   -1.865   -1.823   -1.782   -1.721
   -1.624   -1.484   -1.290   -1.035   -0.726   -0.362    0.055    0.531
    1.062    1.649    2.292    3.003    3.757    4.529    5.306
CT2023:145           -5.329   -4.802   -4.300   -3.830   -3.430   -3.141
   -2.944   -2.834   -2.796   -2.814   -2.857   -2.899   -2.921   -2.898
   -2.816   -2.668   -2.445   -2.140   -1.763   -1.317   -0.804   -0.221
    0.424    1.128    1.887    2.709    3.565    4.431    5.282
CT2023:140           -5.385   -4.901   -4.468   -4.079   -3.778   -3.605
   -3.533   -3.555   -3.649   -3.790   -3.941   -4.072   -4.160   -4.175
   -4.105   -3.947   -3.690   -3.331   -2.881   -2.347   -1.731   -1.034
   -0.269    0.558    1.437    2.369    3.322    4.275    5.187
CT2023:135           -5.453   -5.008   -4.639   -4.328   -4.121   -4.061
   -4.114   -4.267   -4.494   -4.761   -5.023   -5.247   -5.404   -5.462
   -5.409   -5.244   -4.956   -4.543   -4.021   -3.397   -2.676   -1.861
   -0.972   -0.022    0.977    2.016    3.059    4.088    5.045
CT2023:130           -5.490   -5.081   -4.772   -4.531   -4.411   -4.455
   -4.623   -4.898   -5.249   -5.635   -6.005   -6.320   -6.550   -6.656
   -6.627   -6.463   -6.154   -5.693   -5.103   -4.390   -3.563   -2.628
   -1.612   -0.533    0.590    1.741    2.877    3.988    4.995
CT2023:125           -5.601   -5.206   -4.934   -4.742   -4.685   -4.808
   -5.065   -5.437   -5.889   -6.373   -6.836   -7.234   -7.534   -7.693
   -7.699   -7.552   -7.236   -6.744   -6.100   -5.311   -4.389   -3.342
   -2.209   -1.013    0.221    1.465    2.676    3.846    4.876
CT2023:120           -5.607   -5.233   -4.996   -4.844   -4.837   -5.018
   -5.340   -5.782   -6.305   -6.863   -7.398   -7.866   -8.232   -8.449
   -8.502   -8.387   -8.083   -7.580   -6.899   -6.049   -5.044   -3.898
   -2.656   -1.350   -0.013    1.320    2.602    3.830    4.889
CT2023:115           -5.630   -5.260   -5.035   -4.899   -4.912   -5.118
   -5.467   -5.939   -6.495   -7.091   -7.669   -8.186   -8.605   -8.879
   -8.986   -8.917   -8.646   -8.153   -7.459   -6.572   -5.507   -4.284
   -2.956   -1.564   -0.146    1.253    2.585    3.849    4.919
CT2023:110           -5.598   -5.227   -5.002   -4.864   -4.874   -5.072
   -5.413   -5.875   -6.424   -7.020   -7.608   -8.148   -8.603   -8.925
   -9.088   -9.075   -8.851   -8.389   -7.706   -6.807   -5.712   -4.440
   -3.057   -1.608   -0.138    1.302    2.660    3.942    5.009
CT2023:105           -5.628   -5.232   -4.976   -4.805   -4.776   -4.929
   -5.219   -5.628   -6.127   -6.681   -7.242   -7.772   -8.238   -8.592
   -8.801   -8.842   -8.673   -8.257   -7.607   -6.727   -5.635   -4.355
   -2.956   -1.492   -0.010    1.432    2.782    4.049    5.088
CT2023:100           -5.559   -5.141   -4.848   -4.633   -4.547   -4.629
   -4.840   -5.164   -5.579   -6.057   -6.556   -7.045   -7.491   -7.852
   -8.089   -8.173   -8.056   -7.694   -7.096   -6.261   -5.207   -3.958
   -2.587   -1.149    0.305    1.715    3.030    4.261    5.260
CT2023:095           -5.591   -5.118   -4.759   -4.468   -4.294   -4.273
   -4.371   -4.577   -4.872   -5.238   -5.640   -6.051   -6.442   -6.776
   -7.012   -7.118   -7.041   -6.736   -6.204   -5.442   -4.465   -3.296
   -2.006   -0.650    0.724    2.053    3.289    4.440    5.361
CT2023:090           -5.495   -4.983   -4.559   -4.191   -3.923   -3.789
   -3.759   -3.830   -3.986   -4.216   -4.493   -4.794   -5.097   -5.368
   -5.569   -5.666   -5.610   -5.354   -4.894   -4.225   -3.357   -2.306
   -1.140    0.094    1.348    2.568    3.703    4.761    5.606
CT2023:085           -5.431   -4.864   -4.360   -3.901   -3.524   -3.261
   -3.090   -3.009   -3.009   -3.083   -3.210   -3.373   -3.553   -3.724
   -3.854   -3.912   -3.853   -3.635   -3.251   -2.690   -1.957   -1.063
   -0.061    1.008    2.104    3.179    4.187    5.129    5.885
CT2023:080           -5.327   -4.709   -4.126   -3.576   -3.088   -2.695
   -2.380   -2.144   -1.981   -1.889   -1.851   -1.855   -1.886   -1.929
   -1.957   -1.946   -1.861   -1.668   -1.355   -0.910   -0.331    0.380
    1.186    2.057    2.962    3.865    4.721    5.527    6.179
CT2023:075           -5.236   -4.560   -3.894   -3.248   -2.648   -2.123
   -1.666   -1.276   -0.951   -0.690   -0.481   -0.315   -0.183   -0.077
    0.019    0.123    0.255    0.441    0.693    1.026    1.448    1.968
    2.565    3.225    3.928    4.650    5.352    6.021    6.579
CT2023:070           -5.140   -4.412   -3.668   -2.931   -2.225   -1.578
   -0.986   -0.453    0.025    0.445    0.818    1.151    1.446    1.706
    1.936    2.144    2.338    2.529    2.733    2.964    3.235    3.563
    3.949    4.390    4.878    5.406    5.935    6.450    6.891
CT2023:065           -5.108   -4.319   -3.492   -2.664   -1.854   -1.091
   -0.376    0.290    0.905    1.469    1.992    2.476    2.924    3.329
    3.689    4.003    4.266    4.477    4.651    4.800    4.942    5.100
    5.291    5.527    5.811    6.150    6.511    6.874    7.199
CT2023:060           -5.037   -4.203   -3.308   -2.404   -1.506   -0.645
    0.175    0.951    1.681    2.365    3.010    3.620    4.194    4.722
    5.195    5.605    5.938    6.180    6.343    6.436    6.480    6.499
    6.526    6.585    6.689    6.856    7.062    7.283    7.497
CT2023:055           -5.048   -4.162   -3.201   -2.223   -1.243   -0.294
    0.618    1.486    2.311    3.090    3.830    4.534    5.202    5.823
    6.383    6.872    7.265    7.542    7.709    7.774    7.751    7.669
    7.569    7.483    7.433    7.445    7.504    7.585    7.680
CT2023:050           -5.014   -4.096   -3.085   -2.052   -1.009    0.007
    0.990    1.930    2.826    3.672    4.477    5.244    5.972    6.651
    7.268    7.811    8.252    8.564    8.750    8.811    8.761    8.622
    8.444    8.261    8.103    8.002    7.951    7.926    7.933
CT2023:045           -5.085   -4.128   -3.067   -1.980   -0.880    0.198
    1.241    2.240    3.191    4.087    4.935    5.737    6.496    7.202
    7.845    8.415    8.884    9.224    9.432    9.507    9.456    9.296
    9.078    8.838    8.607    8.421    8.281    8.166    8.088
CT2023:040           -5.098   -4.127   -3.039   -1.921   -0.783    0.336
    1.423    2.465    3.455    4.384    5.255    6.072    6.836    7.542
    8.184    8.755    9.232    9.586    9.816    9.913    9.883    9.735
    9.515    9.259    8.998    8.767    8.575    8.405    8.271
CT2023:035           -5.225   -4.231   -3.114   -1.964   -0.791    0.365
    1.490    2.571    3.595    4.550    5.437    6.258    7.015    7.703
    8.324    8.875    9.340    9.696    9.939   10.062   10.063    9.948
    9.757    9.519    9.266    9.027    8.817    8.624    8.462
CT2023:030           -5.292   -4.304   -3.184   -2.027   -0.840    0.336
    1.485    2.591    3.641    4.615    5.512    6.330    7.071    7.731
    8.315    8.830    9.265    9.605    9.849    9.989   10.022    9.949
    9.801    9.601    9.377    9.152    8.943    8.744    8.562
CT2023:025           -5.433   -4.450   -3.330   -2.169   -0.975    0.215
    1.383    2.510    3.582    4.575    5.483    6.299    7.025    7.655
    8.199    8.670    9.066    9.380    9.616    9.768    9.834    9.811
    9.721    9.583    9.416    9.239    9.069    8.901    8.740
CT2023:020           -5.555   -4.599   -3.499   -2.355   -1.172    0.016
    1.189    2.328    3.414    4.421    5.338    6.154    6.866    7.467
    7.971    8.395    8.746    9.024    9.242    9.396    9.485    9.506
    9.472    9.397    9.292    9.169    9.041    8.907    8.758
CT2023:015           -5.756   -4.826   -3.750   -2.627   -1.461   -0.282
    0.888    2.031    3.127    4.145    5.071    5.889    6.594    7.174
    7.645    8.028    8.337    8.581    8.778    8.931    9.042    9.108
    9.136    9.133    9.106    9.057    8.995    8.920    8.815
CT2023:010           -5.927   -5.044   -4.012   -2.930   -1.800   -0.649
    0.501    1.634    2.727    3.748    4.678    5.498    6.198    6.763
    7.209    7.560    7.833    8.046    8.223    8.372    8.500    8.606
    8.692    8.759    8.808    8.836    8.842    8.828    8.763
CT2023:005           -6.251   -5.399   -4.403   -3.359   -2.266   -1.146
   -0.021    1.094    2.177    3.197    4.128    4.951    5.651    6.211
    6.643    6.974    7.222    7.414    7.577    7.727    7.873    8.018
    8.161    8.300    8.429    8.538    8.620    8.675    8.660
CT2024:360           -6.463   -5.675   -4.744   -3.764   -2.732   -1.666
   -0.587    0.490    1.546    2.548    3.472    4.293    4.993    5.550
    5.977    6.299    6.535    6.716    6.875    7.032    7.201    7.388
    7.591    7.802    8.014    8.210    8.374    8.507    8.551
