CT2050:360           -7.106   -6.576   -5.969   -5.346   -4.726   -4.138
   -3.585   -3.064   -2.573   -2.109   -1.668   -1.254   -0.869   -0.525
   -0.220    0.051    0.297    0.538    0.793    1.083    1.424    1.834
    2.310    2.848    3.438    4.070    4.701    5.314    5.837
CT2050:355           -7.078   -6.540   -5.921   -5.286   -4.650   -4.040
   -3.456   -2.896   -2.355   -1.831   -1.323   -0.839   -0.388    0.014
    0.360    0.654    0.902    1.122    1.342    1.584    1.870    2.223
    2.645    3.133    3.678    4.272    4.871    5.456    5.959
CT2050:350           -7.049   -6.500   -5.870   -5.221   -4.568   -3.935
   -3.322   -2.727   -2.143   -1.569   -1.006   -0.466    0.039    0.487
    0.868    1.183    1.435    1.641    1.834    2.038    2.279    2.583
    2.955    3.395    3.895    4.447    5.009    5.559    6.033
CT2050:345           -7.030   -6.467   -5.821   -5.156   -4.484   -3.829
   -3.190   -2.565   -1.948   -1.337   -0.736   -0.157    0.385    0.866
    1.273    1.605    1.866    2.070    2.250    2.433    2.645    2.916
    3.252    3.655    4.119    4.638    5.169    5.692    6.146
CT2050:340           -6.992   -6.417   -5.757   -5.077   -4.389   -3.715
   -3.056   -2.409   -1.771   -1.139   -0.519    0.079    0.638    1.136
    1.559    1.907    2.179    2.390    2.571    2.749    2.949    3.199
    3.509    3.883    4.315    4.800    5.300    5.791    6.218
CT2050:335           -6.982   -6.389   -5.711   -5.013   -4.306   -3.613
   -2.937   -2.275   -1.624   -0.984   -0.360    0.240    0.802    1.304
    1.735    2.094    2.381    2.608    2.803    2.990    3.192    3.436
    3.733    4.088    4.497    4.957    5.430    5.897    6.303
CT2050:330           -6.939   -6.333   -5.641   -4.928   -4.207   -3.501
   -2.813   -2.143   -1.489   -0.853   -0.235    0.354    0.906    1.403
    1.835    2.202    2.505    2.752    2.967    3.171    3.385    3.632
    3.923    4.264    4.654    5.091    5.540    5.982    6.365
CT2050:325           -6.882   -6.265   -5.561   -4.836   -4.102   -3.385
   -2.690   -2.016   -1.365   -0.737   -0.134    0.440    0.976    1.463
    1.893    2.267    2.584    2.852    3.090    3.315    3.544    3.799
    4.091    4.426    4.804    5.226    5.660    6.086    6.456
CT2050:320           -6.838   -6.208   -5.490   -4.752   -4.006   -3.279
   -2.577   -1.902   -1.254   -0.637   -0.048    0.508    1.030    1.506
    1.932    2.311    2.641    2.926    3.184    3.426    3.669    3.930
    4.222    4.550    4.918    5.325    5.741    6.151    6.504
CT2050:315           -6.754   -6.118   -5.394   -4.648   -3.894   -3.161
   -2.456   -1.782   -1.140   -0.533    0.041    0.584    1.091    1.558
    1.982    2.363    2.702    3.001    3.273    3.529    3.782    4.049
    4.341    4.667    5.029    5.427    5.836    6.237    6.585
CT2050:310           -6.712   -6.064   -5.327   -4.569   -3.805   -3.065
   -2.355   -1.680   -1.042   -0.443    0.122    0.653    1.152    1.612
    2.032    2.416    2.760    3.066    3.346    3.608    3.865    4.133
    4.423    4.744    5.098    5.488    5.886    6.277    6.614
CT2050:305           -6.671   -6.012   -5.264   -4.497   -3.724   -2.977
   -2.264   -1.589   -0.954   -0.361    0.196    0.719    1.209    1.664
    2.082    2.465    2.811    3.120    3.402    3.666    3.923    4.188
    4.475    4.790    5.138    5.520    5.910    6.292    6.619
CT2050:300           -6.633   -5.963   -5.205   -4.428   -3.647   -2.896
   -2.180   -1.505   -0.874   -0.287    0.262    0.777    1.260    1.709
    2.123    2.504    2.849    3.158    3.440    3.703    3.959    4.222
    4.505    4.818    5.162    5.541    5.928    6.306    6.630
CT2050:295           -6.608   -5.928   -5.162   -4.377   -3.589   -2.833
   -2.116   -1.444   -0.816   -0.236    0.304    0.810    1.284    1.725
    2.133    2.508    2.850    3.156    3.436    3.697    3.950    4.211
    4.491    4.800    5.140    5.514    5.894    6.266    6.578
CT2050:290           -6.578   -5.890   -5.116   -4.324   -3.532   -2.775
   -2.059   -1.390   -0.769   -0.198    0.332    0.826    1.288    1.718
    2.117    2.486    2.823    3.126    3.405    3.666    3.920    4.182
    4.464    4.775    5.118    5.494    5.878    6.253    6.568
CT2050:285           -6.545   -5.852   -5.075   -4.280   -3.486   -2.730
   -2.017   -1.354   -0.743   -0.184    0.333    0.812    1.260    1.677
    2.064    2.424    2.754    3.055    3.333    3.595    3.852    4.117
    4.403    4.718    5.065    5.447    5.835    6.214    6.533
CT2050:280           -6.525   -5.828   -5.046   -4.249   -3.454   -2.700
   -1.992   -1.337   -0.736   -0.190    0.311    0.774    1.205    1.606
    1.980    2.329    2.653    2.951    3.229    3.494    3.755    4.026
    4.319    4.641    4.997    5.387    5.785    6.173    6.502
CT2050:275           -6.496   -5.798   -5.017   -4.221   -3.429   -2.680
   -1.980   -1.335   -0.746   -0.215    0.269    0.715    1.129    1.513
    1.872    2.210    2.527    2.821    3.099    3.368    3.635    3.915
    4.218    4.553    4.921    5.326    5.740    6.145    6.492
CT2050:270           -6.489   -5.789   -5.009   -4.215   -3.426   -2.683
   -1.991   -1.356   -0.780   -0.265    0.203    0.631    1.027    1.394
    1.739    2.064    2.372    2.662    2.939    3.210    3.483    3.771
    4.085    4.431    4.812    5.231    5.659    6.079    6.440
CT2050:265           -6.467   -5.772   -4.997   -4.209   -3.428   -2.694
   -2.012   -1.390   -0.828   -0.328    0.123    0.534    0.912    1.262
    1.592    1.905    2.203    2.488    2.764    3.038    3.317    3.615
    3.940    4.301    4.699    5.137    5.586    6.028    6.412
CT2050:260           -6.473   -5.781   -5.011   -4.228   -3.454   -2.729
   -2.059   -1.449   -0.900   -0.415    0.021    0.415    0.776    1.111
    1.425    1.725    2.013    2.291    2.564    2.839    3.123    3.429
    3.766    4.141    4.556    5.011    5.479    5.940    6.343
CT2050:255           -6.472   -5.786   -5.025   -4.252   -3.489   -2.776
   -2.118   -1.521   -0.986   -0.516   -0.096    0.282    0.628    0.946
    1.246    1.532    1.808    2.078    2.347    2.622    2.911    3.226
    3.576    3.966    4.398    4.873    5.362    5.844    6.269
CT2050:250           -6.491   -5.811   -5.058   -4.295   -3.542   -2.841
   -2.196   -1.613   -1.092   -0.636   -0.231    0.132    0.462    0.764
    1.048    1.320    1.585    1.846    2.111    2.385    2.678    3.003
    3.366    3.773    4.224    4.722    5.233    5.738    6.186
CT2050:245           -6.514   -5.842   -5.100   -4.348   -3.608   -2.920
   -2.289   -1.720   -1.214   -0.773   -0.383   -0.036    0.277    0.564
    0.831    1.088    1.340    1.593    1.852    2.127    2.425    2.759
    3.137    3.562    4.033    4.553    5.087    5.616    6.086
CT2050:240           -6.545   -5.881   -5.150   -4.411   -3.684   -3.011
   -2.394   -1.841   -1.350   -0.925   -0.552   -0.222    0.074    0.343
    0.594    0.836    1.075    1.318    1.573    1.849    2.153    2.500
    2.894    3.339    3.834    4.380    4.941    5.496    5.991
CT2050:235           -6.596   -5.939   -5.217   -4.489   -3.775   -3.116
   -2.515   -1.977   -1.503   -1.095   -0.739   -0.427   -0.150    0.100
    0.333    0.558    0.784    1.019    1.270    1.548    1.860    2.221
    2.635    3.103    3.623    4.197    4.786    5.369    5.891
CT2050:230           -6.636   -5.989   -5.280   -4.565   -3.867   -3.224
   -2.640   -2.119   -1.664   -1.275   -0.939   -0.648   -0.392   -0.163
    0.050    0.258    0.470    0.697    0.946    1.227    1.549    1.927
    2.362    2.855    3.404    4.008    4.627    5.240    5.788
CT2050:225           -6.712   -6.068   -5.368   -4.663   -3.976   -3.347
   -2.778   -2.275   -1.838   -1.469   -1.155   -0.886   -0.652   -0.445
   -0.253   -0.063    0.135    0.353    0.600    0.885    1.219    1.616
    2.074    2.596    3.175    3.809    4.459    5.101    5.675
CT2050:220           -6.760   -6.126   -5.437   -4.745   -4.073   -3.460
   -2.909   -2.424   -2.006   -1.659   -1.368   -1.122   -0.913   -0.730
   -0.560   -0.390   -0.208    0.002    0.246    0.537    0.884    1.301
    1.785    2.336    2.946    3.614    4.295    4.968    5.569
CT2050:215           -6.858   -6.224   -5.540   -4.854   -4.191   -3.589
   -3.051   -2.581   -2.181   -1.854   -1.583   -1.361   -1.176   -1.017
   -0.870   -0.720   -0.554   -0.355   -0.114    0.181    0.539    0.974
    1.482    2.060    2.699    3.395    4.103    4.801    5.420
CT2050:210           -6.913   -6.286   -5.611   -4.936   -4.283   -3.693
   -3.168   -2.713   -2.330   -2.020   -1.770   -1.569   -1.407   -1.271
   -1.147   -1.018   -0.870   -0.682   -0.446   -0.150    0.218    0.671
    1.203    1.809    2.479    3.207    3.945    4.670    5.314
CT2050:205           -7.027   -6.397   -5.722   -5.047   -4.397   -3.813
   -3.294   -2.847   -2.474   -2.177   -1.942   -1.758   -1.614   -1.499
   -1.396   -1.289   -1.159   -0.987   -0.760   -0.466   -0.095    0.370
    0.919    1.546    2.239    2.989    3.746    4.489    5.141
CT2050:200           -7.086   -6.462   -5.791   -5.121   -4.475   -3.895
   -3.381   -2.941   -2.574   -2.286   -2.062   -1.891   -1.762   -1.665
   -1.581   -1.493   -1.382   -1.226   -1.012   -0.724   -0.351    0.122
    0.686    1.333    2.049    2.823    3.604    4.369    5.040
CT2050:195           -7.052   -6.445   -5.787   -5.128   -4.491   -3.917
   -3.408   -2.971   -2.610   -2.327   -2.110   -1.948   -1.830   -1.746
   -1.678   -1.607   -1.514   -1.374   -1.172   -0.891   -0.519   -0.037
    0.543    1.212    1.956    2.762    3.578    4.379    5.091
CT2050:190           -7.115   -6.509   -5.850   -5.189   -4.549   -3.970
   -3.456   -3.015   -2.649   -2.365   -2.147   -1.988   -1.877   -1.804
   -1.749   -1.695   -1.620   -1.498   -1.312   -1.045   -0.680   -0.201
    0.382    1.060    1.815    2.634    3.462    4.276    5.000
CT2050:185           -6.938   -6.370   -5.736   -5.096   -4.469   -3.897
   -3.385   -2.944   -2.577   -2.292   -2.076   -1.920   -1.814   -1.749
   -1.705   -1.663   -1.601   -1.492   -1.316   -1.055   -0.691   -0.205
    0.392    1.091    1.874    2.731    3.604    4.469    5.259
CT2050:180           -6.995   -6.424   -5.785   -5.137   -4.500   -3.916
   -3.392   -2.938   -2.558   -2.263   -2.040   -1.881   -1.777   -1.718
   -1.684   -1.654   -1.606   -1.511   -1.349   -1.100   -0.747   -0.268
    0.324    1.020    1.802    2.659    3.533    4.399    5.190
CT2050:175           -6.974   -6.411   -5.773   -5.122   -4.479   -3.886
   -3.350   -2.882   -2.490   -2.185   -1.954   -1.792   -1.688   -1.634
   -1.607   -1.587   -1.549   -1.464   -1.312   -1.070   -0.724   -0.250
    0.338    1.031    1.811    2.667    3.544    4.414    5.214
CT2050:170           -7.018   -6.450   -5.802   -5.140   -4.483   -3.873
   -3.320   -2.835   -2.427   -2.107   -1.866   -1.697   -1.591   -1.539
   -1.517   -1.503   -1.472   -1.393   -1.246   -1.011   -0.671   -0.206
    0.372    1.053    1.820    2.664    3.528    4.386    5.179
CT2050:165           -7.121   -6.537   -5.871   -5.189   -4.512   -3.881
   -3.306   -2.801   -2.373   -2.036   -1.781   -1.603   -1.491   -1.436
   -1.414   -1.402   -1.373   -1.297   -1.155   -0.926   -0.597   -0.147
    0.411    1.067    1.806    2.617    3.447    4.270    5.025
CT2050:160           -7.152   -6.561   -5.883   -5.189   -4.496   -3.848
   -3.255   -2.731   -2.285   -1.931   -1.661   -1.469   -1.345   -1.281
   -1.251   -1.232   -1.198   -1.118   -0.975   -0.750   -0.428    0.009
    0.547    1.181    1.894    2.678    3.483    4.283    5.021
CT2050:155           -7.203   -6.601   -5.908   -5.198   -4.487   -3.821
   -3.209   -2.666   -2.200   -1.826   -1.536   -1.323   -1.180   -1.096
   -1.049   -1.015   -0.968   -0.882   -0.737   -0.517   -0.208    0.207
    0.717    1.317    1.994    2.741    3.510    4.275    4.983
CT2050:150           -7.224   -6.614   -5.910   -5.187   -4.462   -3.780
   -3.151   -2.590   -2.104   -1.708   -1.393   -1.153   -0.980   -0.867
   -0.791   -0.731   -0.665   -0.567   -0.420   -0.207    0.084    0.472
    0.949    1.511    2.148    2.855    3.588    4.320    5.004
CT2050:145           -7.255   -6.635   -5.918   -5.181   -4.441   -3.743
   -3.098   -2.518   -2.012   -1.591   -1.246   -0.972   -0.760   -0.606
   -0.491   -0.396   -0.303   -0.190   -0.042    0.160    0.428    0.781
    1.217    1.733    2.323    2.985    3.677    4.372    5.028
CT2050:140           -7.268   -6.642   -5.916   -5.168   -4.416   -3.705
   -3.045   -2.449   -1.923   -1.476   -1.098   -0.784   -0.528   -0.325
   -0.161   -0.024    0.102    0.231    0.382    0.571    0.811    1.125
    1.513    1.979    2.518    3.133    3.782    4.439    5.068
CT2050:135           -7.283   -6.650   -5.915   -5.158   -4.395   -3.672
   -2.999   -2.388   -1.843   -1.370   -0.959   -0.604   -0.299   -0.043
    0.173    0.357    0.519    0.669    0.823    0.997    1.209    1.481
    1.820    2.232    2.718    3.283    3.888    4.505    5.105
CT2050:130           -7.293   -6.656   -5.914   -5.148   -4.377   -3.645
   -2.962   -2.338   -1.776   -1.279   -0.837   -0.443   -0.091    0.217
    0.485    0.717    0.916    1.088    1.249    1.412    1.597    1.829
    2.121    2.483    2.918    3.436    3.999    4.580    5.153
CT2050:125           -7.289   -6.651   -5.906   -5.135   -4.358   -3.620
   -2.929   -2.296   -1.720   -1.205   -0.737   -0.309    0.083    0.437
    0.752    1.029    1.265    1.461    1.630    1.788    1.953    2.153
    2.404    2.723    3.113    3.590    4.118    4.668    5.219
CT2050:120           -7.298   -6.657   -5.908   -5.134   -4.352   -3.608
   -2.912   -2.271   -1.686   -1.157   -0.669   -0.216    0.207    0.597
    0.951    1.265    1.533    1.752    1.934    2.092    2.245    2.421
    2.642    2.925    3.278    3.720    4.217    4.738    5.268
CT2050:115           -7.312   -6.670   -5.917   -5.140   -4.355   -3.607
   -2.907   -2.262   -1.671   -1.133   -0.633   -0.164    0.278    0.693
    1.073    1.416    1.710    1.951    2.148    2.313    2.464    2.628
    2.831    3.092    3.421    3.839    4.315    4.817    5.334
CT2050:110           -7.320   -6.678   -5.925   -5.146   -4.361   -3.612
   -2.911   -2.264   -1.671   -1.130   -0.627   -0.152    0.299    0.725
    1.119    1.478    1.791    2.049    2.261    2.438    2.596    2.760
    2.957    3.208    3.524    3.926    4.386    4.873    5.377
CT2050:105           -7.345   -6.700   -5.946   -5.167   -4.380   -3.632
   -2.930   -2.284   -1.692   -1.153   -0.651   -0.179    0.270    0.696
    1.093    1.457    1.779    2.050    2.278    2.470    2.643    2.819
    3.023    3.277    3.593    3.993    4.449    4.930    5.429
CT2050:100           -7.353   -6.710   -5.958   -5.181   -4.397   -3.651
   -2.953   -2.311   -1.724   -1.191   -0.697   -0.235    0.204    0.619
    1.008    1.368    1.692    1.971    2.211    2.421    2.613    2.808
    3.030    3.299    3.625    4.030    4.488    4.969    5.463
CT2050:095           -7.380   -6.736   -5.985   -5.209   -4.427   -3.684
   -2.990   -2.352   -1.771   -1.248   -0.766   -0.318    0.104    0.503
    0.876    1.225    1.543    1.825    2.077    2.304    2.519    2.741
    2.989    3.282    3.630    4.051    4.520    5.009    5.505
CT2050:090           -7.388   -6.747   -6.000   -5.229   -4.452   -3.714
   -3.026   -2.396   -1.825   -1.314   -0.847   -0.417   -0.016    0.361
    0.714    1.046    1.354    1.635    1.894    2.138    2.377    2.628
    2.908    3.231    3.606    4.048    4.533    5.034    5.532
CT2050:085           -7.416   -6.775   -6.029   -5.260   -4.487   -3.754
   -3.073   -2.450   -1.889   -1.390   -0.940   -0.529   -0.149    0.204
    0.535    0.849    1.143    1.421    1.686    1.945    2.208    2.491
    2.805    3.163    3.571    4.041    4.547    5.065    5.570
CT2050:080           -7.423   -6.785   -6.044   -5.281   -4.514   -3.789
   -3.115   -2.502   -1.952   -1.467   -1.033   -0.641   -0.283    0.047
    0.356    0.650    0.931    1.203    1.472    1.745    2.030    2.342
    2.690    3.083    3.524    4.022    4.549    5.084    5.595
CT2050:075           -7.442   -6.805   -6.067   -5.307   -4.545   -3.826
   -3.159   -2.554   -2.014   -1.542   -1.123   -0.748   -0.409   -0.099
    0.190    0.467    0.736    1.003    1.275    1.560    1.866    2.207
    2.587    3.014    3.488    4.015    4.566    5.120    5.642
CT2050:070           -7.445   -6.812   -6.079   -5.325   -4.569   -3.856
   -3.197   -2.601   -2.070   -1.608   -1.202   -0.842   -0.519   -0.226
    0.047    0.310    0.570    0.833    1.109    1.404    1.727    2.091
    2.498    2.953    3.455    4.006    4.576    5.144    5.671
CT2050:065           -7.454   -6.822   -6.092   -5.342   -4.591   -3.884
   -3.231   -2.641   -2.118   -1.665   -1.268   -0.919   -0.608   -0.326
   -0.062    0.193    0.448    0.711    0.992    1.296    1.634    2.016
    2.445    2.922    3.446    4.016    4.601    5.183    5.714
CT2050:060           -7.454   -6.824   -6.098   -5.352   -4.605   -3.903
   -3.255   -2.671   -2.154   -1.708   -1.318   -0.976   -0.670   -0.393
   -0.132    0.122    0.378    0.646    0.933    1.246    1.595    1.989
    2.432    2.923    3.459    4.041    4.635    5.222    5.754
CT2050:055           -7.449   -6.823   -6.099   -5.356   -4.613   -3.914
   -3.270   -2.690   -2.177   -1.735   -1.348   -1.008   -0.702   -0.422
   -0.157    0.104    0.369    0.646    0.941    1.262    1.617    2.017
    2.463    2.956    3.495    4.077    4.669    5.253    5.776
CT2050:050           -7.444   -6.818   -6.096   -5.354   -4.612   -3.915
   -3.273   -2.694   -2.182   -1.739   -1.351   -1.006   -0.692   -0.401
   -0.121    0.156    0.437    0.728    1.034    1.362    1.718    2.115
    2.556    3.044    3.575    4.151    4.737    5.314    5.830
CT2050:045           -7.438   -6.814   -6.092   -5.351   -4.609   -3.911
   -3.267   -2.687   -2.172   -1.724   -1.327   -0.970   -0.639   -0.327
   -0.023    0.279    0.582    0.889    1.204    1.532    1.881    2.263
    2.685    3.151    3.660    4.214    4.778    5.334    5.826
CT2050:040           -7.433   -6.807   -6.084   -5.340   -4.594   -3.892
   -3.242   -2.654   -2.130   -1.668   -1.254   -0.873   -0.514   -0.169
    0.170    0.504    0.834    1.158    1.479    1.802    2.136    2.494
    2.888    3.324    3.805    4.333    4.876    5.412    5.888
CT2050:035           -7.436   -6.806   -6.078   -5.329   -4.576   -3.865
   -3.204   -2.602   -2.058   -1.573   -1.128   -0.712   -0.312    0.078
    0.459    0.831    1.188    1.524    1.843    2.148    2.452    2.771
    3.120    3.511    3.948    4.435    4.941    5.441    5.884
CT2050:030           -7.426   -6.794   -6.060   -5.304   -4.542   -3.817
   -3.138   -2.513   -1.942   -1.420   -0.932   -0.465   -0.011    0.434
    0.866    1.278    1.661    2.003    2.310    2.588    2.850    3.119
    3.416    3.756    4.145    4.593    5.065    5.536    5.957
CT2050:025           -7.434   -6.794   -6.051   -5.283   -4.507   -3.763
   -3.060   -2.404   -1.793   -1.223   -0.677   -0.147    0.373    0.881
    1.367    1.819    2.222    2.561    2.843    3.079    3.287    3.494
    3.728    4.008    4.343    4.743    5.173    5.606    5.996
CT2050:020           -7.421   -6.776   -6.025   -5.247   -4.456   -3.691
   -2.959   -2.265   -1.607   -0.978   -0.366    0.237    0.830    1.405
    1.945    2.433    2.848    3.174    3.423    3.609    3.755    3.896
    4.064    4.283    4.563    4.917    5.309    5.709    6.072
CT2050:015           -7.399   -6.751   -5.992   -5.203   -4.397   -3.608
   -2.845   -2.110   -1.400   -0.707   -0.024    0.654    1.322    1.962
    2.550    3.067    3.487    3.794    4.004    4.136    4.220    4.296
    4.402    4.564    4.794    5.108    5.466    5.837    6.181
CT2050:010           -7.385   -6.731   -5.964   -5.164   -4.342   -3.530
   -2.734   -1.957   -1.195   -0.440    0.312    1.060    1.794    2.490
    3.118    3.655    4.073    4.356    4.526    4.607    4.634    4.652
    4.703    4.814    4.998    5.272    5.596    5.935    6.255
CT2050:005           -7.337   -6.684   -5.913   -5.107   -4.274   -3.442
   -2.619   -1.806   -0.998   -0.191    0.619    1.424    2.210    2.947
    3.601    4.149    4.561    4.822    4.960    5.003    4.989    4.965
    4.977    5.054    5.207    5.455    5.755    6.075    6.382
CT2051:360           -7.323   -6.666   -5.888   -5.073   -4.228   -3.379
   -2.533   -1.691   -0.848   -0.001    0.849    1.693    2.511    3.271
    3.936    4.485    4.888    5.132    5.250    5.270    5.232    5.186
    5.176    5.231    5.362    5.586    5.864    6.161    6.446
