CT2035:360           -8.017   -7.582   -7.003   -6.379   -5.713   -5.046
   -4.400   -3.791   -3.230   -2.726   -2.269   -1.852   -1.461   -1.085
   -0.707   -0.316    0.099    0.546    1.028    1.543    2.091    2.669
    3.267    3.875    4.482    5.067    5.608    6.105    6.477
CT2035:355           -7.987   -7.558   -6.994   -6.389   -5.749   -5.114
   -4.505   -3.937   -3.419   -2.955   -2.537   -2.155   -1.794   -1.443
   -1.086   -0.711   -0.307    0.135    0.617    1.139    1.702    2.303
    2.932    3.578    4.229    4.862    5.452    5.998    6.418
CT2035:350           -7.976   -7.551   -7.000   -6.413   -5.798   -5.195
   -4.624   -4.096   -3.619   -3.196   -2.817   -2.469   -2.141   -1.817
   -1.483   -1.127   -0.736   -0.301    0.179    0.708    1.285    1.909
    2.568    3.251    3.943    4.621    5.255    5.845    6.303
CT2035:345           -7.925   -7.509   -6.977   -6.413   -5.828   -5.261
   -4.729   -4.243   -3.808   -3.428   -3.088   -2.777   -2.482   -2.187
   -1.878   -1.541   -1.164   -0.735   -0.253    0.285    0.881    1.533
    2.229    2.956    3.697    4.431    5.124    5.773    6.290
CT2035:340           -7.910   -7.498   -6.980   -6.435   -5.876   -5.343
   -4.848   -4.403   -4.011   -3.672   -3.373   -3.101   -2.841   -2.577
   -2.294   -1.978   -1.615   -1.193   -0.710   -0.162    0.451    1.129
    1.858    2.622    3.406    4.184    4.922    5.614    6.169
CT2035:335           -7.818   -7.421   -6.927   -6.410   -5.884   -5.389
   -4.937   -4.537   -4.190   -3.897   -3.642   -3.411   -3.189   -2.959
   -2.702   -2.407   -2.056   -1.637   -1.147   -0.584    0.052    0.763
    1.531    2.341    3.177    4.012    4.809    5.563    6.180
CT2035:330           -7.796   -7.400   -6.919   -6.420   -5.920   -5.458
   -5.045   -4.687   -4.384   -4.137   -3.928   -3.740   -3.559   -3.364
   -3.136   -2.861   -2.522   -2.104   -1.606   -1.028   -0.368    0.373
    1.176    2.025    2.901    3.779    4.617    5.412    6.064
CT2035:325           -7.744   -7.352   -6.886   -6.406   -5.933   -5.506
   -5.132   -4.817   -4.562   -4.364   -4.204   -4.064   -3.927   -3.769
   -3.570   -3.315   -2.985   -2.564   -2.054   -1.454   -0.766    0.009
    0.850    1.741    2.660    3.584    4.468    5.308    6.003
CT2035:320           -7.711   -7.317   -6.859   -6.394   -5.942   -5.546
   -5.209   -4.937   -4.730   -4.582   -4.473   -4.384   -4.293   -4.175
   -4.006   -3.771   -3.448   -3.021   -2.496   -1.872   -1.154   -0.343
    0.535    1.463    2.421    3.382    4.303    5.177    5.901
CT2035:315           -7.695   -7.290   -6.835   -6.378   -5.944   -5.574
   -5.270   -5.039   -4.877   -4.780   -4.723   -4.686   -4.643   -4.565
   -4.426   -4.209   -3.892   -3.457   -2.914   -2.264   -1.514   -0.668
    0.247    1.212    2.206    3.202    4.155    5.059    5.810
CT2035:310           -7.649   -7.235   -6.782   -6.332   -5.912   -5.566
   -5.294   -5.101   -4.983   -4.936   -4.931   -4.944   -4.948   -4.910
   -4.801   -4.601   -4.288   -3.846   -3.285   -2.609   -1.828   -0.948
    0.001    0.999    2.025    3.050    4.030    4.959    5.729
CT2035:305           -7.573   -7.151   -6.697   -6.252   -5.843   -5.516
   -5.271   -5.110   -5.032   -5.030   -5.072   -5.132   -5.180   -5.178
   -5.096   -4.913   -4.605   -4.156   -3.579   -2.881   -2.073   -1.163
   -0.184    0.844    1.898    2.949    3.952    4.903    5.692
CT2035:300           -7.512   -7.074   -6.611   -6.162   -5.755   -5.439
   -5.210   -5.073   -5.025   -5.057   -5.137   -5.236   -5.320   -5.349
   -5.290   -5.123   -4.822   -4.371   -3.786   -3.074   -2.247   -1.317
   -0.318    0.730    1.801    2.866    3.881    4.842    5.639
CT2035:295           -7.395   -6.945   -6.474   -6.019   -5.610   -5.298
   -5.078   -4.955   -4.926   -4.982   -5.088   -5.213   -5.324   -5.377
   -5.338   -5.187   -4.897   -4.451   -3.866   -3.150   -2.316   -1.377
   -0.366    0.691    1.771    2.843    3.864    4.830    5.633
CT2035:290           -7.318   -6.843   -6.352   -5.877   -5.452   -5.128
   -4.901   -4.776   -4.748   -4.809   -4.924   -5.061   -5.185   -5.253
   -5.231   -5.096   -4.821   -4.390   -3.817   -3.111   -2.285   -1.351
   -0.346    0.706    1.780    2.845    3.857    4.815    5.610
CT2035:285           -7.171   -6.679   -6.168   -5.673   -5.228   -4.884
   -4.638   -4.496   -4.454   -4.504   -4.612   -4.744   -4.870   -4.945
   -4.935   -4.819   -4.566   -4.158   -3.611   -2.929   -2.126   -1.214
   -0.230    0.803    1.857    2.902    3.895    4.836    5.617
CT2035:280           -7.081   -6.556   -6.009   -5.478   -4.995   -4.613
   -4.329   -4.150   -4.071   -4.088   -4.167   -4.278   -4.389   -4.462
   -4.461   -4.362   -4.137   -3.763   -3.254   -2.612   -1.849   -0.976
   -0.029    0.966    1.984    2.995    3.956    4.868    5.627
CT2035:275           -6.882   -6.340   -5.765   -5.202   -4.681   -4.255
   -3.923   -3.693   -3.562   -3.528   -3.561   -3.634   -3.719   -3.781
   -3.784   -3.705   -3.512   -3.183   -2.724   -2.137   -1.431   -0.615
    0.276    1.217    2.184    3.147    4.066    4.939    5.670
CT2035:270           -6.781   -6.199   -5.577   -4.962   -4.384   -3.895
   -3.494   -3.191   -2.985   -2.878   -2.843   -2.858   -2.900   -2.938
   -2.938   -2.875   -2.718   -2.441   -2.045   -1.528   -0.897   -0.157
    0.659    1.528    2.426    3.326    4.190    5.013    5.709
CT2035:265           -6.568   -5.965   -5.307   -4.649   -4.017   -3.461
   -2.986   -2.601   -2.309   -2.114   -1.996   -1.938   -1.921   -1.923
   -1.913   -1.863   -1.743   -1.526   -1.205   -0.775   -0.237    0.406
    1.126    1.903    2.714    3.537    4.332    5.093    5.742
CT2035:260           -6.461   -5.815   -5.103   -4.385   -3.684   -3.048
   -2.484   -2.001   -1.605   -1.305   -1.084   -0.934   -0.841   -0.791
   -0.756   -0.711   -0.626   -0.472   -0.236    0.095    0.523    1.053
    1.661    2.332    3.045    3.781    4.502    5.199    5.804
CT2035:255           -6.277   -5.604   -4.850   -4.081   -3.317   -2.604
   -1.951   -1.370   -0.867   -0.453   -0.121    0.133    0.316    0.432
    0.502    0.551    0.604    0.691    0.835    1.053    1.357    1.756
    2.236    2.784    3.384    4.021    4.657    5.277    5.825
CT2035:250           -6.172   -5.458   -4.651   -3.823   -2.991   -2.197
   -1.453   -0.770   -0.156    0.375    0.826    1.194    1.478    1.673
    1.791    1.854    1.883    1.908    1.960    2.062    2.234    2.497
    2.843    3.265    3.750    4.290    4.845    5.395    5.896
CT2035:245           -6.046   -5.299   -4.447   -3.568   -2.675   -1.809
   -0.983   -0.207    0.509    1.151    1.716    2.196    2.583    2.861
    3.035    3.121    3.134    3.104    3.068    3.058    3.101    3.227
    3.439    3.735    4.108    4.552    5.028    5.510    5.966
CT2035:240           -5.953   -5.170   -4.275   -3.348   -2.401   -1.472
   -0.574    0.281    1.086    1.824    2.490    3.070    3.553    3.911
    4.142    4.257    4.265    4.191    4.082    3.972    3.899    3.901
    3.990    4.171    4.439    4.796    5.198    5.618    6.032
CT2035:235           -5.865   -5.053   -4.122   -3.157   -2.167   -1.189
   -0.237    0.678    1.548    2.358    3.100    3.759    4.318    4.744
    5.026    5.172    5.184    5.083    4.920    4.735    4.570    4.472
    4.459    4.544    4.724    5.007    5.348    5.715    6.094
CT2035:230           -5.790   -4.953   -3.993   -2.998   -1.977   -0.966
    0.020    0.971    1.880    2.731    3.519    4.226    4.833    5.304
    5.626    5.800    5.823    5.714    5.524    5.295    5.071    4.904
    4.821    4.836    4.950    5.177    5.470    5.794    6.144
CT2035:225           -5.707   -4.854   -3.878   -2.867   -1.829   -0.804
    0.195    1.156    2.073    2.933    3.729    4.448    5.069    5.559
    5.902    6.096    6.136    6.036    5.847    5.607    5.363    5.166
    5.046    5.022    5.097    5.286    5.545    5.839    6.164
CT2035:220           -5.656   -4.789   -3.801   -2.781   -1.737   -0.711
    0.283    1.233    2.132    2.969    3.741    4.435    5.038    5.518
    5.860    6.065    6.124    6.050    5.886    5.670    5.444    5.256
    5.138    5.108    5.174    5.350    5.595    5.875    6.187
CT2035:215           -5.591   -4.720   -3.734   -2.716   -1.680   -0.669
    0.301    1.220    2.078    2.866    3.582    4.222    4.775    5.218
    5.540    5.743    5.821    5.782    5.663    5.498    5.322    5.178
    5.096    5.094    5.178    5.364    5.614    5.896    6.207
CT2035:210           -5.567   -4.694   -3.711   -2.701   -1.679   -0.691
    0.246    1.120    1.923    2.644    3.286    3.850    4.332    4.716
    5.001    5.191    5.281    5.280    5.219    5.122    5.018    4.945
    4.925    4.975    5.101    5.316    5.586    5.883    6.199
CT2035:205           -5.537   -4.669   -3.699   -2.706   -1.707   -0.752
    0.144    0.965    1.704    2.347    2.905    3.381    3.778    4.092
    4.326    4.491    4.586    4.622    4.619    4.598    4.580    4.593
    4.655    4.777    4.963    5.224    5.529    5.854    6.183
CT2035:200           -5.540   -4.679   -3.724   -2.750   -1.777   -0.858
   -0.006    0.761    1.434    2.001    2.473    2.860    3.170    3.407
    3.584    3.716    3.808    3.872    3.923    3.976    4.046    4.151
    4.303    4.509    4.768    5.087    5.438    5.799    6.149
CT2035:195           -5.557   -4.707   -3.771   -2.821   -1.878   -0.996
   -0.189    0.526    1.138    1.633    2.026    2.330    2.558    2.720
    2.839    2.932    3.012    3.094    3.189    3.307    3.457    3.653
    3.896    4.188    4.524    4.907    5.308    5.709    6.079
CT2035:190           -5.584   -4.748   -3.835   -2.912   -2.001   -1.157
   -0.393    0.273    0.831    1.264    1.590    1.823    1.979    2.075
    2.139    2.192    2.255    2.346    2.472    2.643    2.865    3.144
    3.474    3.851    4.269    4.721    5.178    5.628    6.028
CT2035:185           -5.632   -4.811   -3.922   -3.027   -2.149   -1.342
   -0.618    0.005    0.517    0.900    1.173    1.350    1.449    1.491
    1.506    1.523    1.566    1.656    1.803    2.013    2.291    2.640
    3.047    3.503    3.996    4.514    5.026    5.522    5.949
CT2035:180           -5.678   -4.876   -4.015   -3.151   -2.308   -1.539
   -0.853   -0.267    0.206    0.551    0.785    0.922    0.980    0.982
    0.961    0.948    0.971    1.056    1.214    1.452    1.773    2.180
    2.653    3.179    3.741    4.323    4.890    5.434    5.891
CT2035:175           -5.733   -4.952   -4.119   -3.287   -2.478   -1.745
   -1.094   -0.542   -0.099    0.218    0.427    0.539    0.574    0.551
    0.507    0.473    0.480    0.560    0.722    0.977    1.328    1.778
    2.303    2.886    3.508    4.145    4.761    5.349    5.836
CT2035:170           -5.793   -5.033   -4.230   -3.430   -2.656   -1.958
   -1.340   -0.817   -0.398   -0.098    0.098    0.201    0.227    0.197
    0.144    0.101    0.099    0.174    0.337    0.601    0.971    1.450
    2.012    2.639    3.306    3.989    4.646    5.271    5.785
CT2035:165           -5.851   -5.114   -4.340   -3.570   -2.831   -2.165
   -1.577   -1.078   -0.676   -0.384   -0.189   -0.082   -0.047   -0.070
   -0.117   -0.157   -0.159   -0.085    0.078    0.346    0.725    1.221
    1.808    2.465    3.167    3.887    4.581    5.241    5.786
CT2035:160           -5.918   -5.203   -4.456   -3.715   -3.006   -2.369
   -1.805   -1.325   -0.932   -0.639   -0.435   -0.311   -0.255   -0.256
   -0.284   -0.311   -0.304   -0.229   -0.067    0.198    0.576    1.075
    1.669    2.338    3.056    3.796    4.511    5.190    5.751
CT2035:155           -5.964   -5.273   -4.553   -3.840   -3.158   -2.546
   -2.002   -1.532   -1.141   -0.838   -0.614   -0.461   -0.373   -0.341
   -0.339   -0.342   -0.320   -0.238   -0.077    0.183    0.553    1.044
    1.634    2.302    3.026    3.778    4.509    5.208    5.791
CT2035:150           -6.033   -5.360   -4.661   -3.969   -3.307   -2.711
   -2.176   -1.708   -1.308   -0.985   -0.729   -0.539   -0.408   -0.333
   -0.293   -0.265   -0.224   -0.135    0.023    0.271    0.623    1.093
    1.662    2.313    3.023    3.767    4.495    5.193    5.780
CT2035:145           -6.143   -5.487   -4.801   -4.120   -3.467   -2.874
   -2.335   -1.854   -1.431   -1.073   -0.775   -0.534   -0.351   -0.223
   -0.138   -0.073   -0.007    0.093    0.249    0.484    0.814    1.258
    1.799    2.424    3.112    3.842    4.562    5.256    5.845
CT2035:140           -6.210   -5.567   -4.893   -4.222   -3.574   -2.978
   -2.429   -1.929   -1.477   -1.079   -0.731   -0.437   -0.198   -0.017
    0.115    0.216    0.305    0.412    0.560    0.775    1.073    1.477
    1.975    2.558    3.208    3.907    4.603    5.279    5.859
CT2035:135           -6.305   -5.669   -4.997   -4.326   -3.673   -3.064
   -2.495   -1.964   -1.474   -1.027   -0.625   -0.273    0.025    0.261
    0.440    0.577    0.689    0.800    0.937    1.126    1.387    1.742
    2.187    2.716    3.313    3.965    4.620    5.260    5.811
CT2035:130           -6.369   -5.742   -5.073   -4.399   -3.738   -3.111
   -2.515   -1.949   -1.415   -0.917   -0.458   -0.046    0.312    0.602
    0.828    1.001    1.134    1.250    1.378    1.541    1.764    2.070
    2.462    2.936    3.480    4.087    4.705    5.313    5.845
CT2035:125           -6.505   -5.871   -5.191   -4.503   -3.821   -3.166
   -2.535   -1.927   -1.345   -0.793   -0.276    0.194    0.609    0.952
    1.223    1.431    1.585    1.706    1.823    1.960    2.143    2.399
    2.732    3.144    3.627    4.176    4.742    5.301    5.792
CT2035:120           -6.567   -5.940   -5.255   -4.559   -3.861   -3.181
   -2.517   -1.871   -1.244   -0.643   -0.076    0.447    0.913    1.305
    1.618    1.860    2.037    2.166    2.277    2.395    2.546    2.757
    3.040    3.399    3.829    4.328    4.852    5.375    5.841
CT2035:115           -6.649   -6.023   -5.331   -4.622   -3.905   -3.198
   -2.502   -1.819   -1.152   -0.508    0.104    0.671    1.182    1.616
    1.967    2.241    2.441    2.582    2.692    2.796    2.921    3.095
    3.332    3.641    4.019    4.469    4.947    5.427    5.860
CT2035:110           -6.713   -6.091   -5.394   -4.676   -3.943   -3.213
   -2.489   -1.775   -1.074   -0.395    0.252    0.856    1.402    1.871
    2.255    2.559    2.783    2.938    3.054    3.154    3.262    3.409
    3.612    3.881    4.217    4.624    5.064    5.508    5.914
CT2035:105           -6.726   -6.118   -5.424   -4.703   -3.960   -3.213
   -2.468   -1.730   -1.004   -0.299    0.375    1.005    1.578    2.074
    2.485    2.815    3.062    3.236    3.363    3.466    3.570    3.703
    3.884    4.127    4.432    4.808    5.219    5.638    6.027
CT2035:100           -6.793   -6.190   -5.494   -4.767   -4.014   -3.250
   -2.486   -1.727   -0.978   -0.251    0.444    1.094    1.686    2.202
    2.633    2.982    3.249    3.441    3.583    3.696    3.802    3.930
    4.098    4.320    4.600    4.947    5.328    5.717    6.080
CT2035:095           -6.828   -6.238   -5.545   -4.818   -4.059   -3.286
   -2.508   -1.733   -0.967   -0.222    0.488    1.153    1.758    2.286
    2.730    3.094    3.377    3.587    3.746    3.875    3.993    4.127
    4.295    4.511    4.779    5.109    5.471    5.843    6.193
CT2035:090           -6.896   -6.314   -5.624   -4.897   -4.135   -3.353
   -2.564   -1.775   -0.993   -0.234    0.490    1.165    1.779    2.314
    2.765    3.137    3.431    3.655    3.832    3.978    4.113    4.259
    4.433    4.647    4.907    5.221    5.564    5.914    6.243
CT2035:085           -6.993   -6.416   -5.726   -4.999   -4.234   -3.446
   -2.648   -1.847   -1.053   -0.281    0.455    1.138    1.758    2.295
    2.748    3.125    3.427    3.664    3.858    4.025    4.181    4.344
    4.531    4.751    5.009    5.313    5.641    5.974    6.283
CT2035:080           -7.062   -6.496   -5.814   -5.092   -4.330   -3.542
   -2.740   -1.932   -1.130   -0.349    0.393    1.081    1.702    2.239
    2.692    3.070    3.379    3.629    3.842    4.032    4.212    4.398
    4.602    4.834    5.096    5.397    5.715    6.034    6.326
CT2035:075           -7.161   -6.601   -5.925   -5.208   -4.449   -3.661
   -2.859   -2.048   -1.241   -0.456    0.290    0.979    1.599    2.134
    2.585    2.966    3.282    3.546    3.779    3.993    4.199    4.410
    4.635    4.880    5.150    5.448    5.756    6.063    6.335
CT2035:070           -7.231   -6.684   -6.018   -5.311   -4.560   -3.778
   -2.980   -2.172   -1.368   -0.585    0.158    0.843    1.459    1.990
    2.442    2.827    3.154    3.436    3.692    3.933    4.168    4.407
    4.656    4.919    5.200    5.501    5.807    6.107    6.368
CT2035:065           -7.246   -6.722   -6.074   -5.383   -4.646   -3.876
   -3.088   -2.291   -1.495   -0.722    0.010    0.686    1.294    1.822
    2.275    2.667    3.009    3.313    3.595    3.867    4.135    4.404
    4.681    4.969    5.268    5.580    5.893    6.198    6.462
CT2035:060           -7.314   -6.803   -6.166   -5.486   -4.759   -3.999
   -3.221   -2.434   -1.651   -0.891   -0.172    0.491    1.090    1.614
    2.070    2.472    2.830    3.157    3.468    3.770    4.068    4.366
    4.668    4.975    5.288    5.607    5.921    6.224    6.481
CT2035:055           -7.325   -6.837   -6.219   -5.555   -4.843   -4.097
   -3.333   -2.561   -1.795   -1.053   -0.351    0.297    0.885    1.404
    1.863    2.276    2.654    3.006    3.345    3.677    4.006    4.333
    4.661    4.990    5.321    5.652    5.976    6.286    6.550
CT2035:050           -7.385   -6.910   -6.302   -5.648   -4.945   -4.207
   -3.454   -2.695   -1.945   -1.220   -0.536    0.097    0.674    1.189
    1.651    2.075    2.470    2.845    3.210    3.570    3.926    4.278
    4.627    4.973    5.317    5.657    5.984    6.297    6.558
CT2035:045           -7.460   -6.996   -6.398   -5.752   -5.055   -4.325
   -3.582   -2.835   -2.099   -1.391   -0.724   -0.106    0.459    0.969
    1.434    1.866    2.276    2.671    3.059    3.442    3.820    4.191
    4.555    4.913    5.265    5.607    5.933    6.241    6.492
CT2035:040           -7.513   -7.060   -6.470   -5.831   -5.141   -4.418
   -3.684   -2.949   -2.228   -1.537   -0.887   -0.284    0.270    0.775
    1.241    1.682    2.106    2.519    2.927    3.331    3.730    4.119
    4.500    4.872    5.235    5.586    5.919    6.233    6.487
CT2035:035           -7.551   -7.115   -6.535   -5.906   -5.223   -4.509
   -3.784   -3.062   -2.356   -1.683   -1.050   -0.463    0.080    0.579
    1.045    1.492    1.927    2.356    2.782    3.204    3.619    4.024
    4.419    4.804    5.179    5.540    5.882    6.204    6.465
CT2035:030           -7.598   -7.172   -6.600   -5.977   -5.300   -4.592
   -3.877   -3.168   -2.478   -1.823   -1.208   -0.637   -0.108    0.385
    0.851    1.303    1.748    2.190    2.631    3.068    3.499    3.919
    4.328    4.726    5.113    5.486    5.839    6.171    6.441
CT2035:025           -7.599   -7.193   -6.635   -6.024   -5.358   -4.662
   -3.961   -3.268   -2.597   -1.964   -1.370   -0.817   -0.302    0.183
    0.647    1.103    1.556    2.010    2.465    2.918    3.365    3.801
    4.227    4.644    5.051    5.445    5.820    6.175    6.471
CT2035:020           -7.640   -7.244   -6.694   -6.091   -5.433   -4.748
   -4.060   -3.385   -2.735   -2.123   -1.552   -1.019   -0.520   -0.045
    0.415    0.872    1.331    1.795    2.261    2.726    3.187    3.639
    4.081    4.515    4.939    5.351    5.743    6.116    6.427
CT2035:015           -7.657   -7.277   -6.740   -6.150   -5.504   -4.833
   -4.163   -3.509   -2.883   -2.298   -1.751   -1.241   -0.759   -0.298
    0.155    0.609    1.070    1.540    2.015    2.492    2.967    3.435
    3.896    4.349    4.793    5.225    5.637    6.028    6.356
CT2035:010           -7.694   -7.324   -6.797   -6.218   -5.584   -4.929
   -4.278   -3.646   -3.046   -2.487   -1.967   -1.480   -1.019   -0.573
   -0.131    0.317    0.777    1.249    1.731    2.219    2.710    3.197
    3.680    4.158    4.628    5.087    5.524    5.940    6.290
CT2035:005           -7.709   -7.354   -6.842   -6.278   -5.661   -5.025
   -4.397   -3.791   -3.219   -2.689   -2.197   -1.736   -1.299   -0.873
   -0.446   -0.010    0.443    0.913    1.399    1.896    2.400    2.907
    3.413    3.915    4.411    4.894    5.354    5.791    6.155
CT2036:360           -7.740   -7.396   -6.897   -6.347   -5.747   -5.132
   -4.527   -3.947   -3.403   -2.902   -2.439   -2.006   -1.594   -1.190
   -0.782   -0.362    0.081    0.547    1.034    1.541    2.061    2.591
    3.126    3.661    4.192    4.711    5.205    5.675    6.069
