CT2052:360           -7.100   -6.603   -6.015   -5.410   -4.807   -4.247
   -3.740   -3.292   -2.909   -2.592   -2.330   -2.111   -1.924   -1.755
   -1.586   -1.402   -1.187   -0.926   -0.614   -0.244    0.191    0.705
    1.293    1.956    2.687    3.488    4.312    5.133    5.885
CT2052:355           -7.101   -6.600   -6.005   -5.390   -4.773   -4.195
   -3.663   -3.185   -2.763   -2.399   -2.082   -1.805   -1.560   -1.336
   -1.123   -0.907   -0.676   -0.418   -0.123    0.219    0.617    1.087
    1.629    2.245    2.931    3.688    4.470    5.249    5.963
CT2052:350           -7.094   -6.587   -5.984   -5.359   -4.729   -4.132
   -3.578   -3.072   -2.616   -2.212   -1.850   -1.525   -1.230   -0.961
   -0.709   -0.463   -0.215    0.047    0.334    0.657    1.028    1.465
    1.970    2.547    3.193    3.908    4.650    5.389    6.068
CT2052:345           -7.058   -6.551   -5.943   -5.310   -4.669   -4.057
   -3.484   -2.956   -2.473   -2.037   -1.641   -1.279   -0.946   -0.640
   -0.355   -0.084    0.183    0.454    0.741    1.056    1.411    1.824
    2.300    2.843    3.451    4.126    4.825    5.522    6.160
CT2052:340           -7.043   -6.530   -5.911   -5.267   -4.613   -3.985
   -3.394   -2.846   -2.340   -1.880   -1.457   -1.067   -0.705   -0.371
   -0.059    0.238    0.525    0.810    1.105    1.420    1.769    2.168
    2.623    3.139    3.715    4.354    5.014    5.672    6.272
CT2052:335           -6.959   -6.450   -5.831   -5.183   -4.522   -3.884
   -3.281   -2.718   -2.197   -1.720   -1.278   -0.867   -0.484   -0.128
    0.207    0.526    0.833    1.136    1.443    1.766    2.115    2.507
    2.949    3.445    3.996    4.603    5.231    5.856    6.425
CT2052:330           -6.938   -6.420   -5.790   -5.131   -4.457   -3.806
   -3.188   -2.610   -2.073   -1.579   -1.121   -0.693   -0.292    0.084
    0.440    0.779    1.106    1.425    1.746    2.077    2.428    2.816
    3.245    3.723    4.248    4.824    5.417    6.005    6.537
CT2052:325           -6.882   -6.360   -5.724   -5.057   -4.373   -3.710
   -3.080   -2.489   -1.939   -1.431   -0.958   -0.515   -0.098    0.297
    0.671    1.029    1.374    1.709    2.043    2.383    2.739    3.123
    3.544    4.008    4.513    5.065    5.630    6.191    6.696
CT2052:320           -6.853   -6.322   -5.674   -4.996   -4.300   -3.624
   -2.980   -2.375   -1.811   -1.289   -0.802   -0.343    0.091    0.502
    0.893    1.267    1.627    1.975    2.319    2.664    3.021    3.400
    3.811    4.258    4.743    5.267    5.802    6.330    6.801
CT2052:315           -6.861   -6.312   -5.648   -4.954   -4.242   -3.550
   -2.890   -2.269   -1.689   -1.152   -0.649   -0.175    0.275    0.701
    1.108    1.496    1.869    2.226    2.576    2.924    3.280    3.653
    4.054    4.486    4.950    5.450    5.956    6.454    6.893
CT2052:310           -6.826   -6.267   -5.592   -4.886   -4.162   -3.457
   -2.783   -2.149   -1.556   -1.005   -0.488   -0.001    0.462    0.901
    1.319    1.719    2.100    2.464    2.817    3.166    3.519    3.887
    4.278    4.697    5.144    5.622    6.104    6.575    6.986
CT2052:305           -6.827   -6.251   -5.559   -4.837   -4.096   -3.376
   -2.687   -2.038   -1.431   -0.867   -0.338    0.161    0.634    1.083
    1.509    1.916    2.303    2.670    3.026    3.375    3.725    4.087
    4.469    4.876    5.309    5.767    6.227    6.674    7.059
CT2052:300           -6.788   -6.202   -5.499   -4.766   -4.013   -3.281
   -2.580   -1.918   -1.300   -0.726   -0.189    0.316    0.795    1.249
    1.679    2.089    2.478    2.847    3.204    3.552    3.901    4.259
    4.634    5.033    5.454    5.898    6.340    6.769    7.133
CT2052:295           -6.769   -6.169   -5.452   -4.705   -3.939   -3.194
   -2.480   -1.808   -1.180   -0.599   -0.057    0.452    0.932    1.386
    1.815    2.224    2.613    2.982    3.338    3.686    4.033    4.389
    4.760    5.152    5.565    5.996    6.424    6.836    7.180
CT2052:290           -6.729   -6.119   -5.393   -4.636   -3.860   -3.104
   -2.381   -1.700   -1.066   -0.481    0.062    0.569    1.046    1.495
    1.919    2.324    2.710    3.077    3.433    3.781    4.129    4.484
    4.855    5.244    5.653    6.078    6.497    6.900    7.231
CT2052:285           -6.704   -6.083   -5.347   -4.579   -3.793   -3.028
   -2.297   -1.610   -0.971   -0.386    0.155    0.657    1.126    1.566
    1.982    2.379    2.758    3.122    3.475    3.822    4.170    4.525
    4.895    5.282    5.687    6.104    6.513    6.902    7.216
CT2052:280           -6.666   -6.037   -5.293   -4.519   -3.727   -2.956
   -2.220   -1.530   -0.890   -0.308    0.228    0.722    1.182    1.611
    2.015    2.402    2.774    3.132    3.483    3.830    4.180    4.539
    4.913    5.304    5.712    6.132    6.542    6.931    7.241
CT2052:275           -6.617   -5.985   -5.239   -4.462   -3.667   -2.894
   -2.158   -1.469   -0.833   -0.255    0.273    0.756    1.204    1.619
    2.011    2.385    2.746    3.096    3.442    3.788    4.138    4.499
    4.876    5.271    5.682    6.104    6.512    6.897    7.199
CT2052:270           -6.582   -5.946   -5.197   -4.418   -3.623   -2.851
   -2.117   -1.432   -0.800   -0.230    0.288    0.761    1.196    1.597
    1.974    2.335    2.685    3.027    3.368    3.712    4.064    4.432
    4.817    5.222    5.644    6.076    6.494    6.889    7.197
CT2052:265           -6.511   -5.879   -5.137   -4.365   -3.577   -2.814
   -2.089   -1.413   -0.792   -0.234    0.272    0.731    1.152    1.538
    1.900    2.246    2.583    2.915    3.250    3.592    3.946    4.319
    4.714    5.130    5.564    6.008    6.436    6.840    7.154
CT2052:260           -6.482   -5.849   -5.108   -4.341   -3.561   -2.807
   -2.094   -1.430   -0.823   -0.279    0.213    0.657    1.062    1.433
    1.780    2.112    2.437    2.761    3.091    3.432    3.791    4.174
    4.581    5.013    5.465    5.928    6.375    6.797    7.125
CT2052:255           -6.413   -5.789   -5.060   -4.307   -3.542   -2.806
   -2.112   -1.469   -0.882   -0.358    0.113    0.538    0.925    1.279
    1.610    1.929    2.243    2.561    2.888    3.232    3.598    3.993
    4.417    4.868    5.341    5.827    6.297    6.742    7.090
CT2052:250           -6.389   -5.766   -5.046   -4.303   -3.554   -2.838
   -2.166   -1.547   -0.986   -0.488   -0.041    0.360    0.725    1.060
    1.376    1.683    1.990    2.305    2.635    2.986    3.363    3.775
    4.218    4.691    5.189    5.701    6.198    6.668    7.039
CT2052:245           -6.342   -5.727   -5.021   -4.295   -3.567   -2.877
   -2.234   -1.647   -1.120   -0.655   -0.242    0.129    0.467    0.781
    1.081    1.379    1.682    2.000    2.338    2.702    3.096    3.529
    3.997    4.498    5.026    5.571    6.100    6.603    7.006
CT2052:240           -6.322   -5.711   -5.016   -4.307   -3.600   -2.938
   -2.327   -1.776   -1.288   -0.863   -0.489   -0.154    0.152    0.441
    0.725    1.014    1.317    1.642    1.993    2.375    2.792    3.249
    3.745    4.275    4.833    5.410    5.971    6.505    6.936
CT2052:235           -6.280   -5.678   -5.001   -4.311   -3.630   -3.000
   -2.426   -1.916   -1.472   -1.094   -0.765   -0.472   -0.202    0.060
    0.326    0.608    0.913    1.249    1.618    2.023    2.465    2.952
    3.478    4.042    4.635    5.248    5.846    6.417    6.883
CT2052:230           -6.262   -5.664   -5.000   -4.328   -3.670   -3.070
   -2.532   -2.064   -1.666   -1.335   -1.054   -0.805   -0.572   -0.340
   -0.091    0.182    0.490    0.838    1.225    1.653    2.122    2.638
    3.196    3.792    4.419    5.067    5.700    6.305    6.802
CT2052:225           -6.253   -5.660   -5.008   -4.352   -3.717   -3.146
   -2.643   -2.214   -1.859   -1.575   -1.338   -1.132   -0.937   -0.733
   -0.504   -0.241    0.066    0.423    0.825    1.273    1.766    2.309
    2.894    3.520    4.178    4.858    5.522    6.157    6.680
CT2052:220           -6.236   -5.646   -5.004   -4.363   -3.746   -3.201
   -2.728   -2.334   -2.017   -1.773   -1.577   -1.408   -1.246   -1.070
   -0.861   -0.610   -0.307    0.053    0.464    0.926    1.438    2.003
    2.615    3.270    3.960    4.673    5.372    6.041    6.595
CT2052:215           -6.225   -5.638   -5.005   -4.374   -3.773   -3.248
   -2.799   -2.432   -2.145   -1.931   -1.765   -1.626   -1.492   -1.339
   -1.151   -0.916   -0.625   -0.271    0.139    0.605    1.126    1.706
    2.337    3.016    3.732    4.474    5.202    5.900    6.480
CT2052:210           -6.208   -5.622   -4.994   -4.370   -3.779   -3.267
   -2.834   -2.484   -2.215   -2.021   -1.876   -1.756   -1.642   -1.510
   -1.341   -1.127   -0.854   -0.516   -0.118    0.342    0.863    1.450
    2.095    2.792    3.532    4.303    5.060    5.788    6.396
CT2052:205           -6.094   -5.525   -4.912   -4.302   -3.725   -3.226
   -2.805   -2.467   -2.209   -2.025   -1.891   -1.784   -1.684   -1.569
   -1.421   -1.229   -0.981   -0.667   -0.290    0.154    0.667    1.255
    1.910    2.625    3.389    4.190    4.982    5.746    6.392
CT2052:200           -6.075   -5.503   -4.888   -4.277   -3.699   -3.198
   -2.775   -2.435   -2.174   -1.989   -1.854   -1.749   -1.657   -1.556
   -1.429   -1.264   -1.046   -0.763   -0.415    0.004    0.498    1.078
    1.732    2.454    3.231    4.051    4.864    5.651    6.319
CT2052:195           -5.921   -5.369   -4.767   -4.167   -3.594   -3.095
   -2.670   -2.326   -2.059   -1.867   -1.728   -1.624   -1.537   -1.450
   -1.345   -1.208   -1.023   -0.775   -0.460   -0.069    0.405    0.973
    1.625    2.353    3.143    3.983    4.821    5.634    6.333
CT2052:190           -5.898   -5.340   -4.731   -4.122   -3.539   -3.026
   -2.586   -2.224   -1.940   -1.734   -1.583   -1.474   -1.390   -1.315
   -1.231   -1.122   -0.970   -0.758   -0.477   -0.117    0.332    0.884
    1.526    2.251    3.045    3.893    4.740    5.565    6.278
CT2052:185           -5.798   -5.248   -4.641   -4.031   -3.441   -2.916
   -2.460   -2.081   -1.779   -1.557   -1.396   -1.282   -1.202   -1.139
   -1.075   -0.994   -0.874   -0.694   -0.445   -0.113    0.312    0.846
    1.477    2.195    2.987    3.837    4.690    5.521    6.244
CT2052:180           -5.772   -5.215   -4.597   -3.974   -3.368   -2.823
   -2.345   -1.942   -1.618   -1.376   -1.201   -1.081   -1.002   -0.950
   -0.904   -0.845   -0.752   -0.601   -0.379   -0.071    0.333    0.849
    1.466    2.173    2.957    3.802    4.653    5.484    6.210
CT2052:175           -5.727   -5.168   -4.543   -3.909   -3.289   -2.725
   -2.225   -1.799   -1.452   -1.191   -1.001   -0.874   -0.794   -0.750
   -0.718   -0.678   -0.606   -0.477   -0.277    0.009    0.392    0.889
    1.488    2.178    2.945    3.776    4.613    5.433    6.151
CT2052:170           -5.701   -5.134   -4.498   -3.852   -3.215   -2.630
   -2.107   -1.657   -1.286   -1.004   -0.798   -0.659   -0.575   -0.532
   -0.507   -0.477   -0.418   -0.304   -0.120    0.149    0.514    0.992
    1.570    2.240    2.987    3.799    4.621    5.427    6.138
CT2052:165           -5.690   -5.115   -4.468   -3.809   -3.156   -2.552
   -2.007   -1.533   -1.138   -0.833   -0.608   -0.453   -0.357   -0.308
   -0.280   -0.252   -0.198   -0.093    0.079    0.332    0.677    1.131
    1.682    2.323    3.040    3.822    4.617    5.399    6.091
CT2052:160           -5.667   -5.085   -4.430   -3.760   -3.094   -2.474
   -1.909   -1.414   -0.996   -0.668   -0.419   -0.243   -0.127   -0.061
   -0.020    0.018    0.076    0.179    0.343    0.582    0.907    1.335
    1.855    2.463    3.146    3.897    4.663    5.420    6.097
CT2052:155           -5.654   -5.066   -4.402   -3.723   -3.047   -2.412
   -1.831   -1.316   -0.876   -0.523   -0.248   -0.043    0.101    0.194
    0.259    0.317    0.388    0.496    0.655    0.879    1.181    1.577
    2.061    2.629    3.272    3.983    4.715    5.441    6.095
CT2052:150           -5.636   -5.043   -4.374   -3.689   -3.005   -2.360
   -1.766   -1.235   -0.775   -0.397   -0.092    0.146    0.325    0.455
    0.554    0.641    0.733    0.851    1.008    1.218    1.496    1.857
    2.301    2.825    3.423    4.092    4.787    5.480    6.113
CT2052:145           -5.597   -5.004   -4.334   -3.649   -2.962   -2.312
   -1.710   -1.166   -0.688   -0.286    0.048    0.321    0.541    0.714
    0.854    0.977    1.097    1.228    1.386    1.584    1.837    2.163
    2.564    3.043    3.595    4.221    4.879    5.538    6.152
CT2052:140           -5.584   -4.989   -4.318   -3.630   -2.941   -2.287
   -1.678   -1.124   -0.631   -0.207    0.157    0.467    0.729    0.947
    1.132    1.295    1.445    1.594    1.756    1.943    2.172    2.462
    2.821    3.254    3.758    4.341    4.959    5.584    6.174
CT2052:135           -5.538   -4.949   -4.282   -3.599   -2.913   -2.260
   -1.649   -1.090   -0.586   -0.143    0.246    0.589    0.890    1.151
    1.380    1.583    1.765    1.933    2.101    2.281    2.490    2.749
    3.069    3.459    3.920    4.460    5.041    5.634    6.202
CT2052:130           -5.531   -4.942   -4.276   -3.594   -2.910   -2.257
   -1.645   -1.081   -0.568   -0.111    0.300    0.671    1.006    1.306
    1.574    1.814    2.026    2.215    2.392    2.569    2.763    2.996
    3.284    3.637    4.060    4.563    5.110    5.672    6.220
CT2052:125           -5.517   -4.931   -4.270   -3.593   -2.913   -2.264
   -1.654   -1.089   -0.572   -0.105    0.321    0.712    1.072    1.402
    1.701    1.970    2.209    2.416    2.603    2.780    2.964    3.178
    3.438    3.759    4.145    4.611    5.122    5.649    6.167
CT2052:120           -5.516   -4.931   -4.274   -3.600   -2.925   -2.280
   -1.673   -1.110   -0.592   -0.120    0.315    0.718    1.095    1.444
    1.766    2.059    2.318    2.543    2.743    2.926    3.110    3.315
    3.562    3.864    4.229    4.672    5.161    5.669    6.174
CT2052:115           -5.528   -4.945   -4.292   -3.623   -2.954   -2.315
   -1.714   -1.155   -0.640   -0.170    0.266    0.673    1.056    1.415
    1.748    2.054    2.328    2.566    2.777    2.968    3.154    3.356
    3.594    3.881    4.226    4.645    5.107    5.586    6.061
CT2052:110           -5.532   -4.953   -4.305   -3.642   -2.980   -2.350
   -1.757   -1.206   -0.699   -0.236    0.194    0.597    0.977    1.336
    1.672    1.984    2.267    2.517    2.741    2.945    3.144    3.355
    3.598    3.888    4.232    4.646    5.104    5.578    6.050
CT2052:105           -5.541   -4.966   -4.325   -3.671   -3.018   -2.399
   -1.817   -1.278   -0.784   -0.333    0.084    0.475    0.844    1.194
    1.524    1.833    2.119    2.376    2.611    2.829    3.043    3.268
    3.523    3.820    4.169    4.582    5.036    5.504    5.966
CT2052:100           -5.551   -4.981   -4.347   -3.702   -3.061   -2.454
   -1.886   -1.363   -0.885   -0.452   -0.053    0.319    0.670    1.004
    1.321    1.622    1.905    2.167    2.412    2.647    2.880    3.128
    3.405    3.723    4.089    4.518    4.983    5.462    5.933
CT2052:095           -5.551   -4.989   -4.367   -3.734   -3.106   -2.515
   -1.965   -1.461   -1.004   -0.593   -0.218    0.130    0.457    0.767
    1.065    1.352    1.627    1.890    2.144    2.395    2.651    2.926
    3.231    3.577    3.970    4.421    4.907    5.403    5.887
CT2052:090           -5.566   -5.011   -4.398   -3.777   -3.163   -2.589
   -2.058   -1.576   -1.142   -0.758   -0.410   -0.091    0.206    0.489
    0.762    1.028    1.291    1.552    1.813    2.080    2.360    2.665
    3.004    3.385    3.812    4.295    4.809    5.331    5.834
CT2052:085           -5.573   -5.027   -4.426   -3.819   -3.222   -2.667
   -2.159   -1.701   -1.294   -0.938   -0.622   -0.336   -0.072    0.177
    0.421    0.663    0.910    1.164    1.430    1.712    2.017    2.355
    2.733    3.155    3.623    4.145    4.693    5.247    5.774
CT2052:080           -5.592   -5.054   -4.464   -3.870   -3.290   -2.755
   -2.269   -1.837   -1.459   -1.135   -0.853   -0.603   -0.376   -0.163
    0.047    0.261    0.487    0.733    1.001    1.298    1.628    2.002
    2.422    2.890    3.405    3.971    4.560    5.150    5.706
CT2052:075           -5.601   -5.072   -4.496   -3.917   -3.355   -2.842
   -2.381   -1.976   -1.629   -1.339   -1.093   -0.883   -0.696   -0.522
   -0.349   -0.167    0.037    0.271    0.540    0.851    1.208    1.620
    2.085    2.602    3.168    3.784    4.417    5.049    5.636
CT2052:070           -5.623   -5.103   -4.539   -3.974   -3.428   -2.937
   -2.501   -2.124   -1.808   -1.553   -1.346   -1.176   -1.031   -0.899
   -0.765   -0.616   -0.437   -0.216    0.054    0.378    0.762    1.213
    1.725    2.295    2.915    3.583    4.264    4.940    5.560
CT2052:065           -5.652   -5.139   -4.586   -4.034   -3.505   -3.034
   -2.622   -2.273   -1.989   -1.771   -1.603   -1.475   -1.373   -1.285
   -1.190   -1.076   -0.922   -0.713   -0.443   -0.104    0.307    0.798
    1.358    1.981    2.656    3.378    4.108    4.827    5.481
CT2052:060           -5.677   -5.171   -4.630   -4.091   -3.578   -3.128
   -2.739   -2.419   -2.167   -1.985   -1.857   -1.771   -1.714   -1.668
   -1.614   -1.533   -1.404   -1.206   -0.935   -0.581   -0.142    0.390
    0.998    1.674    2.404    3.178    3.956    4.719    5.406
CT2052:055           -5.761   -5.253   -4.714   -4.181   -3.678   -3.242
   -2.873   -2.577   -2.354   -2.206   -2.116   -2.072   -2.057   -2.053
   -2.036   -1.986   -1.880   -1.692   -1.419   -1.050   -0.584   -0.015
    0.637    1.361    2.138    2.957    3.774    4.572    5.281
CT2052:050           -5.787   -5.286   -4.757   -4.234   -3.744   -3.325
   -2.976   -2.704   -2.509   -2.395   -2.342   -2.337   -2.362   -2.397
   -2.415   -2.394   -2.306   -2.125   -1.846   -1.461   -0.968   -0.362
    0.333    1.101    1.924    2.787    3.645    4.480    5.218
CT2052:045           -5.852   -5.351   -4.825   -4.307   -3.824   -3.416
   -3.081   -2.828   -2.656   -2.569   -2.548   -2.577   -2.638   -2.706
   -2.754   -2.755   -2.682   -2.505   -2.220   -1.820   -1.303   -0.668
    0.060    0.863    1.722    2.618    3.504    4.365    5.121
