CT2006:360           -7.704   -7.624   -7.527   -7.447   -7.420   -7.487
   -7.633   -7.844   -8.092   -8.331   -8.510   -8.586   -8.525   -8.282
   -7.856   -7.260   -6.494   -5.573   -4.533   -3.395   -2.181   -0.915
    0.370    1.647    2.890    4.052    5.102    6.058    6.766
CT2006:355           -7.900   -7.881   -7.840   -7.814   -7.835   -7.946
   -8.129   -8.371   -8.644   -8.900   -9.091   -9.175   -9.121   -8.886
   -8.469   -7.884   -7.130   -6.219   -5.185   -4.046   -2.821   -1.531
   -0.209    1.116    2.419    3.654    4.789    5.836    6.653
CT2006:350           -8.149   -8.173   -8.166   -8.171   -8.217   -8.345
   -8.539   -8.786   -9.058   -9.311   -9.500   -9.584   -9.535   -9.313
   -8.916   -8.357   -7.632   -6.749   -5.740   -4.618   -3.402   -2.109
   -0.775    0.573    1.906    3.180    4.359    5.454    6.327
CT2006:345           -8.425   -8.469   -8.476   -8.490   -8.539   -8.660
   -8.842   -9.072   -9.325   -9.559   -9.733   -9.811   -9.764   -9.556
   -9.183   -8.656   -7.967   -7.120   -6.142   -5.045   -3.843   -2.553
   -1.211    0.155    1.514    2.825    4.050    5.198    6.140
CT2006:340           -8.619   -8.688   -8.706   -8.724   -8.768   -8.874
   -9.033   -9.236   -9.459   -9.666   -9.819   -9.886   -9.842   -9.650
   -9.305   -8.814   -8.168   -7.364   -6.426   -5.362   -4.186   -2.913
   -1.579   -0.215    1.149    2.471    3.714    4.885    5.863
CT2006:335           -8.879   -8.947   -8.954   -8.956   -8.975   -9.048
   -9.169   -9.329   -9.510   -9.680   -9.805   -9.856   -9.808   -9.629
   -9.310   -8.854   -8.248   -7.488   -6.592   -5.566   -4.423   -3.176
   -1.864   -0.517    0.836    2.152    3.396    4.574    5.573
CT2006:330           -9.018   -9.096   -9.097   -9.085   -9.082   -9.121
   -9.201   -9.318   -9.455   -9.585   -9.679   -9.710   -9.655   -9.483
   -9.184   -8.757   -8.187   -7.466   -6.610   -5.624   -4.520   -3.309
   -2.029   -0.711    0.617    1.917    3.152    4.330    5.347
CT2006:325           -9.150   -9.228   -9.215   -9.183   -9.149   -9.149
   -9.184   -9.253   -9.342   -9.429   -9.488   -9.494   -9.426   -9.253
   -8.965   -8.558   -8.015   -7.328   -6.511   -5.568   -4.510   -3.348
   -2.118   -0.848    0.435    1.697    2.904    4.061    5.075
CT2006:320           -9.240   -9.316   -9.287   -9.232   -9.166   -9.125
   -9.115   -9.136   -9.177   -9.220   -9.241   -9.217   -9.127   -8.943
   -8.653   -8.251   -7.724   -7.061   -6.277   -5.377   -4.370   -3.266
   -2.097   -0.887    0.341    1.560    2.736    3.873    4.892
CT2006:315           -9.261   -9.338   -9.295   -9.220   -9.125   -9.047
   -8.996   -8.972   -8.969   -8.969   -8.951   -8.894   -8.776   -8.570
   -8.265   -7.855   -7.329   -6.682   -5.927   -5.070   -4.120   -3.083
   -1.986   -0.845    0.319    1.488    2.632    3.748    4.776
CT2006:310           -9.305   -9.372   -9.308   -9.207   -9.081   -8.966
   -8.874   -8.808   -8.762   -8.722   -8.665   -8.571   -8.419   -8.181
   -7.848   -7.419   -6.885   -6.246   -5.518   -4.707   -3.820   -2.860
   -1.846   -0.787    0.302    1.412    2.513    3.599    4.625
CT2006:305           -9.309   -9.365   -9.281   -9.157   -9.003   -8.855
   -8.729   -8.628   -8.547   -8.471   -8.378   -8.247   -8.058   -7.783
   -7.416   -6.959   -6.409   -5.772   -5.066   -4.298   -3.473   -2.590
   -1.656   -0.676    0.345    1.405    2.477    3.548    4.590
CT2006:300           -9.313   -9.353   -9.248   -9.099   -8.919   -8.744
   -8.591   -8.462   -8.354   -8.250   -8.129   -7.967   -7.744   -7.434
   -7.033   -6.549   -5.983   -5.349   -4.667   -3.942   -3.180   -2.372
   -1.520   -0.618    0.332    1.338    2.372    3.418    4.460
CT2006:295           -9.279   -9.306   -9.182   -9.015   -8.813   -8.618
   -8.446   -8.299   -8.174   -8.054   -7.914   -7.731   -7.484   -7.148
   -6.722   -6.217   -5.641   -5.011   -4.348   -3.661   -2.949   -2.204
   -1.415   -0.573    0.327    1.297    2.312    3.349    4.406
CT2006:290           -9.246   -9.253   -9.108   -8.920   -8.700   -8.490
   -8.306   -8.151   -8.021   -7.896   -7.753   -7.564   -7.311   -6.967
   -6.533   -6.024   -5.449   -4.831   -4.189   -3.533   -2.861   -2.160
   -1.416   -0.617    0.247    1.192    2.193    3.223    4.288
CT2006:285           -9.042   -9.055   -8.910   -8.721   -8.499   -8.290
   -8.110   -7.964   -7.845   -7.734   -7.606   -7.435   -7.198   -6.872
   -6.455   -5.963   -5.407   -4.807   -4.186   -3.549   -2.897   -2.214
   -1.487   -0.698    0.158    1.104    2.113    3.155    4.243
CT2006:280           -8.969   -8.958   -8.792   -8.585   -8.350   -8.135
   -7.956   -7.818   -7.714   -7.627   -7.529   -7.392   -7.195   -6.911
   -6.538   -6.087   -5.567   -4.995   -4.394   -3.768   -3.119   -2.431
   -1.694   -0.892   -0.021    0.942    1.969    3.030    4.139
CT2006:275           -8.704   -8.698   -8.534   -8.327   -8.095   -7.888
   -7.724   -7.608   -7.533   -7.486   -7.436   -7.356   -7.224   -7.010
   -6.708   -6.323   -5.858   -5.326   -4.746   -4.124   -3.461   -2.747
   -1.975   -1.135   -0.225    0.774    1.833    2.924    4.056
CT2006:270           -8.587   -8.553   -8.365   -8.138   -7.891   -7.680
   -7.521   -7.420   -7.372   -7.367   -7.372   -7.360   -7.308   -7.181
   -6.969   -6.668   -6.273   -5.789   -5.233   -4.610   -3.924   -3.168
   -2.342   -1.446   -0.479    0.573    1.677    2.809    3.972
CT2006:265           -8.590   -8.505   -8.275   -8.011   -7.735   -7.505
   -7.338   -7.243   -7.216   -7.249   -7.310   -7.372   -7.406   -7.378
   -7.266   -7.060   -6.747   -6.319   -5.793   -5.173   -4.462   -3.660
   -2.777   -1.819   -0.792    0.309    1.450    2.609    3.772
CT2006:260           -8.429   -8.311   -8.052   -7.761   -7.463   -7.221
   -7.050   -6.963   -6.960   -7.034   -7.155   -7.295   -7.422   -7.499
   -7.496   -7.394   -7.169   -6.806   -6.316   -5.702   -4.971   -4.122
   -3.178   -2.151   -1.053    0.114    1.313    2.522    3.720
CT2006:255           -8.390   -8.212   -7.903   -7.567   -7.230   -6.959
   -6.770   -6.677   -6.685   -6.790   -6.963   -7.173   -7.389   -7.568
   -7.672   -7.675   -7.544   -7.253   -6.812   -6.220   -5.485   -4.609
   -3.623   -2.547   -1.401   -0.192    1.035    2.261    3.447
CT2006:250           -8.193   -7.976   -7.630   -7.259   -6.890   -6.591
   -6.381   -6.279   -6.291   -6.420   -6.636   -6.909   -7.204   -7.477
   -7.682   -7.785   -7.745   -7.527   -7.137   -6.572   -5.840   -4.943
   -3.920   -2.795   -1.593   -0.329    0.949    2.221    3.437
CT2006:245           -7.959   -7.707   -7.326   -6.919   -6.514   -6.181
   -5.943   -5.822   -5.826   -5.967   -6.213   -6.536   -6.898   -7.254
   -7.550   -7.746   -7.794   -7.652   -7.322   -6.798   -6.088   -5.191
   -4.153   -3.002   -1.767   -0.467    0.841    2.137    3.358
CT2006:240           -7.734   -7.438   -7.014   -6.564   -6.115   -5.739
   -5.462   -5.308   -5.290   -5.427   -5.686   -6.041   -6.453   -6.875
   -7.248   -7.525   -7.654   -7.585   -7.318   -6.844   -6.166   -5.285
   -4.247   -3.083   -1.826   -0.497    0.839    2.162    3.399
CT2006:235           -7.468   -7.133   -6.669   -6.178   -5.685   -5.263
   -4.939   -4.743   -4.692   -4.809   -5.065   -5.434   -5.877   -6.347
   -6.781   -7.128   -7.329   -7.332   -7.132   -6.717   -6.088   -5.241
   -4.225   -3.071   -1.813   -0.476    0.870    2.202    3.441
CT2006:230           -7.220   -6.839   -6.330   -5.793   -5.250   -4.775
   -4.398   -4.150   -4.053   -4.134   -4.367   -4.729   -5.181   -5.677
   -6.152   -6.551   -6.814   -6.884   -6.752   -6.402   -5.833   -5.037
   -4.061   -2.936   -1.696   -0.367    0.977    2.307    3.542
CT2006:225           -7.050   -6.608   -6.042   -5.450   -4.851   -4.317
   -3.878   -3.569   -3.413   -3.442   -3.633   -3.964   -4.401   -4.898
   -5.391   -5.822   -6.132   -6.262   -6.197   -5.921   -5.425   -4.699
   -3.785   -2.713   -1.517   -0.220    1.097    2.404    3.615
CT2006:220           -6.789   -6.299   -5.689   -5.052   -4.406   -3.821
   -3.327   -2.957   -2.740   -2.708   -2.843   -3.124   -3.521   -3.993
   -4.478   -4.918   -5.258   -5.436   -5.436   -5.236   -4.823   -4.180
   -3.345   -2.343   -1.207    0.042    1.322    2.595    3.779
CT2006:215           -6.620   -6.067   -5.402   -4.712   -4.016   -3.377
   -2.825   -2.394   -2.109   -2.007   -2.069   -2.281   -2.612   -3.032
   -3.480   -3.905   -4.253   -4.468   -4.527   -4.406   -4.086   -3.542
   -2.807   -1.899   -0.848    0.330    1.547    2.763    3.895
CT2006:210           -6.355   -5.754   -5.049   -4.320   -3.585   -2.905
   -2.307   -1.823   -1.477   -1.303   -1.286   -1.414   -1.662   -2.004
   -2.390   -2.774   -3.109   -3.344   -3.452   -3.405   -3.180   -2.744
   -2.118   -1.316   -0.360    0.735    1.882    3.035    4.116
CT2006:205           -6.023   -5.388   -4.654   -3.897   -3.135   -2.426
   -1.794   -1.267   -0.867   -0.624   -0.527   -0.563   -0.713   -0.961
   -1.263   -1.583   -1.884   -2.122   -2.268   -2.289   -2.158   -1.833
   -1.324   -0.636    0.213    1.215    2.282    3.364    4.390
CT2006:200           -5.761   -5.078   -4.306   -3.515   -2.724   -1.986
   -1.322   -0.757   -0.308    0.000    0.179    0.238    0.193    0.053
   -0.151   -0.390   -0.640   -0.866   -1.035   -1.116   -1.072   -0.857
   -0.467    0.101    0.833    1.731    2.705    3.701    4.657
CT2006:195           -5.366   -4.660   -3.869   -3.062   -2.256   -1.503
   -0.821   -0.230    0.256    0.618    0.869    1.017    1.074    1.043
    0.942    0.790    0.602    0.402    0.223    0.099    0.068    0.185
    0.464    0.917    1.537    2.333    3.216    4.130    5.023
CT2006:190           -5.107   -4.352   -3.522   -2.681   -1.848   -1.073
   -0.368    0.250    0.773    1.186    1.504    1.734    1.886    1.957
    1.955    1.891    1.768    1.602    1.425    1.269    1.177    1.207
    1.384    1.726    2.233    2.918    3.699    4.516    5.325
CT2006:185           -4.809   -4.012   -3.149   -2.278   -1.420   -0.624
    0.102    0.745    1.299    1.755    2.129    2.429    2.661    2.819
    2.905    2.919    2.858    2.729    2.562    2.390    2.254    2.215
    2.305    2.549    2.950    3.531    4.211    4.932    5.658
CT2006:180           -4.553   -3.704   -2.799   -1.889   -0.999   -0.175
    0.578    1.249    1.835    2.331    2.754    3.112    3.408    3.636
    3.790    3.868    3.860    3.767    3.616    3.438    3.273    3.181
    3.199    3.357    3.663    4.141    4.721    5.344    5.980
CT2006:175           -4.345   -3.436   -2.480   -1.524   -0.592    0.269
    1.057    1.764    2.386    2.922    3.388    3.793    4.139    4.418
    4.624    4.751    4.785    4.723    4.590    4.413    4.233    4.103
    4.065    4.151    4.373    4.758    5.244    5.774    6.325
CT2006:170           -4.099   -3.136   -2.132   -1.129   -0.154    0.748
    1.575    2.320    2.981    3.555    4.059    4.500    4.883    5.197
    5.436    5.594    5.657    5.618    5.500    5.327    5.136    4.977
    4.893    4.915    5.060    5.358    5.752    6.189    6.652
CT2006:165           -3.959   -2.926   -1.856   -0.792    0.240    1.197
    2.076    2.871    3.579    4.197    4.740    5.217    5.629    5.969
    6.230    6.408    6.488    6.465    6.359    6.190    5.991    5.809
    5.685    5.653    5.731    5.949    6.260    6.613    6.992
CT2006:160           -3.731   -2.645   -1.523   -0.406    0.679    1.688
    2.619    3.464    4.220    4.881    5.461    5.967    6.403    6.760
    7.033    7.221    7.309    7.292    7.189    7.017    6.806    6.599
    6.437    6.353    6.367    6.510    6.740    7.011    7.307
CT2006:155           -3.590   -2.439   -1.254   -0.074    1.074    2.145
    3.137    4.040    4.851    5.560    6.182    6.720    7.180    7.552
    7.834    8.027    8.117    8.099    7.992    7.812    7.586    7.352
    7.153    7.022    6.979    7.056    7.217    7.416    7.640
CT2006:150           -3.393   -2.193   -0.956    0.277    1.481    2.610
    3.661    4.623    5.489    6.248    6.911    7.483    7.966    8.351
    8.638    8.829    8.914    8.887    8.767    8.569    8.319    8.054
    7.815    7.637    7.539    7.554    7.648    7.777    7.929
CT2006:145           -3.221   -1.975   -0.687    0.598    1.858    3.046
    4.157    5.180    6.104    6.916    7.625    8.233    8.742    9.141
    9.431    9.617    9.690    9.646    9.505    9.284    9.007    8.710
    8.435    8.215    8.072    8.038    8.078    8.152    8.247
CT2006:140           -3.067   -1.780   -0.449    0.884    2.194    3.438
    4.609    5.692    6.677    7.546    8.304    8.951    9.487    9.898
   10.188   10.363   10.416   10.345   10.176    9.923    9.615    9.285
    8.975    8.717    8.533    8.453    8.443    8.464    8.499
CT2006:135           -2.955   -1.635   -0.264    1.109    2.465    3.761
    4.988    6.131    7.177    8.105    8.915    9.603   10.167   10.588
   10.872   11.029   11.053   10.947   10.740   10.450   10.105    9.740
    9.396    9.102    8.877    8.749    8.684    8.643    8.602
CT2006:130           -2.854   -1.506   -0.106    1.301    2.694    4.034
    5.311    6.510    7.616    8.602    9.465   10.197   10.789   11.220
   11.496   11.630   11.620   11.475   11.229   10.905   10.530   10.142
    9.778    9.465    9.220    9.067    8.971    8.895    8.810
CT2006:125           -2.739   -1.384    0.030    1.452    2.868    4.237
    5.553    6.797    7.955    8.996    9.909   10.681   11.299   11.737
   12.001   12.107   12.059   11.872   11.585   11.225   10.822   10.414
   10.033    9.705    9.442    9.262    9.128    9.006    8.857
CT2006:120           -2.699   -1.333    0.092    1.527    2.957    4.349
    5.694    6.976    8.178    9.266   10.225   11.035   11.680   12.126
   12.381   12.464   12.383   12.159   11.838   11.453   11.036   10.622
   10.244    9.919    9.659    9.475    9.329    9.189    9.009
CT2006:115           -2.553   -1.210    0.196    1.616    3.036    4.425
    5.777    7.075    8.301    9.420   10.412   11.250   11.915   12.370
   12.618   12.685   12.579   12.328   11.986   11.587   11.166   10.761
   10.396   10.087    9.841    9.663    9.515    9.368    9.168
CT2006:110           -2.577   -1.241    0.157    1.566    2.975    4.357
    5.707    7.009    8.247    9.384   10.398   11.259   11.942   12.407
   12.658   12.719   12.603   12.342   11.994   11.596   11.186   10.798
   10.456   10.171    9.944    9.778    9.632    9.481    9.265
CT2006:105           -2.590   -1.275    0.097    1.480    2.863    4.219
    5.547    6.832    8.060    9.196   10.213   11.082   11.776   12.253
   12.514   12.583   12.475   12.224   11.888   11.509   11.121   10.762
   10.449   10.191    9.986    9.832    9.687    9.529    9.291
CT2006:100           -2.673   -1.380   -0.036    1.317    2.666    3.986
    5.278    6.531    7.730    8.845    9.851   10.716   11.414   11.903
   12.183   12.276   12.196   11.976   11.676   11.334   10.986   10.667
   10.393   10.170    9.995    9.861    9.728    9.577    9.334
CT2006:095           -2.808   -1.538   -0.225    1.094    2.402    3.678
    4.922    6.128    7.284    8.361    9.337   10.186   10.881   11.381
   11.685   11.814   11.779   11.611   11.364   11.077   10.783   10.514
   10.285   10.102    9.960    9.849    9.731    9.590    9.348
CT2006:090           -2.944   -1.710   -0.436    0.839    2.100    3.323
    4.511    5.659    6.757    7.781    8.715    9.534   10.215   10.722
   11.053   11.224   11.245   11.142   10.964   10.745   10.516   10.305
   10.127    9.988    9.881    9.797    9.699    9.572    9.336
CT2006:085           -3.063   -1.876   -0.651    0.574    1.782    2.947
    4.074    5.158    6.191    7.154    8.035    8.813    9.471    9.978
   10.331   10.546   10.628   10.599   10.499   10.359   10.206   10.064
    9.948    9.862    9.803    9.758    9.694    9.601    9.396
CT2006:080           -3.382   -2.229   -1.038    0.153    1.325    2.449
    3.531    4.564    5.543    6.451    7.280    8.017    8.649    9.152
    9.525    9.780    9.924    9.971    9.958    9.907    9.840    9.780
    9.738    9.718    9.717    9.721    9.699    9.642    9.467
CT2006:075           -3.504   -2.417   -1.286   -0.154    0.962    2.031
    3.055    4.027    4.942    5.785    6.552    7.233    7.822    8.301
    8.673    8.951    9.139    9.250    9.312    9.342    9.359    9.377
    9.406    9.449    9.502    9.550    9.565    9.542    9.395
CT2006:070           -3.726   -2.694   -1.614   -0.530    0.539    1.563
    2.539    3.461    4.320    5.102    5.807    6.429    6.966    7.409
    7.765    8.049    8.267    8.431    8.563    8.674    8.776    8.880
    8.990    9.105    9.220    9.320    9.379    9.395    9.280
CT2006:065           -3.907   -2.946   -1.928   -0.903    0.113    1.088
    2.016    2.887    3.691    4.412    5.051    5.607    6.082    6.475
    6.800    7.073    7.307    7.515    7.710    7.901    8.095    8.292
    8.493    8.692    8.882    9.043    9.155    9.219    9.145
CT2006:060           -4.161   -3.264   -2.304   -1.333   -0.367    0.561
    1.443    2.264    3.014    3.672    4.243    4.727    5.133    5.465
    5.747    5.999    6.239    6.483    6.740    7.014    7.304    7.606
    7.909    8.203    8.479    8.713    8.888    9.009    8.982
CT2006:055           -4.412   -3.587   -2.693   -1.786   -0.878   -0.005
    0.821    1.585    2.271    2.860    3.354    3.759    4.087    4.352
    4.584    4.809    5.052    5.331    5.652    6.013    6.407    6.822
    7.238    7.639    8.011    8.327    8.572    8.756    8.781
CT2006:050           -4.691   -3.940   -3.117   -2.279   -1.438   -0.631
    0.129    0.822    1.433    1.940    2.349    2.669    2.916    3.113
    3.296    3.498    3.747    4.068    4.458    4.914    5.421    5.958
    6.497    7.016    7.496    7.905    8.231    8.489    8.576
CT2006:045           -4.988   -4.315   -3.572   -2.812   -2.050   -1.324
   -0.648   -0.043    0.477    0.889    1.203    1.433    1.599    1.733
    1.876    2.065    2.332    2.704    3.172    3.730    4.355    5.019
    5.685    6.325    6.916    7.421    7.829    8.161    8.304
CT2006:040           -5.284   -4.694   -4.038   -3.368   -2.699   -2.071
   -1.498   -1.000   -0.590   -0.287   -0.075    0.063    0.154    0.236
    0.355    0.547    0.848    1.283    1.840    2.505    3.253    4.047
    4.844    5.610    6.319    6.929    7.431    7.850    8.066
CT2006:035           -5.570   -5.072   -4.513   -3.945   -3.383   -2.870
   -2.418   -2.044   -1.759   -1.574   -1.468   -1.418   -1.392   -1.345
   -1.231   -1.017   -0.664   -0.152    0.501    1.277    2.146    3.068
    3.993    4.884    5.713    6.431    7.032    7.543    7.839
CT2006:030           -5.871   -5.462   -5.003   -4.540   -4.095   -3.708
   -3.389   -3.152   -3.000   -2.939   -2.938   -2.968   -2.993   -2.964
   -2.836   -2.581   -2.164   -1.567   -0.817    0.066    1.049    2.088
    3.132    4.139    5.079    5.903    6.601    7.203    7.579
CT2006:025           -6.105   -5.799   -5.452   -5.108   -4.789   -4.540
   -4.364   -4.269   -4.256   -4.315   -4.412   -4.511   -4.573   -4.544
   -4.385   -4.074   -3.582   -2.897   -2.051   -1.067    0.020    1.167
    2.319    3.437    4.488    5.419    6.222    6.926    7.399
CT2006:020           -6.392   -6.174   -5.930   -5.696   -5.498   -5.381
   -5.343   -5.386   -5.501   -5.670   -5.851   -6.004   -6.086   -6.043
   -5.842   -5.469   -4.901   -4.133   -3.201   -2.131   -0.958    0.276
    1.518    2.727    3.870    4.895    5.787    6.580    7.133
CT2006:015           -6.644   -6.517   -6.375   -6.250   -6.171   -6.181
   -6.272   -6.441   -6.671   -6.935   -7.184   -7.374   -7.464   -7.398
   -7.150   -6.715   -6.078   -5.238   -4.236   -3.098   -1.858   -0.557
    0.755    2.037    3.258    4.363    5.335    6.206    6.831
CT2006:010           -6.900   -6.851   -6.800   -6.771   -6.797   -6.918
   -7.119   -7.394   -7.718   -8.054   -8.351   -8.563   -8.650   -8.555
   -8.261   -7.773   -7.077   -6.180   -5.125   -3.937   -2.649   -1.298
    0.069    1.412    2.699    3.878    4.927    5.875    6.576
CT2006:005           -7.138   -7.163   -7.193   -7.249   -7.364   -7.577
   -7.868   -8.224   -8.618   -9.004   -9.330   -9.551   -9.627   -9.506
   -9.177   -8.649   -7.914   -6.983   -5.898   -4.684   -3.371   -1.992
   -0.594    0.788    2.120    3.350    4.452    5.452    6.200
CT2007:360           -7.348   -7.435   -7.532   -7.655   -7.841   -8.122
   -8.477   -8.888   -9.325   -9.738  -10.076  -10.294  -10.356  -10.213
   -9.859   -9.307   -8.552   -7.606   -6.510   -5.286   -3.962   -2.568
   -1.146    0.268    1.643    2.926    4.087    5.150    5.964
