CT2041:360           -7.081   -6.825   -6.465   -6.077   -5.669   -5.277
   -4.915   -4.593   -4.313   -4.078   -3.874   -3.690   -3.510   -3.319
   -3.099   -2.839   -2.524   -2.142   -1.694   -1.177   -0.594    0.056
    0.757    1.497    2.262    3.035    3.785    4.505    5.124
CT2041:355           -7.084   -6.861   -6.534   -6.179   -5.803   -5.442
   -5.112   -4.821   -4.573   -4.369   -4.196   -4.041   -3.889   -3.720
   -3.517   -3.267   -2.954   -2.565   -2.102   -1.563   -0.950   -0.263
    0.478    1.260    2.067    2.880    3.666    4.419    5.065
CT2041:350           -7.119   -6.915   -6.609   -6.275   -5.923   -5.586
   -5.281   -5.016   -4.795   -4.619   -4.474   -4.346   -4.219   -4.071
   -3.885   -3.647   -3.338   -2.944   -2.468   -1.908   -1.268   -0.548
    0.229    1.049    1.895    2.745    3.565    4.351    5.022
CT2041:345           -7.114   -6.930   -6.645   -6.332   -6.001   -5.687
   -5.404   -5.162   -4.965   -4.813   -4.692   -4.588   -4.484   -4.357
   -4.188   -3.962   -3.659   -3.263   -2.779   -2.204   -1.542   -0.796
    0.010    0.860    1.736    2.614    3.460    4.268    4.957
CT2041:340           -7.116   -6.940   -6.666   -6.365   -6.047   -5.746
   -5.479   -5.252   -5.072   -4.937   -4.834   -4.749   -4.663   -4.554
   -4.400   -4.185   -3.889   -3.494   -3.004   -2.419   -1.741   -0.976
   -0.147    0.727    1.626    2.528    3.397    4.227    4.934
CT2041:335           -7.119   -6.944   -6.673   -6.376   -6.063   -5.769
   -5.509   -5.291   -5.119   -4.994   -4.902   -4.828   -4.755   -4.659
   -4.517   -4.313   -4.025   -3.635   -3.146   -2.558   -1.876   -1.103
   -0.266    0.617    1.526    2.437    3.313    4.148    4.857
CT2041:330           -7.086   -6.909   -6.636   -6.337   -6.024   -5.730
   -5.470   -5.252   -5.081   -4.957   -4.868   -4.798   -4.730   -4.640
   -4.506   -4.310   -4.029   -3.646   -3.163   -2.580   -1.901   -1.131
   -0.294    0.590    1.502    2.417    3.299    4.142    4.859
CT2041:325           -7.040   -6.855   -6.573   -6.267   -5.945   -5.643
   -5.374   -5.147   -4.967   -4.836   -4.740   -4.664   -4.593   -4.502
   -4.370   -4.179   -3.907   -3.535   -3.067   -2.500   -1.839   -1.087
   -0.268    0.600    1.497    2.400    3.270    4.103    4.809
CT2041:320           -6.975   -6.776   -6.480   -6.157   -5.820   -5.500
   -5.213   -4.968   -4.770   -4.620   -4.506   -4.414   -4.330   -4.230
   -4.094   -3.904   -3.640   -3.283   -2.835   -2.294   -1.662   -0.940
   -0.150    0.692    1.566    2.451    3.310    4.133    4.836
CT2041:315           -6.888   -6.672   -6.355   -6.011   -5.649   -5.304
   -4.990   -4.716   -4.488   -4.309   -4.167   -4.049   -3.942   -3.826
   -3.680   -3.490   -3.235   -2.898   -2.480   -1.976   -1.385   -0.707
    0.040    0.842    1.682    2.541    3.379    4.186    4.881
CT2041:310           -6.794   -6.555   -6.211   -5.838   -5.444   -5.064
   -4.713   -4.400   -4.131   -3.912   -3.730   -3.576   -3.437   -3.297
   -3.139   -2.947   -2.705   -2.395   -2.016   -1.560   -1.024   -0.402
    0.289    1.040    1.835    2.657    3.467    4.250    4.932
CT2041:305           -6.750   -6.474   -6.089   -5.674   -5.236   -4.809
   -4.407   -4.043   -3.721   -3.448   -3.215   -3.015   -2.837   -2.669
   -2.496   -2.305   -2.079   -1.804   -1.472   -1.073   -0.602   -0.048
    0.579    1.269    2.010    2.788    3.562    4.315    4.978
CT2041:300           -6.634   -6.329   -5.909   -5.454   -4.973   -4.496
   -4.041   -3.619   -3.238   -2.905   -2.616   -2.364   -2.144   -1.946
   -1.760   -1.572   -1.368   -1.133   -0.855   -0.522   -0.122    0.359
    0.915    1.540    2.222    2.953    3.687    4.407    5.048
CT2041:295           -6.587   -6.236   -5.768   -5.263   -4.727   -4.191
   -3.674   -3.186   -2.737   -2.338   -1.985   -1.678   -1.412   -1.186
   -0.988   -0.806   -0.628   -0.438   -0.218    0.047    0.372    0.776
    1.258    1.814    2.434    3.111    3.800    4.480    5.091
CT2041:290           -6.460   -6.078   -5.571   -5.025   -4.442   -3.852
   -3.274   -2.723   -2.208   -1.743   -1.330   -0.969   -0.660   -0.407
   -0.200   -0.027    0.123    0.268    0.430    0.627    0.880    1.211
    1.621    2.111    2.671    3.297    3.944    4.586    5.172
CT2041:285           -6.365   -5.944   -5.396   -4.805   -4.174   -3.530
   -2.895   -2.282   -1.704   -1.177   -0.705   -0.294    0.054    0.333
    0.548    0.713    0.837    0.941    1.049    1.186    1.372    1.636
    1.981    2.409    2.913    3.491    4.097    4.704    5.265
CT2041:280           -6.238   -5.788   -5.206   -4.580   -3.909   -3.221
   -2.538   -1.875   -1.245   -0.666   -0.146    0.308    0.691    0.991
    1.215    1.374    1.478    1.548    1.613    1.697    1.827    2.032
    2.319    2.692    3.144    3.676    4.242    4.813    5.348
CT2041:275           -6.211   -5.716   -5.094   -4.427   -3.717   -2.988
   -2.264   -1.559   -0.887   -0.268    0.291    0.780    1.192    1.513
    1.749    1.909    2.003    2.051    2.085    2.130    2.214    2.369
    2.604    2.925    3.327    3.812    4.332    4.861    5.358
CT2041:270           -6.093   -5.575   -4.930   -4.243   -3.512   -2.764
   -2.020   -1.295   -0.603    0.038    0.618    1.129    1.562    1.904
    2.155    2.326    2.423    2.465    2.484    2.507    2.561    2.682
    2.880    3.162    3.527    3.975    4.464    4.962    5.436
CT2041:265           -6.160   -5.588   -4.905   -4.184   -3.427   -2.661
   -1.904   -1.170   -0.470    0.179    0.769    1.294    1.745    2.107
    2.381    2.573    2.688    2.741    2.762    2.778    2.817    2.913
    3.082    3.332    3.661    4.074    4.526    4.990    5.429
CT2041:260           -6.059   -5.472   -4.781   -4.057   -3.304   -2.547
   -1.804   -1.086   -0.403    0.231    0.812    1.336    1.795    2.176
    2.475    2.697    2.842    2.921    2.961    2.987    3.027    3.116
    3.270    3.501    3.808    4.198    4.629    5.071    5.492
CT2041:255           -6.083   -5.461   -4.751   -4.017   -3.264   -2.521
   -1.798   -1.106   -0.452    0.157    0.720    1.235    1.698    2.096
    2.425    2.685    2.871    2.989    3.062    3.114    3.171    3.267
    3.421    3.647    3.946    4.326    4.747    5.181    5.599
CT2041:250           -6.005   -5.374   -4.670   -3.947   -3.215   -2.502
   -1.818   -1.169   -0.558    0.010    0.542    1.038    1.496    1.907
    2.262    2.559    2.788    2.950    3.065    3.152    3.235    3.346
    3.508    3.734    4.029    4.401    4.812    5.236    5.642
CT2041:245           -5.935   -5.298   -4.601   -3.893   -3.187   -2.511
   -1.870   -1.269   -0.707   -0.184    0.311    0.782    1.229    1.647
    2.024    2.354    2.626    2.836    2.997    3.126    3.246    3.385
    3.568    3.809    4.114    4.493    4.910    5.339    5.753
CT2041:240           -5.877   -5.238   -4.552   -3.862   -3.183   -2.545
   -1.949   -1.396   -0.885   -0.408    0.048    0.489    0.920    1.335
    1.724    2.079    2.386    2.637    2.842    3.014    3.172    3.344
    3.552    3.812    4.130    4.515    4.934    5.364    5.775
CT2041:235           -5.812   -5.174   -4.502   -3.831   -3.181   -2.580
   -2.026   -1.519   -1.053   -0.620   -0.204    0.206    0.614    1.018
    1.408    1.776    2.106    2.390    2.634    2.848    3.047    3.257
    3.498    3.785    4.125    4.525    4.956    5.395    5.811
CT2041:230           -5.771   -5.132   -4.471   -3.817   -3.190   -2.619
   -2.100   -1.631   -1.204   -0.809   -0.428   -0.051    0.330    0.714
    1.094    1.460    1.800    2.106    2.380    2.629    2.868    3.117
    3.394    3.712    4.077    4.497    4.942    5.391    5.811
CT2041:225           -5.736   -5.098   -4.446   -3.805   -3.197   -2.650
   -2.158   -1.717   -1.320   -0.956   -0.608   -0.262    0.087    0.443
    0.800    1.151    1.488    1.802    2.095    2.373    2.647    2.933
    3.247    3.600    3.994    4.436    4.898    5.361    5.787
CT2041:220           -5.709   -5.070   -4.424   -3.791   -3.195   -2.664
   -2.190   -1.768   -1.393   -1.053   -0.732   -0.418   -0.103    0.219
    0.544    0.869    1.190    1.500    1.803    2.101    2.405    2.727
    3.079    3.467    3.895    4.365    4.850    5.331    5.769
CT2041:215           -5.656   -5.022   -4.382   -3.758   -3.172   -2.652
   -2.188   -1.780   -1.419   -1.099   -0.802   -0.519   -0.239    0.043
    0.329    0.619    0.913    1.210    1.512    1.823    2.149    2.504
    2.892    3.317    3.781    4.282    4.793    5.298    5.751
CT2041:210           -5.640   -5.003   -4.363   -3.738   -3.153   -2.634
   -2.173   -1.769   -1.416   -1.110   -0.834   -0.578   -0.333   -0.093
    0.151    0.400    0.661    0.936    1.229    1.545    1.888    2.269
    2.690    3.150    3.648    4.182    4.720    5.249    5.718
CT2041:205           -5.574   -4.943   -4.307   -3.685   -3.100   -2.581
   -2.121   -1.719   -1.371   -1.076   -0.819   -0.590   -0.381   -0.181
    0.019    0.226    0.450    0.700    0.979    1.294    1.650    2.055
    2.507    3.004    3.541    4.112    4.687    5.251    5.751
CT2041:200           -5.568   -4.933   -4.291   -3.662   -3.069   -2.543
   -2.076   -1.670   -1.324   -1.037   -0.796   -0.591   -0.413   -0.253
   -0.096    0.070    0.256    0.477    0.738    1.046    1.406    1.828
    2.303    2.829    3.396    3.998    4.601    5.190    5.709
CT2041:195           -5.537   -4.903   -4.257   -3.622   -3.022   -2.488
   -2.014   -1.605   -1.259   -0.979   -0.752   -0.570   -0.421   -0.296
   -0.178   -0.051    0.100    0.293    0.534    0.833    1.196    1.630
    2.126    2.679    3.277    3.913    4.548    5.168    5.714
CT2041:190           -5.541   -4.903   -4.248   -3.604   -2.992   -2.447
   -1.965   -1.550   -1.203   -0.929   -0.715   -0.551   -0.428   -0.333
   -0.248   -0.155   -0.036    0.130    0.351    0.638    0.998    1.438
    1.949    2.521    3.143    3.803    4.463    5.107    5.670
CT2041:185           -5.530   -4.892   -4.232   -3.580   -2.959   -2.405
   -1.915   -1.495   -1.149   -0.880   -0.677   -0.530   -0.428   -0.357
   -0.299   -0.234   -0.141    0.002    0.205    0.480    0.835    1.278
    1.799    2.388    3.031    3.716    4.401    5.069    5.654
CT2041:180           -5.545   -4.904   -4.236   -3.575   -2.943   -2.378
   -1.880   -1.456   -1.109   -0.846   -0.652   -0.517   -0.430   -0.379
   -0.341   -0.296   -0.224   -0.100    0.087    0.350    0.698    1.141
    1.666    2.265    2.922    3.625    4.329    5.015    5.615
CT2041:175           -5.523   -4.888   -4.220   -3.555   -2.918   -2.347
   -1.844   -1.418   -1.072   -0.813   -0.626   -0.501   -0.425   -0.386
   -0.362   -0.331   -0.273   -0.162    0.013    0.266    0.607    1.049
    1.580    2.188    2.860    3.583    4.309    5.019    5.645
CT2041:170           -5.549   -4.915   -4.241   -3.570   -2.924   -2.345
   -1.835   -1.405   -1.058   -0.800   -0.617   -0.497   -0.428   -0.396
   -0.379   -0.356   -0.307   -0.206   -0.041    0.203    0.537    0.974
    1.503    2.113    2.791    3.522    4.259    4.981    5.617
CT2041:165           -5.555   -4.926   -4.253   -3.580   -2.929   -2.345
   -1.830   -1.396   -1.046   -0.788   -0.606   -0.488   -0.420   -0.390
   -0.375   -0.355   -0.309   -0.213   -0.053    0.185    0.513    0.947
    1.475    2.088    2.771    3.513    4.264    5.002    5.657
CT2041:160           -5.593   -4.967   -4.293   -3.617   -2.961   -2.369
   -1.848   -1.407   -1.052   -0.790   -0.604   -0.483   -0.412   -0.378
   -0.361   -0.340   -0.295   -0.201   -0.045    0.188    0.510    0.938
    1.460    2.068    2.749    3.492    4.245    4.986    5.645
CT2041:155           -5.632   -5.011   -4.338   -3.660   -3.000   -2.402
   -1.873   -1.424   -1.061   -0.790   -0.595   -0.465   -0.386   -0.345
   -0.321   -0.295   -0.245   -0.150    0.006    0.236    0.555    0.977
    1.495    2.100    2.779    3.523    4.281    5.029    5.700
CT2041:150           -5.680   -5.066   -4.395   -3.718   -3.056   -2.452
   -1.914   -1.454   -1.078   -0.794   -0.585   -0.442   -0.350   -0.297
   -0.262   -0.227   -0.172   -0.074    0.082    0.310    0.623    1.038
    1.545    2.140    2.809    3.544    4.295    5.037    5.704
CT2041:145           -5.760   -5.150   -4.480   -3.802   -3.135   -2.523
   -1.974   -1.499   -1.106   -0.803   -0.574   -0.410   -0.299   -0.228
   -0.179   -0.132   -0.068    0.036    0.193    0.418    0.725    1.130
    1.625    2.205    2.859    3.580    4.319    5.050    5.710
CT2041:140           -5.817   -5.216   -4.552   -3.878   -3.210   -2.592
   -2.032   -1.542   -1.129   -0.801   -0.547   -0.358   -0.221   -0.127
   -0.058    0.005    0.081    0.192    0.351    0.574    0.873    1.265
    1.744    2.306    2.941    3.644    4.367    5.083    5.732
CT2041:135           -5.925   -5.328   -4.665   -3.990   -3.319   -2.692
   -2.117   -1.608   -1.170   -0.814   -0.528   -0.306   -0.137   -0.014
    0.080    0.164    0.255    0.373    0.533    0.751    1.038    1.411
    1.867    2.402    3.007    3.679    4.372    5.059    5.678
CT2041:130           -5.989   -5.403   -4.747   -4.078   -3.408   -2.775
   -2.188   -1.659   -1.196   -0.808   -0.487   -0.228   -0.022    0.136
    0.261    0.371    0.481    0.610    0.774    0.987    1.262    1.617
    2.049    2.557    3.134    3.780    4.448    5.112    5.714
CT2041:125           -6.051   -5.476   -4.829   -4.166   -3.497   -2.858
   -2.259   -1.710   -1.221   -0.800   -0.441   -0.141    0.106    0.304
    0.465    0.606    0.739    0.882    1.050    1.258    1.520    1.853
    2.258    2.737    3.285    3.901    4.543    5.184    5.768
CT2041:120           -6.120   -5.556   -4.916   -4.258   -3.591   -2.946
   -2.335   -1.767   -1.250   -0.795   -0.398   -0.055    0.235    0.476
    0.677    0.851    1.010    1.169    1.343    1.546    1.793    2.103
    2.480    2.927    3.441    4.025    4.637    5.250    5.811
CT2041:115           -6.135   -5.589   -4.962   -4.313   -3.651   -3.004
   -2.384   -1.800   -1.259   -0.773   -0.338    0.046    0.380    0.664
    0.906    1.117    1.305    1.482    1.664    1.866    2.103    2.393
    2.746    3.166    3.653    4.213    4.806    5.403    5.957
CT2041:110           -6.204   -5.667   -5.045   -4.399   -3.738   -3.085
   -2.454   -1.853   -1.289   -0.772   -0.302    0.121    0.497    0.823
    1.105    1.350    1.566    1.762    1.953    2.154    2.378    2.649
    2.975    3.364    3.819    4.346    4.908    5.475    6.005
CT2041:105           -6.228   -5.704   -5.091   -4.452   -3.792   -3.137
   -2.498   -1.884   -1.301   -0.759   -0.258    0.199    0.612    0.976
    1.295    1.574    1.818    2.034    2.236    2.439    2.658    2.915
    3.221    3.588    4.018    4.522    5.063    5.612    6.129
CT2041:100           -6.292   -5.774   -5.162   -4.522   -3.860   -3.199
   -2.551   -1.923   -1.323   -0.759   -0.233    0.253    0.697    1.094
    1.444    1.753    2.022    2.257    2.471    2.678    2.892    3.136
    3.425    3.770    4.175    4.651    5.164    5.686    6.178
CT2041:095           -6.382   -5.860   -5.242   -4.596   -3.925   -3.255
   -2.596   -1.955   -1.340   -0.758   -0.211    0.298    0.768    1.191
    1.568    1.903    2.196    2.449    2.676    2.890    3.106    3.345
    3.624    3.955    4.344    4.803    5.298    5.802    6.280
CT2041:090           -6.438   -5.917   -5.297   -4.646   -3.970   -3.292
   -2.624   -1.974   -1.348   -0.754   -0.192    0.333    0.820    1.263
    1.661    2.016    2.327    2.595    2.834    3.055    3.274    3.510
    3.782    4.101    4.475    4.915    5.388    5.870    6.326
CT2041:085           -6.602   -6.057   -5.414   -4.742   -4.046   -3.350
   -2.667   -2.003   -1.364   -0.757   -0.184    0.354    0.855    1.313
    1.727    2.098    2.425    2.708    2.959    3.190    3.415    3.656
    3.928    4.246    4.614    5.046    5.510    5.982    6.429
CT2041:080           -6.651   -6.106   -5.456   -4.776   -4.071   -3.366
   -2.674   -2.003   -1.358   -0.746   -0.167    0.376    0.884    1.349
    1.772    2.152    2.489    2.781    3.041    3.280    3.512    3.757
    4.031    4.346    4.710    5.131    5.581    6.037    6.466
CT2041:075           -6.813   -6.241   -5.568   -4.864   -4.137   -3.413
   -2.706   -2.022   -1.368   -0.750   -0.167    0.381    0.892    1.362
    1.789    2.176    2.520    2.820    3.089    3.337    3.578    3.831
    4.111    4.432    4.797    5.216    5.661    6.111    6.533
CT2041:070           -6.860   -6.286   -5.605   -4.892   -4.154   -3.421
   -2.706   -2.017   -1.360   -0.741   -0.159    0.387    0.896    1.364
    1.790    2.178    2.524    2.829    3.104    3.360    3.609    3.870
    4.158    4.484    4.851    5.268    5.707    6.149    6.558
CT2041:065           -6.929   -6.349   -5.657   -4.933   -4.183   -3.440
   -2.717   -2.023   -1.363   -0.745   -0.166    0.375    0.878    1.341
    1.764    2.149    2.496    2.805    3.086    3.351    3.610    3.881
    4.179    4.513    4.887    5.306    5.745    6.184    6.587
CT2041:060           -6.977   -6.396   -5.698   -4.966   -4.208   -3.458
   -2.730   -2.034   -1.375   -0.761   -0.188    0.345    0.840    1.295
    1.711    2.093    2.439    2.751    3.038    3.311    3.580    3.863
    4.172    4.516    4.898    5.322    5.761    6.199    6.597
CT2041:055           -6.969   -6.399   -5.704   -4.974   -4.216   -3.465
   -2.738   -2.044   -1.391   -0.785   -0.222    0.300    0.783    1.227
    1.636    2.013    2.358    2.673    2.968    3.250    3.531    3.827
    4.150    4.508    4.902    5.337    5.785    6.229    6.631
CT2041:050           -7.021   -6.452   -5.756   -5.023   -4.261   -3.509
   -2.783   -2.092   -1.445   -0.848   -0.296    0.214    0.685    1.119
    1.519    1.891    2.236    2.555    2.856    3.148    3.442    3.751
    4.089    4.460    4.868    5.314    5.770    6.221    6.623
CT2041:045           -7.035   -6.477   -5.787   -5.058   -4.301   -3.554
   -2.834   -2.152   -1.515   -0.930   -0.392    0.103    0.560    0.982
    1.375    1.742    2.086    2.409    2.718    3.022    3.329    3.655
    4.009    4.399    4.824    5.286    5.757    6.220    6.632
CT2041:040           -7.091   -6.539   -5.853   -5.129   -4.377   -3.636
   -2.924   -2.252   -1.627   -1.057   -0.535   -0.055    0.389    0.799
    1.183    1.546    1.890    2.217    2.535    2.850    3.172    3.516
    3.889    4.298    4.744    5.224    5.711    6.188    6.608
CT2041:035           -7.150   -6.605   -5.927   -5.211   -4.467   -3.737
   -3.037   -2.379   -1.771   -1.218   -0.713   -0.251    0.177    0.574
    0.948    1.306    1.650    1.983    2.310    2.639    2.980    3.344
    3.740    4.174    4.643    5.146    5.652    6.148    6.579
CT2041:030           -7.210   -6.676   -6.009   -5.305   -4.575   -3.860
   -3.177   -2.538   -1.950   -1.418   -0.935   -0.492   -0.083    0.299
    0.662    1.013    1.357    1.695    2.034    2.381    2.743    3.132
    3.556    4.018    4.516    5.046    5.576    6.093    6.540
CT2041:025           -7.289   -6.765   -6.110   -5.419   -4.704   -4.007
   -3.345   -2.728   -2.164   -1.657   -1.198   -0.780   -0.392   -0.028
    0.321    0.665    1.008    1.353    1.707    2.074    2.462    2.883
    3.341    3.837    4.368    4.929    5.488    6.030    6.495
CT2041:020           -7.350   -6.840   -6.203   -5.532   -4.838   -4.165
   -3.529   -2.940   -2.405   -1.928   -1.499   -1.109   -0.748   -0.407
   -0.073    0.261    0.602    0.955    1.326    1.718    2.139    2.597
    3.094    3.630    4.200    4.798    5.388    5.959    6.445
CT2041:015           -7.435   -6.937   -6.316   -5.663   -4.992   -4.345
   -3.737   -3.179   -2.675   -2.232   -1.837   -1.480   -1.149   -0.834
   -0.520   -0.198    0.142    0.505    0.895    1.317    1.774    2.276
    2.818    3.399    4.013    4.649    5.274    5.875    6.382
CT2041:010           -7.494   -7.012   -6.413   -5.785   -5.141   -4.524
   -3.948   -3.425   -2.959   -2.554   -2.197   -1.877   -1.581   -1.295
   -1.004   -0.696   -0.359    0.014    0.427    0.882    1.381    1.931
    2.523    3.155    3.817    4.496    5.159    5.794    6.325
CT2041:005           -7.580   -7.109   -6.528   -5.920   -5.301   -4.714
   -4.171   -3.683   -3.255   -2.890   -2.574   -2.294   -2.035   -1.781
   -1.515   -1.222   -0.888   -0.503   -0.066    0.425    0.970    1.572
    2.219    2.905    3.619    4.345    5.049    5.721    6.280
CT2042:360           -7.630   -7.176   -6.617   -6.034   -5.443   -4.887
   -4.380   -3.930   -3.542   -3.219   -2.946   -2.708   -2.489   -2.271
   -2.031   -1.755   -1.425   -1.028   -0.567   -0.040    0.552    1.207
    1.910    2.651    3.417    4.189    4.932    5.639    6.223
