CT2040:360           -7.381   -6.952   -6.448   -5.922   -5.380   -4.846
   -4.329   -3.838   -3.381   -2.966   -2.591   -2.253   -1.946   -1.659
   -1.377   -1.085   -0.763   -0.394    0.027    0.507    1.050    1.658
    2.318    3.020    3.753    4.502    5.233    5.935    6.531
CT2040:355           -7.358   -6.938   -6.446   -5.934   -5.409   -4.894
   -4.400   -3.935   -3.507   -3.124   -2.783   -2.481   -2.210   -1.957
   -1.706   -1.438   -1.134   -0.773   -0.350    0.143    0.707    1.345
    2.041    2.783    3.557    4.347    5.117    5.857    6.485
CT2040:350           -7.369   -6.950   -6.462   -5.958   -5.444   -4.945
   -4.470   -4.029   -3.628   -3.276   -2.969   -2.702   -2.465   -2.246
   -2.024   -1.781   -1.493   -1.141   -0.716   -0.214    0.369    1.034
    1.762    2.539    3.349    4.174    4.976    5.746    6.398
CT2040:345           -7.280   -6.876   -6.404   -5.915   -5.418   -4.940
   -4.488   -4.073   -3.701   -3.381   -3.108   -2.876   -2.673   -2.486
   -2.292   -2.071   -1.800   -1.454   -1.029   -0.517    0.083    0.773
    1.530    2.341    3.186    4.048    4.885    5.688    6.369
CT2040:340           -7.279   -6.869   -6.397   -5.910   -5.419   -4.950
   -4.513   -4.117   -3.769   -3.476   -3.231   -3.028   -2.855   -2.695
   -2.525   -2.323   -2.065   -1.727   -1.302   -0.784   -0.172    0.535
    1.314    2.149    3.020    3.907    4.769    5.594    6.294
CT2040:335           -7.141   -6.749   -6.291   -5.818   -5.342   -4.890
   -4.472   -4.097   -3.772   -3.506   -3.288   -3.112   -2.964   -2.827
   -2.677   -2.491   -2.244   -1.912   -1.490   -0.969   -0.350    0.369
    1.163    2.017    2.909    3.818    4.703    5.551    6.272
CT2040:330           -7.125   -6.722   -6.256   -5.777   -5.298   -4.847
   -4.435   -4.071   -3.760   -3.510   -3.311   -3.154   -3.023   -2.901
   -2.764   -2.589   -2.351   -2.026   -1.608   -1.090   -0.472    0.249
    1.048    1.908    2.809    3.729    4.625    5.484    6.214
CT2040:325           -6.996   -6.600   -6.139   -5.664   -5.187   -4.742
   -4.337   -3.982   -3.683   -3.446   -3.261   -3.116   -2.998   -2.886
   -2.758   -2.591   -2.360   -2.043   -1.633   -1.124   -0.514    0.199
    0.993    1.849    2.750    3.673    4.572    5.436    6.172
CT2040:320           -6.964   -6.552   -6.074   -5.583   -5.093   -4.637
   -4.225   -3.866   -3.567   -3.332   -3.150   -3.009   -2.894   -2.786
   -2.660   -2.498   -2.274   -1.966   -1.568   -1.074   -0.480    0.216
    0.994    1.838    2.728    3.644    4.539    5.401    6.137
CT2040:315           -6.856   -6.439   -5.952   -5.451   -4.949   -4.481
   -4.058   -3.691   -3.385   -3.145   -2.960   -2.816   -2.700   -2.591
   -2.468   -2.311   -2.096   -1.802   -1.423   -0.952   -0.385    0.283
    1.033    1.849    2.715    3.609    4.485    5.327    6.045
CT2040:310           -6.812   -6.373   -5.861   -5.334   -4.805   -4.311
   -3.864   -3.474   -3.147   -2.890   -2.690   -2.535   -2.410   -2.296
   -2.173   -2.020   -1.817   -1.541   -1.186   -0.744   -0.209    0.425
    1.142    1.928    2.766    3.638    4.495    5.323    6.031
CT2040:305           -6.694   -6.244   -5.714   -5.166   -4.611   -4.089
   -3.611   -3.191   -2.835   -2.552   -2.330   -2.156   -2.018   -1.899
   -1.777   -1.634   -1.448   -1.198   -0.876   -0.471    0.021    0.612
    1.286    2.031    2.832    3.670    4.497    5.297    5.981
CT2040:300           -6.642   -6.167   -5.605   -5.022   -4.430   -3.866
   -3.345   -2.880   -2.481   -2.158   -1.900   -1.699   -1.541   -1.413
   -1.294   -1.163   -1.000   -0.782   -0.500   -0.140    0.305    0.848
    1.476    2.178    2.939    3.743    4.542    5.316    5.984
CT2040:295           -6.563   -6.066   -5.474   -4.857   -4.225   -3.615
   -3.043   -2.526   -2.074   -1.701   -1.400   -1.163   -0.981   -0.843
   -0.727   -0.612   -0.479   -0.301   -0.066    0.241    0.632    1.121
    1.696    2.350    3.067    3.832    4.596    5.339    5.983
CT2040:290           -6.509   -5.986   -5.361   -4.707   -4.031   -3.371
   -2.744   -2.168   -1.655   -1.223   -0.869   -0.589   -0.376   -0.223
   -0.110   -0.014    0.087    0.220    0.402    0.652    0.984    1.415
    1.935    2.538    3.209    3.934    4.663    5.375    5.996
CT2040:285           -6.449   -5.902   -5.246   -4.556   -3.839   -3.130
   -2.448   -1.812   -1.236   -0.742   -0.330   -0.002    0.247    0.418
    0.533    0.613    0.682    0.768    0.896    1.086    1.356    1.726
    2.189    2.738    3.360    4.042    4.733    5.410    6.005
CT2040:280           -6.400   -5.830   -5.145   -4.424   -3.671   -2.918
   -2.186   -1.494   -0.860   -0.306    0.163    0.542    0.832    1.028
    1.151    1.222    1.266    1.311    1.388    1.520    1.729    2.039
    2.445    2.942    3.515    4.154    4.808    5.452    6.023
CT2040:275           -6.313   -5.731   -5.029   -4.287   -3.509   -2.724
   -1.956   -1.223   -0.541    0.063    0.583    1.010    1.342    1.570
    1.710    1.784    1.814    1.830    1.865    1.948    2.102    2.356
    2.708    3.154    3.681    4.280    4.899    5.513    6.064
CT2040:270           -6.271   -5.673   -4.954   -4.196   -3.399   -2.594
   -1.802   -1.042   -0.329    0.313    0.874    1.344    1.718    1.984
    2.153    2.245    2.277    2.280    2.288    2.333    2.441    2.646
    2.947    3.344    3.826    4.386    4.971    5.554    6.082
CT2040:265           -6.176   -5.578   -4.858   -4.099   -3.302   -2.497
   -1.704   -0.938   -0.216    0.442    1.028    1.530    1.943    2.250
    2.458    2.583    2.636    2.645    2.645    2.669    2.745    2.910
    3.169    3.525    3.967    4.492    5.047    5.604    6.114
CT2040:260           -6.144   -5.537   -4.815   -4.057   -3.267   -2.472
   -1.693   -0.941   -0.229    0.428    1.022    1.546    1.991    2.342
    2.598    2.769    2.862    2.896    2.908    2.928    2.988    3.126
    3.353    3.673    4.081    4.575    5.102    5.635    6.128
CT2040:255           -6.029   -5.436   -4.733   -3.997   -3.232   -2.470
   -1.726   -1.011   -0.331    0.301    0.885    1.415    1.883    2.273
    2.580    2.806    2.950    3.027    3.067    3.101    3.159    3.282
    3.486    3.780    4.159    4.624    5.126    5.634    6.106
CT2040:250           -6.005   -5.411   -4.718   -3.998   -3.259   -2.534
   -1.833   -1.163   -0.528    0.069    0.631    1.155    1.638    2.062
    2.418    2.702    2.907    3.038    3.122    3.185    3.259    3.383
    3.578    3.857    4.219    4.667    5.153    5.648    6.109
CT2040:245           -5.893   -5.318   -4.653   -3.965   -3.267   -2.591
   -1.945   -1.333   -0.755   -0.207    0.320    0.826    1.310    1.758
    2.155    2.492    2.755    2.943    3.076    3.179    3.279    3.416
    3.614    3.889    4.241    4.677    5.150    5.632    6.081
CT2040:240           -5.873   -5.301   -4.651   -3.986   -3.320   -2.688
   -2.093   -1.536   -1.013   -0.514   -0.026    0.456    0.932    1.392
    1.818    2.197    2.512    2.754    2.940    3.087    3.223    3.385
    3.599    3.881    4.236    4.672    5.143    5.623    6.071
CT2040:235           -5.794   -5.236   -4.610   -3.973   -3.343   -2.755
   -2.210   -1.706   -1.236   -0.786   -0.340    0.111    0.568    1.025
    1.464    1.869    2.221    2.507    2.739    2.930    3.106    3.300
    3.538    3.839    4.207    4.650    5.128    5.612    6.064
CT2040:230           -5.770   -5.215   -4.602   -3.983   -3.379   -2.824
   -2.316   -1.853   -1.425   -1.016   -0.609   -0.191    0.240    0.681
    1.116    1.528    1.898    2.213    2.481    2.712    2.927    3.157
    3.426    3.752    4.140    4.599    5.088    5.583    6.042
CT2040:225           -5.738   -5.186   -4.583   -3.977   -3.392   -2.861
   -2.379   -1.945   -1.548   -1.172   -0.798   -0.415   -0.017    0.395
    0.808    1.206    1.576    1.903    2.192    2.454    2.704    2.969
    3.272    3.628    4.041    4.519    5.023    5.530    5.996
CT2040:220           -5.706   -5.153   -4.555   -3.956   -3.380   -2.860
   -2.392   -1.974   -1.596   -1.244   -0.899   -0.550   -0.189    0.183
    0.559    0.928    1.278    1.601    1.899    2.180    2.459    2.759
    3.097    3.486    3.930    4.433    4.960    5.486    5.965
CT2040:215           -5.697   -5.136   -4.533   -3.931   -3.353   -2.833
   -2.366   -1.950   -1.579   -1.241   -0.919   -0.602   -0.283    0.042
    0.370    0.695    1.011    1.313    1.605    1.895    2.193    2.521
    2.890    3.310    3.782    4.310    4.855    5.396    5.883
CT2040:210           -5.655   -5.088   -4.479   -3.871   -3.285   -2.756
   -2.281   -1.860   -1.487   -1.158   -0.855   -0.569   -0.292   -0.018
    0.255    0.527    0.798    1.069    1.345    1.633    1.944    2.295
    2.694    3.146    3.651    4.207    4.778    5.343    5.847
CT2040:205           -5.626   -5.048   -4.426   -3.803   -3.202   -2.655
   -2.163   -1.728   -1.348   -1.021   -0.734   -0.476   -0.240   -0.018
    0.197    0.412    0.631    0.863    1.113    1.391    1.705    2.072
    2.493    2.971    3.503    4.084    4.677    5.261    5.777
CT2040:200           -5.573   -4.984   -4.348   -3.709   -3.088   -2.521
   -2.008   -1.556   -1.165   -0.838   -0.563   -0.332   -0.134    0.038
    0.197    0.354    0.521    0.710    0.930    1.190    1.502    1.878
    2.317    2.819    3.376    3.984    4.602    5.208    5.743
CT2040:195           -5.518   -4.917   -4.263   -3.605   -2.961   -2.369
   -1.834   -1.363   -0.960   -0.631   -0.367   -0.157    0.006    0.132
    0.239    0.342    0.457    0.602    0.788    1.026    1.328    1.706
    2.155    2.673    3.249    3.877    4.512    5.136    5.683
CT2040:190           -5.458   -4.843   -4.170   -3.490   -2.823   -2.207
   -1.649   -1.159   -0.744   -0.413   -0.157    0.033    0.167    0.255
    0.316    0.371    0.439    0.543    0.696    0.910    1.198    1.574
    2.029    2.558    3.150    3.796    4.450    5.092    5.656
CT2040:185           -5.402   -4.771   -4.078   -3.376   -2.684   -2.044
   -1.464   -0.958   -0.532   -0.200    0.050    0.224    0.334    0.389
    0.413    0.428    0.456    0.522    0.642    0.831    1.101    1.467
    1.920    2.451    3.049    3.703    4.365    5.014    5.583
CT2040:180           -5.337   -4.691   -3.978   -3.256   -2.542   -1.881
   -1.284   -0.763   -0.330    0.003    0.247    0.409    0.501    0.532
    0.527    0.511    0.507    0.542    0.635    0.801    1.054    1.409
    1.857    2.389    2.991    3.653    4.326    4.986    5.567
CT2040:175           -5.333   -4.661   -3.921   -3.172   -2.432   -1.749
   -1.133   -0.600   -0.159    0.175    0.415    0.568    0.647    0.662
    0.637    0.599    0.570    0.581    0.650    0.794    1.028    1.367
    1.803    2.325    2.921    3.579    4.248    4.905    5.480
CT2040:170           -5.268   -4.580   -3.824   -3.057   -2.300   -1.603
   -0.977   -0.437    0.007    0.340    0.575    0.722    0.792    0.796
    0.759    0.706    0.663    0.657    0.709    0.837    1.055    1.381
    1.804    2.318    2.908    3.565    4.235    4.896    5.478
CT2040:165           -5.316   -4.593   -3.804   -3.008   -2.227   -1.510
   -0.869   -0.320    0.129    0.463    0.697    0.841    0.907    0.907
    0.865    0.807    0.756    0.741    0.781    0.895    1.098    1.408
    1.816    2.316    2.894    3.541    4.204    4.859    5.438
CT2040:160           -5.254   -4.517   -3.715   -2.905   -2.111   -1.386
   -0.739   -0.187    0.261    0.593    0.824    0.965    1.030    1.029
    0.988    0.929    0.876    0.857    0.891    0.995    1.184    1.480
    1.872    2.357    2.922    3.560    4.218    4.869    5.449
CT2040:155           -5.290   -4.523   -3.693   -2.859   -2.045   -1.305
   -0.648   -0.089    0.364    0.698    0.931    1.074    1.142    1.146
    1.109    1.055    1.006    0.987    1.017    1.113    1.292    1.572
    1.949    2.418    2.968    3.595    4.246    4.894    5.476
CT2040:150           -5.235   -4.456   -3.615   -2.769   -1.946   -1.198
   -0.536    0.026    0.481    0.817    1.053    1.200    1.273    1.283
    1.253    1.206    1.161    1.143    1.170    1.258    1.424    1.688
    2.046    2.496    3.029    3.641    4.281    4.920    5.499
CT2040:145           -5.248   -4.446   -3.584   -2.720   -1.880   -1.120
   -0.447    0.124    0.587    0.931    1.175    1.332    1.415    1.435
    1.414    1.375    1.335    1.317    1.338    1.417    1.569    1.815
    2.153    2.583    3.096    3.691    4.316    4.943    5.515
CT2040:140           -5.204   -4.392   -3.519   -2.644   -1.794   -1.024
   -0.342    0.238    0.711    1.066    1.322    1.491    1.587    1.619
    1.608    1.575    1.537    1.517    1.531    1.597    1.733    1.959
    2.277    2.686    3.179    3.756    4.368    4.982    5.547
CT2040:135           -5.267   -4.427   -3.530   -2.632   -1.761   -0.973
   -0.273    0.326    0.817    1.190    1.465    1.652    1.764    1.810
    1.809    1.781    1.743    1.715    1.716    1.765    1.878    2.080
    2.371    2.752    3.217    3.766    4.350    4.936    5.471
CT2040:130           -5.236   -4.388   -3.481   -2.572   -1.688   -0.886
   -0.170    0.445    0.954    1.348    1.643    1.850    1.980    2.040
    2.048    2.024    1.982    1.945    1.932    1.962    2.055    2.235
    2.504    2.865    3.311    3.843    4.410    4.983    5.509
CT2040:125           -5.291   -4.423   -3.495   -2.565   -1.661   -0.838
   -0.101    0.538    1.072    1.490    1.810    2.039    2.189    2.262
    2.278    2.254    2.206    2.155    2.125    2.135    2.205    2.360
    2.605    2.940    3.361    3.868    4.410    4.956    5.455
CT2040:120           -5.278   -4.405   -3.467   -2.526   -1.608   -0.768
   -0.012    0.648    1.205    1.648    1.990    2.240    2.407    2.492
    2.512    2.487    2.432    2.369    2.323    2.315    2.366    2.504
    2.730    3.049    3.453    3.944    4.472    5.005    5.493
CT2040:115           -5.230   -4.361   -3.421   -2.474   -1.547   -0.693
    0.080    0.759    1.337    1.801    2.163    2.430    2.610    2.703
    2.726    2.699    2.637    2.564    2.506    2.486    2.524    2.649
    2.865    3.174    3.569    4.052    4.573    5.101    5.590
CT2040:110           -5.237   -4.367   -3.421   -2.465   -1.526   -0.656
    0.135    0.834    1.432    1.914    2.293    2.573    2.762    2.859
    2.882    2.852    2.784    2.704    2.638    2.610    2.641    2.758
    2.966    3.265    3.650    4.122    4.631    5.147    5.625
CT2040:105           -5.189   -4.331   -3.389   -2.434   -1.491   -0.612
    0.190    0.901    1.512    2.006    2.394    2.680    2.871    2.968
    2.989    2.956    2.887    2.806    2.740    2.713    2.746    2.865
    3.073    3.372    3.754    4.221    4.726    5.238    5.714
CT2040:100           -5.217   -4.364   -3.420   -2.462   -1.512   -0.625
    0.187    0.909    1.529    2.029    2.421    2.708    2.898    2.992
    3.011    2.977    2.910    2.834    2.777    2.758    2.800    2.927
    3.141    3.441    3.821    4.282    4.778    5.280    5.746
CT2040:095           -5.231   -4.390   -3.453   -2.499   -1.551   -0.662
    0.153    0.877    1.498    1.997    2.386    2.667    2.851    2.940
    2.958    2.926    2.866    2.803    2.760    2.759    2.817    2.957
    3.178    3.482    3.860    4.311    4.793    5.278    5.724
CT2040:090           -5.280   -4.450   -3.520   -2.571   -1.627   -0.741
    0.072    0.792    1.409    1.902    2.282    2.555    2.732    2.818
    2.837    2.814    2.768    2.726    2.707    2.732    2.814    2.976
    3.214    3.528    3.911    4.361    4.837    5.316    5.753
CT2040:085           -5.336   -4.522   -3.606   -2.670   -1.736   -0.860
   -0.058    0.652    1.258    1.738    2.107    2.370    2.540    2.625
    2.650    2.640    2.615    2.598    2.609    2.662    2.772    2.955
    3.209    3.531    3.915    4.357    4.819    5.280    5.694
CT2040:080           -5.404   -4.609   -3.710   -2.790   -1.872   -1.011
   -0.224    0.470    1.060    1.526    1.882    2.136    2.303    2.392
    2.430    2.441    2.443    2.459    2.504    2.593    2.735    2.945
    3.219    3.557    3.949    4.393    4.853    5.309    5.717
CT2040:075           -5.518   -4.740   -3.858   -2.956   -2.056   -1.214
   -0.446    0.230    0.802    1.253    1.598    1.848    2.017    2.117
    2.174    2.210    2.244    2.295    2.376    2.498    2.670    2.904
    3.196    3.543    3.939    4.379    4.829    5.272    5.661
CT2040:070           -5.605   -4.854   -3.998   -3.122   -2.248   -1.432
   -0.688   -0.035    0.518    0.955    1.292    1.542    1.719    1.836
    1.918    1.986    2.055    2.143    2.260    2.416    2.617    2.876
    3.187    3.549    3.953    4.397    4.847    5.288    5.676
CT2040:065           -5.763   -5.030   -4.196   -3.342   -2.492   -1.700
   -0.979   -0.347    0.189    0.617    0.952    1.208    1.400    1.540
    1.652    1.753    1.859    1.982    2.133    2.318    2.546    2.824
    3.150    3.520    3.929    4.371    4.816    5.250    5.625
CT2040:060           -5.867   -5.167   -4.366   -3.545   -2.728   -1.966
   -1.274   -0.664   -0.145    0.274    0.611    0.877    1.087    1.254
    1.398    1.534    1.675    1.833    2.015    2.229    2.480    2.777
    3.118    3.501    3.918    4.365    4.813    5.249    5.627
CT2040:055           -6.020   -5.348   -4.576   -3.786   -2.998   -2.265
   -1.598   -1.009   -0.503   -0.088    0.254    0.533    0.765    0.960
    1.136    1.306    1.480    1.669    1.879    2.117    2.388    2.701
    3.054    3.444    3.866    4.315    4.761    5.195    5.566
CT2040:050           -6.135   -5.501   -4.767   -4.013   -3.262   -2.560
   -1.920   -1.351   -0.859   -0.447   -0.100    0.193    0.446    0.668
    0.873    1.074    1.280    1.497    1.734    1.995    2.286    2.616
    2.984    3.387    3.820    4.278    4.732    5.174    5.553
CT2040:045           -6.255   -5.660   -4.964   -4.249   -3.532   -2.862
   -2.248   -1.699   -1.219   -0.811   -0.460   -0.155    0.115    0.360
    0.591    0.819    1.050    1.293    1.553    1.836    2.147    2.495
    2.877    3.293    3.738    4.205    4.667    5.114    5.497
CT2040:040           -6.376   -5.820   -5.164   -4.486   -3.805   -3.166
   -2.577   -2.048   -1.581   -1.177   -0.824   -0.511   -0.228    0.033
    0.284    0.533    0.788    1.054    1.338    1.644    1.977    2.346
    2.749    3.184    3.647    4.130    4.607    5.070    5.467
CT2040:035           -6.465   -5.955   -5.342   -4.706   -4.064   -3.457
   -2.895   -2.387   -1.934   -1.540   -1.190   -0.875   -0.586   -0.315
   -0.050    0.215    0.488    0.775    1.081    1.411    1.770    2.164
    2.592    3.052    3.538    4.044    4.543    5.027    5.444
CT2040:030           -6.582   -6.112   -5.539   -4.940   -4.333   -3.755
   -3.219   -2.731   -2.295   -1.912   -1.569   -1.259   -0.970   -0.695
   -0.424   -0.149    0.139    0.445    0.773    1.129    1.515    1.938
    2.395    2.884    3.398    3.930    4.454    4.961    5.399
CT2040:025           -6.662   -6.237   -5.707   -5.150   -4.580   -4.034
   -3.526   -3.063   -2.647   -2.280   -1.951   -1.650   -1.369   -1.098
   -0.826   -0.545   -0.246    0.077    0.427    0.809    1.226    1.684
    2.176    2.701    3.251    3.818    4.376    4.915    5.384
CT2040:020           -6.769   -6.382   -5.889   -5.368   -4.831   -4.316
   -3.835   -3.396   -3.002   -2.655   -2.344   -2.059   -1.791   -1.528
   -1.260   -0.978   -0.672   -0.334    0.037    0.446    0.895    1.388
    1.919    2.482    3.069    3.672    4.263    4.834    5.329
CT2040:015           -6.863   -6.513   -6.057   -5.572   -5.069   -4.585
   -4.133   -3.721   -3.352   -3.029   -2.740   -2.476   -2.225   -1.976
   -1.716   -1.436   -1.125   -0.774   -0.382    0.055    0.538    1.069
    1.642    2.248    2.878    3.523    4.153    4.761    5.289
CT2040:010           -6.952   -6.636   -6.213   -5.762   -5.292   -4.838
   -4.415   -4.032   -3.691   -3.395   -3.132   -2.892   -2.663   -2.431
   -2.183   -1.907   -1.593   -1.230   -0.818   -0.354    0.162    0.733
    1.348    1.998    2.673    3.359    4.028    4.673    5.230
CT2040:005           -7.016   -6.733   -6.345   -5.927   -5.490   -5.068
   -4.677   -4.324   -4.014   -3.748   -3.514   -3.301   -3.096   -2.884
   -2.649   -2.380   -2.065   -1.691   -1.261   -0.770   -0.220    0.391
    1.050    1.745    2.466    3.196    3.906    4.589    5.179
CT2041:360           -7.081   -6.825   -6.465   -6.077   -5.669   -5.277
   -4.915   -4.593   -4.313   -4.078   -3.874   -3.690   -3.510   -3.319
   -3.099   -2.839   -2.524   -2.142   -1.694   -1.177   -0.594    0.056
    0.757    1.497    2.262    3.035    3.785    4.505    5.124
