CT2048:360           -7.151   -6.645   -6.116   -5.602   -5.136   -4.759
   -4.462   -4.238   -4.074   -3.948   -3.831   -3.698   -3.531   -3.307
   -3.020   -2.670   -2.253   -1.771   -1.236   -0.652   -0.026    0.639
    1.335    2.053    2.786    3.521    4.231    4.906    5.468
CT2048:355           -7.130   -6.631   -6.110   -5.603   -5.141   -4.766
   -4.465   -4.234   -4.057   -3.913   -3.775   -3.619   -3.429   -3.187
   -2.887   -2.531   -2.116   -1.644   -1.122   -0.555    0.055    0.708
    1.394    2.106    2.836    3.571    4.281    4.959    5.526
CT2048:350           -7.127   -6.630   -6.108   -5.598   -5.131   -4.745
   -4.430   -4.178   -3.975   -3.802   -3.631   -3.444   -3.227   -2.963
   -2.652   -2.294   -1.888   -1.435   -0.938   -0.399    0.183    0.810
    1.474    2.169    2.885    3.609    4.309    4.979    5.539
CT2048:345           -7.050   -6.560   -6.039   -5.528   -5.053   -4.653
   -4.316   -4.037   -3.801   -3.592   -3.384   -3.161   -2.913   -2.628
   -2.306   -1.949   -1.556   -1.125   -0.658   -0.151    0.399    0.997
    1.638    2.315    3.019    3.738    4.439    5.113    5.687
CT2048:340           -7.033   -6.536   -6.004   -5.478   -4.984   -4.558
   -4.189   -3.873   -3.596   -3.344   -3.094   -2.834   -2.554   -2.249
   -1.919   -1.566   -1.189   -0.785   -0.353    0.115    0.625    1.184
    1.790    2.436    3.114    3.811    4.493    5.151    5.713
CT2048:335           -6.968   -6.469   -5.926   -5.385   -4.869   -4.414
   -4.010   -3.654   -3.335   -3.039   -2.748   -2.451   -2.144   -1.820
   -1.484   -1.137   -0.777   -0.400   -0.000    0.430    0.900    1.420
    1.990    2.604    3.254    3.929    4.594    5.238    5.794
CT2048:330           -6.935   -6.424   -5.861   -5.297   -4.753   -4.262
   -3.818   -3.418   -3.054   -2.714   -2.383   -2.053   -1.720   -1.383
   -1.043   -0.701   -0.357   -0.006    0.362    0.756    1.186    1.666
    2.196    2.772    3.387    4.032    4.672    5.292    5.831
CT2048:325           -6.952   -6.417   -5.825   -5.229   -4.648   -4.116
   -3.628   -3.183   -2.773   -2.390   -2.022   -1.662   -1.307   -0.958
   -0.616   -0.281    0.048    0.377    0.716    1.075    1.466    1.904
    2.390    2.923    3.497    4.102    4.705    5.291    5.799
CT2048:320           -6.906   -6.355   -5.740   -5.116   -4.503   -3.933
   -3.404   -2.917   -2.466   -2.046   -1.646   -1.261   -0.888   -0.529
   -0.185    0.144    0.462    0.772    1.087    1.417    1.775    2.175
    2.623    3.117    3.652    4.224    4.797    5.356    5.845
CT2048:315           -6.928   -6.348   -5.699   -5.040   -4.387   -3.775
   -3.203   -2.674   -2.184   -1.729   -1.300   -0.892   -0.504   -0.137
    0.209    0.535    0.842    1.138    1.432    1.736    2.062    2.427
    2.835    3.289    3.784    4.318    4.856    5.384    5.847
CT2048:310           -6.877   -6.281   -5.608   -4.920   -4.236   -3.589
   -2.982   -2.418   -1.895   -1.412   -0.960   -0.536   -0.136    0.238
    0.585    0.908    1.209    1.493    1.770    2.052    2.352    2.686
    3.060    3.478    3.938    4.439    4.947    5.449    5.893
CT2048:305           -6.836   -6.221   -5.524   -4.810   -4.095   -3.416
   -2.777   -2.182   -1.631   -1.124   -0.654   -0.216    0.193    0.572
    0.920    1.242    1.538    1.813    2.078    2.342    2.620    2.927
    3.272    3.659    4.088    4.560    5.044    5.522    5.953
CT2048:300           -6.787   -6.156   -5.438   -4.701   -3.961   -3.254
   -2.588   -1.968   -1.395   -0.870   -0.387    0.061    0.476    0.857
    1.207    1.527    1.820    2.088    2.342    2.593    2.853    3.138
    3.457    3.817    4.218    4.662    5.122    5.579    5.994
CT2048:295           -6.755   -6.109   -5.371   -4.613   -3.850   -3.121
   -2.433   -1.792   -1.202   -0.665   -0.172    0.282    0.699    1.081
    1.429    1.747    2.037    2.300    2.547    2.788    3.033    3.300
    3.597    3.933    4.308    4.726    5.159    5.591    5.984
CT2048:290           -6.712   -6.055   -5.302   -4.528   -3.748   -3.002
   -2.298   -1.645   -1.044   -0.499   -0.003    0.452    0.869    1.249
    1.595    1.912    2.199    2.460    2.704    2.940    3.179    3.434
    3.719    4.039    4.396    4.796    5.213    5.630    6.014
CT2048:285           -6.694   -6.025   -5.259   -4.471   -3.679   -2.921
   -2.207   -1.545   -0.938   -0.391    0.105    0.558    0.971    1.347
    1.689    2.004    2.290    2.551    2.795    3.029    3.264    3.513
    3.788    4.096    4.439    4.823    5.223    5.624    5.994
CT2048:280           -6.662   -5.987   -5.214   -4.419   -3.620   -2.857
   -2.139   -1.475   -0.869   -0.325    0.167    0.613    1.021    1.391
    1.730    2.042    2.329    2.592    2.839    3.076    3.313    3.562
    3.835    4.138    4.475    4.852    5.245    5.640    6.006
CT2048:275           -6.631   -5.953   -5.178   -4.382   -3.581   -2.819
   -2.103   -1.443   -0.841   -0.304    0.180    0.619    1.019    1.383
    1.718    2.029    2.317    2.583    2.835    3.077    3.320    3.573
    3.848    4.151    4.487    4.861    5.253    5.646    6.014
CT2048:270           -6.612   -5.933   -5.159   -4.364   -3.567   -2.810
   -2.100   -1.447   -0.854   -0.326    0.149    0.579    0.971    1.329
    1.661    1.970    2.260    2.530    2.787    3.037    3.285    3.544
    3.824    4.131    4.470    4.846    5.240    5.636    6.009
CT2048:265           -6.591   -5.916   -5.148   -4.360   -3.571   -2.822
   -2.123   -1.481   -0.900   -0.382    0.083    0.503    0.887    1.240
    1.568    1.876    2.167    2.441    2.703    2.958    3.213    3.479
    3.764    4.076    4.420    4.801    5.199    5.601    5.978
CT2048:260           -6.584   -5.914   -5.152   -4.373   -3.594   -2.857
   -2.171   -1.542   -0.973   -0.467   -0.013    0.399    0.776    1.124
    1.449    1.756    2.048    2.324    2.590    2.851    3.112    3.385
    3.678    3.999    4.352    4.743    5.153    5.566    5.955
CT2048:255           -6.575   -5.912   -5.162   -4.394   -3.630   -2.908
   -2.237   -1.623   -1.068   -0.575   -0.131    0.272    0.642    0.985
    1.306    1.611    1.901    2.178    2.446    2.709    2.976    3.255
    3.557    3.888    4.252    4.655    5.078    5.503    5.904
CT2048:250           -6.577   -5.923   -5.183   -4.428   -3.678   -2.972
   -2.317   -1.718   -1.178   -0.697   -0.264    0.130    0.492    0.828
    1.144    1.445    1.732    2.007    2.276    2.542    2.813    3.101
    3.414    3.758    4.139    4.561    5.003    5.447    5.866
CT2048:245           -6.580   -5.935   -5.209   -4.469   -3.734   -3.045
   -2.406   -1.824   -1.298   -0.831   -0.410   -0.027    0.326    0.654
    0.962    1.256    1.537    1.809    2.075    2.344    2.621    2.919
    3.246    3.609    4.010    4.455    4.921    5.390    5.832
CT2048:240           -6.589   -5.954   -5.240   -4.513   -3.794   -3.122
   -2.500   -1.934   -1.425   -0.973   -0.565   -0.195    0.145    0.460
    0.757    1.039    1.312    1.577    1.841    2.111    2.395    2.706
    3.051    3.434    3.859    4.331    4.824    5.319    5.784
CT2048:235           -6.611   -5.983   -5.280   -4.566   -3.860   -3.203
   -2.597   -2.047   -1.555   -1.119   -0.728   -0.374   -0.051    0.248
    0.528    0.797    1.057    1.315    1.577    1.852    2.146    2.475
    2.843    3.254    3.710    4.215    4.742    5.270    5.765
CT2048:230           -6.623   -6.004   -5.313   -4.611   -3.920   -3.278
   -2.688   -2.156   -1.682   -1.265   -0.895   -0.563   -0.261    0.015
    0.274    0.523    0.768    1.017    1.276    1.556    1.864    2.212
    2.606    3.048    3.536    4.074    4.633    5.192    5.713
CT2048:225           -6.655   -6.041   -5.357   -4.664   -3.982   -3.353
   -2.777   -2.262   -1.806   -1.411   -1.064   -0.757   -0.483   -0.233
   -0.000    0.226    0.454    0.693    0.952    1.240    1.565    1.939
    2.364    2.840    3.366    3.942    4.537    5.131    5.680
CT2048:220           -6.666   -6.060   -5.384   -4.701   -4.030   -3.413
   -2.852   -2.354   -1.918   -1.547   -1.228   -0.951   -0.708   -0.491
   -0.288   -0.087    0.121    0.351    0.610    0.907    1.251    1.654
    2.112    2.626    3.189    3.803    4.432    5.057    5.631
CT2048:215           -6.711   -6.105   -5.431   -4.750   -4.085   -3.475
   -2.925   -2.441   -2.024   -1.677   -1.386   -1.141   -0.932   -0.750
   -0.579   -0.406   -0.218    0.002    0.262    0.570    0.935    1.366
    1.858    2.408    3.008    3.656    4.315    4.968    5.561
CT2048:210           -6.718   -6.117   -5.448   -4.773   -4.112   -3.510
   -2.970   -2.500   -2.102   -1.778   -1.516   -1.303   -1.129   -0.982
   -0.844   -0.700   -0.531   -0.320   -0.060    0.260    0.646    1.107
    1.632    2.218    2.855    3.537    4.228    4.908    5.523
CT2048:205           -6.769   -6.162   -5.491   -4.812   -4.150   -3.549
   -3.013   -2.551   -2.165   -1.861   -1.623   -1.439   -1.297   -1.183
   -1.076   -0.957   -0.808   -0.607   -0.347   -0.018    0.384    0.869
    1.423    2.038    2.705    3.413    4.127    4.827    5.452
CT2048:200           -6.772   -6.167   -5.495   -4.816   -4.154   -3.552
   -3.018   -2.561   -2.185   -1.895   -1.675   -1.515   -1.399   -1.312
   -1.231   -1.136   -1.004   -0.814   -0.557   -0.223    0.191    0.694
    1.270    1.910    2.602    3.335    4.070    4.790    5.429
CT2048:195           -6.806   -6.195   -5.517   -4.830   -4.160   -3.551
   -3.012   -2.552   -2.176   -1.890   -1.680   -1.532   -1.432   -1.363
   -1.302   -1.225   -1.110   -0.932   -0.683   -0.353    0.064    0.575
    1.163    1.818    2.526    3.276    4.025    4.758    5.406
CT2048:190           -6.805   -6.193   -5.509   -4.817   -4.138   -3.520
   -2.971   -2.502   -2.119   -1.829   -1.617   -1.470   -1.375   -1.315
   -1.265   -1.202   -1.102   -0.939   -0.704   -0.386    0.023    0.530
    1.119    1.778    2.493    3.250    4.008    4.748    5.401
CT2048:185           -6.830   -6.209   -5.514   -4.809   -4.115   -3.481
   -2.915   -2.429   -2.028   -1.722   -1.495   -1.337   -1.234   -1.171
   -1.123   -1.068   -0.982   -0.837   -0.623   -0.325    0.065    0.556
    1.134    1.786    2.498    3.256    4.016    4.758    5.412
CT2048:180           -6.826   -6.201   -5.496   -4.779   -4.071   -3.418
   -2.831   -2.322   -1.897   -1.566   -1.315   -1.135   -1.013   -0.937
   -0.885   -0.833   -0.759   -0.635   -0.446   -0.177    0.184    0.649
    1.205    1.840    2.539    3.288    4.040    4.776    5.426
CT2048:175           -6.818   -6.186   -5.470   -4.739   -4.013   -3.339
   -2.727   -2.190   -1.734   -1.370   -1.087   -0.876   -0.727   -0.631
   -0.568   -0.515   -0.450   -0.346   -0.184    0.054    0.382    0.816
    1.345    1.958    2.641    3.379    4.124    4.856    5.507
CT2048:170           -6.812   -6.173   -5.445   -4.699   -3.954   -3.256
   -2.617   -2.050   -1.561   -1.161   -0.842   -0.597   -0.417   -0.298
   -0.221   -0.164   -0.107   -0.021    0.114    0.320    0.613    1.012
    1.507    2.090    2.746    3.461    4.187    4.901    5.538
CT2048:165           -6.774   -6.133   -5.395   -4.636   -3.874   -3.154
   -2.489   -1.892   -1.370   -0.937   -0.583   -0.304   -0.095    0.048
    0.142    0.206    0.262    0.335    0.451    0.631    0.895    1.263
    1.729    2.285    2.916    3.612    4.324    5.028    5.663
CT2048:160           -6.766   -6.117   -5.366   -4.591   -3.810   -3.067
   -2.376   -1.751   -1.200   -0.735   -0.350   -0.042    0.193    0.358
    0.468    0.542    0.600    0.668    0.771    0.933    1.172    1.512
    1.946    2.469    3.068    3.734    4.418    5.095    5.711
CT2048:155           -6.753   -6.097   -5.334   -4.545   -3.747   -2.984
   -2.271   -1.621   -1.045   -0.556   -0.147    0.184    0.441    0.625
    0.751    0.838    0.904    0.976    1.077    1.230    1.454    1.772
    2.179    2.672    3.238    3.872    4.525    5.175    5.768
CT2048:150           -6.742   -6.078   -5.304   -4.502   -3.688   -2.907
   -2.176   -1.507   -0.912   -0.405    0.022    0.369    0.643    0.844
    0.987    1.092    1.174    1.258    1.367    1.521    1.737    2.038
    2.421    2.884    3.418    4.017    4.638    5.258    5.827
CT2048:145           -6.732   -6.062   -5.277   -4.464   -3.637   -2.843
   -2.097   -1.415   -0.807   -0.287    0.151    0.512    0.800    1.018
    1.181    1.307    1.412    1.516    1.639    1.799    2.013    2.300
    2.659    3.092    3.590    4.152    4.737    5.323    5.862
CT2048:140           -6.722   -6.045   -5.251   -4.429   -3.592   -2.787
   -2.031   -1.340   -0.723   -0.195    0.254    0.626    0.930    1.167
    1.354    1.507    1.639    1.768    1.910    2.081    2.294    2.568
    2.906    3.309    3.774    4.302    4.854    5.409    5.924
CT2048:135           -6.689   -6.011   -5.214   -4.387   -3.545   -2.735
   -1.974   -1.277   -0.655   -0.120    0.337    0.722    1.043    1.304
    1.519    1.702    1.865    2.020    2.181    2.361    2.572    2.833
    3.147    3.521    3.954    4.448    4.970    5.496    5.989
CT2048:130           -6.682   -5.999   -5.197   -4.364   -3.517   -2.702
   -1.937   -1.237   -0.610   -0.067    0.401    0.802    1.144    1.432
    1.678    1.895    2.088    2.268    2.446    2.631    2.837    3.081
    3.372    3.716    4.117    4.581    5.074    5.574    6.045
CT2048:125           -6.664   -5.980   -5.176   -4.342   -3.493   -2.678
   -1.912   -1.209   -0.578   -0.028    0.453    0.872    1.237    1.554
    1.832    2.080    2.303    2.503    2.693    2.880    3.078    3.303
    3.570    3.887    4.260    4.696    5.165    5.642    6.095
CT2048:120           -6.660   -5.974   -5.168   -4.332   -3.482   -2.666
   -1.900   -1.196   -0.561   -0.003    0.491    0.928    1.318    1.662
    1.970    2.246    2.492    2.709    2.906    3.092    3.280    3.488
    3.734    4.028    4.378    4.793    5.242    5.702    6.140
CT2048:115           -6.669   -5.980   -5.172   -4.336   -3.486   -2.670
   -1.904   -1.199   -0.561    0.004    0.510    0.963    1.373    1.741
    2.072    2.370    2.633    2.861    3.062    3.245    3.424    3.619
    3.849    4.127    4.460    4.860    5.295    5.741    6.167
CT2048:110           -6.670   -5.981   -5.174   -4.338   -3.490   -2.678
   -1.914   -1.210   -0.571   -0.002    0.511    0.975    1.398    1.780
    2.126    2.438    2.711    2.945    3.149    3.330    3.505    3.693
    3.916    4.186    4.513    4.907    5.337    5.777    6.196
CT2048:105           -6.692   -6.000   -5.192   -4.357   -3.511   -2.701
   -1.940   -1.239   -0.601   -0.031    0.484    0.952    1.379    1.767
    2.118    2.434    2.711    2.948    3.153    3.336    3.512    3.702
    3.927    4.201    4.530    4.926    5.357    5.797    6.212
CT2048:100           -6.698   -6.008   -5.203   -4.372   -3.531   -2.726
   -1.971   -1.275   -0.643   -0.078    0.432    0.896    1.318    1.701
    2.047    2.359    2.633    2.869    3.075    3.263    3.447    3.649
    3.886    4.172    4.514    4.921    5.360    5.806    6.224
CT2048:095           -6.733   -6.041   -5.236   -4.406   -3.568   -2.768
   -2.019   -1.330   -0.706   -0.149    0.351    0.802    1.212    1.581
    1.915    2.215    2.481    2.714    2.924    3.121    3.319    3.539
    3.797    4.105    4.468    4.893    5.347    5.806    6.230
CT2048:090           -6.744   -6.056   -5.257   -4.432   -3.601   -2.810
   -2.070   -1.392   -0.779   -0.237    0.247    0.681    1.071    1.420
    1.734    2.017    2.272    2.502    2.715    2.923    3.139    3.383
    3.668    4.004    4.394    4.843    5.317    5.792    6.226
CT2048:085           -6.759   -6.072   -5.277   -4.459   -3.635   -2.854
   -2.125   -1.460   -0.863   -0.339    0.124    0.535    0.900    1.224
    1.514    1.778    2.019    2.242    2.458    2.678    2.913    3.183
    3.497    3.862    4.281    4.755    5.250    5.743    6.187
CT2048:080           -6.776   -6.095   -5.308   -4.498   -3.683   -2.912
   -2.196   -1.545   -0.964   -0.459   -0.018    0.369    0.709    1.007
    1.273    1.516    1.744    1.962    2.183    2.416    2.674    2.972
    3.319    3.719    4.171    4.676    5.197    5.713    6.171
CT2048:075           -6.807   -6.132   -5.351   -4.549   -3.743   -2.983
   -2.280   -1.643   -1.080   -0.594   -0.175    0.187    0.502    0.774
    1.017    1.242    1.456    1.671    1.896    2.143    2.422    2.749
    3.128    3.563    4.049    4.585    5.133    5.672    6.145
CT2048:070           -6.830   -6.163   -5.393   -4.601   -3.807   -3.060
   -2.371   -1.751   -1.205   -0.740   -0.342   -0.003    0.287    0.536
    0.758    0.965    1.168    1.379    1.610    1.870    2.170    2.525
    2.937    3.405    3.925    4.493    5.068    5.632    6.122
CT2048:065           -6.834   -6.182   -5.427   -4.650   -3.872   -3.141
   -2.469   -1.867   -1.340   -0.895   -0.519   -0.203    0.065    0.293
    0.496    0.688    0.882    1.092    1.328    1.601    1.922    2.304
    2.745    3.246    3.798    4.395    4.996    5.583    6.088
CT2048:060           -6.862   -6.221   -5.479   -4.717   -3.954   -3.240
   -2.585   -2.001   -1.493   -1.068   -0.712   -0.416   -0.167    0.042
    0.230    0.411    0.599    0.810    1.054    1.342    1.684    2.092
    2.563    3.094    3.677    4.303    4.931    5.540    6.062
CT2048:055           -6.848   -6.229   -5.509   -4.769   -4.029   -3.337
   -2.704   -2.143   -1.657   -1.254   -0.919   -0.642   -0.411   -0.217
   -0.040    0.133    0.319    0.535    0.789    1.093    1.457    1.891
    2.390    2.951    3.563    4.216    4.867    5.498    6.035
CT2048:050           -6.880   -6.275   -5.572   -4.850   -4.131   -3.461
   -2.851   -2.312   -1.850   -1.468   -1.154   -0.895   -0.680   -0.496
   -0.327   -0.155    0.035    0.259    0.529    0.853    1.241    1.702
    2.230    2.819    3.458    4.136    4.809    5.459    6.010
CT2048:045           -6.887   -6.301   -5.622   -4.924   -4.231   -3.588
   -3.007   -2.497   -2.062   -1.706   -1.414   -1.174   -0.974   -0.799
   -0.632   -0.457   -0.257   -0.016    0.274    0.623    1.038    1.528
    2.084    2.701    3.366    4.066    4.759    5.427    5.992
CT2048:040           -6.920   -6.349   -5.690   -5.016   -4.348   -3.735
   -3.184   -2.705   -2.301   -1.974   -1.707   -1.486   -1.299   -1.130
   -0.960   -0.775   -0.559   -0.294    0.023    0.402    0.848    1.368
    1.954    2.597    3.285    4.005    4.714    5.397    5.972
CT2048:035           -6.960   -6.404   -5.765   -5.115   -4.475   -3.893
   -3.376   -2.932   -2.562   -2.266   -2.026   -1.827   -1.652   -1.485
   -1.308   -1.107   -0.867   -0.573   -0.221    0.193    0.673    1.226
    1.840    2.508    3.218    3.955    4.678    5.374    5.958
CT2048:030           -6.992   -6.450   -5.834   -5.208   -4.598   -4.050
   -3.569   -3.163   -2.831   -2.569   -2.357   -2.178   -2.015   -1.848
   -1.660   -1.438   -1.168   -0.839   -0.449    0.003    0.520    1.105
    1.747    2.438    3.165    3.916    4.650    5.354    5.944
CT2048:025           -7.038   -6.507   -5.910   -5.307   -4.725   -4.210
   -3.765   -3.396   -3.100   -2.871   -2.687   -2.526   -2.371   -2.201
   -1.997   -1.751   -1.448   -1.080   -0.651   -0.159    0.394    1.010
    1.678    2.388    3.131    3.892    4.634    5.345    5.941
CT2048:020           -7.064   -6.546   -5.968   -5.389   -4.835   -4.352
   -3.942   -3.609   -3.347   -3.149   -2.987   -2.841   -2.690   -2.512
   -2.290   -2.017   -1.681   -1.276   -0.810   -0.282    0.302    0.944
    1.632    2.358    3.111    3.878    4.624    5.337    5.935
CT2048:015           -7.072   -6.567   -6.009   -5.451   -4.923   -4.470
   -4.091   -3.788   -3.554   -3.378   -3.232   -3.093   -2.940   -2.750
   -2.508   -2.208   -1.841   -1.404   -0.906   -0.350    0.260    0.922
    1.624    2.361    3.121    3.892    4.641    5.358    5.959
CT2048:010           -7.087   -6.591   -6.048   -5.507   -4.999   -4.568
   -4.212   -3.930   -3.715   -3.551   -3.410   -3.269   -3.106   -2.899
   -2.635   -2.311   -1.919   -1.458   -0.939   -0.365    0.258    0.929
    1.637    2.376    3.136    3.905    4.650    5.363    5.961
CT2048:005           -7.031   -6.552   -6.028   -5.507   -5.019   -4.608
   -4.270   -4.002   -3.796   -3.634   -3.489   -3.336   -3.157   -2.929
   -2.643   -2.298   -1.888   -1.413   -0.885   -0.305    0.320    0.991
    1.698    2.434    3.191    3.957    4.700    5.412    6.012
CT2049:360           -7.033   -6.557   -6.038   -5.524   -5.044   -4.639
   -4.305   -4.038   -3.826   -3.653   -3.491   -3.316   -3.113   -2.861
   -2.554   -2.193   -1.773   -1.296   -0.770   -0.198    0.417    1.076
    1.770    2.494    3.240    3.995    4.728    5.431    6.024
