CT2022:360           -7.943   -7.762   -7.401   -6.969   -6.448   -5.837
   -5.154   -4.401   -3.585   -2.719   -1.839   -0.977   -0.168    0.550
    1.165    1.682    2.112    2.479    2.820    3.160    3.519    3.910
    4.331    4.780    5.247    5.722    6.186    6.633    7.018
CT2022:355           -8.194   -8.035   -7.713   -7.324   -6.853   -6.296
   -5.665   -4.958   -4.179   -3.337   -2.470   -1.613   -0.802   -0.077
    0.543    1.065    1.498    1.869    2.217    2.570    2.951    3.377
    3.843    4.344    4.868    5.404    5.924    6.424    6.850
CT2022:350           -8.305   -8.189   -7.919   -7.589   -7.182   -6.690
   -6.125   -5.478   -4.752   -3.950   -3.110   -2.268   -1.459   -0.728
   -0.097    0.439    0.887    1.274    1.639    2.015    2.423    2.884
    3.394    3.945    4.526    5.121    5.701    6.258    6.734
CT2022:345           -8.658   -8.531   -8.275   -7.968   -7.598   -7.154
   -6.640   -6.046   -5.369   -4.609   -3.800   -2.976   -2.175   -1.439
   -0.793   -0.237    0.234    0.645    1.036    1.437    1.874    2.366
    2.911    3.502    4.124    4.763    5.383    5.976    6.477
CT2022:340           -8.732   -8.637   -8.424   -8.164   -7.848   -7.463
   -7.012   -6.480   -5.863   -5.156   -4.390   -3.598   -2.816   -2.084
   -1.430   -0.856   -0.360    0.080    0.503    0.937    1.407    1.935
    2.519    3.152    3.821    4.508    5.178    5.822    6.369
CT2022:335           -8.808   -8.735   -8.553   -8.328   -8.053   -7.715
   -7.314   -6.835   -6.271   -5.614   -4.894   -4.138   -3.382   -2.664
   -2.010   -1.426   -0.910   -0.443    0.010    0.476    0.979    1.539
    2.157    2.825    3.531    4.258    4.969    5.653    6.236
CT2022:330           -8.842   -8.787   -8.627   -8.428   -8.181   -7.876
   -7.511   -7.072   -6.550   -5.936   -5.258   -4.541   -3.817   -3.121
   -2.479   -1.895   -1.368   -0.882   -0.405    0.087    0.617    1.206
    1.852    2.551    3.289    4.051    4.800    5.522    6.143
CT2022:325           -8.592   -8.595   -8.483   -8.326   -8.118   -7.847
   -7.516   -7.110   -6.624   -6.049   -5.411   -4.736   -4.050   -3.386
   -2.767   -2.197   -1.674   -1.182   -0.692   -0.182    0.369    0.980
    1.650    2.374    3.142    3.939    4.727    5.492    6.160
CT2022:320           -8.580   -8.584   -8.471   -8.314   -8.104   -7.831
   -7.499   -7.097   -6.619   -6.061   -5.447   -4.801   -4.150   -3.520
   -2.930   -2.384   -1.877   -1.392   -0.904   -0.391    0.165    0.784
    1.464    2.200    2.982    3.798    4.609    5.397    6.092
CT2022:315           -8.354   -8.387   -8.290   -8.143   -7.935   -7.659
   -7.321   -6.915   -6.437   -5.887   -5.291   -4.671   -4.052   -3.458
   -2.905   -2.393   -1.914   -1.450   -0.977   -0.475    0.075    0.691
    1.370    2.110    2.899    3.729    4.557    5.367    6.088
CT2022:310           -8.294   -8.312   -8.196   -8.027   -7.794   -7.489
   -7.123   -6.691   -6.195   -5.638   -5.045   -4.439   -3.844   -3.282
   -2.764   -2.287   -1.841   -1.407   -0.961   -0.481    0.050    0.650
    1.317    2.048    2.833    3.664    4.498    5.317    6.052
CT2022:305           -8.343   -8.318   -8.159   -7.946   -7.669   -7.321
   -6.914   -6.446   -5.921   -5.346   -4.748   -4.148   -3.570   -3.033
   -2.546   -2.102   -1.690   -1.289   -0.876   -0.427    0.073    0.645
    1.287    1.995    2.761    3.576    4.396    5.202    5.926
CT2022:300           -8.242   -8.192   -8.003   -7.760   -7.448   -7.066
   -6.626   -6.130   -5.583   -4.995   -4.393   -3.799   -3.232   -2.714
   -2.251   -1.833   -1.449   -1.078   -0.694   -0.276    0.195    0.738
    1.353    2.038    2.784    3.585    4.397    5.197    5.922
CT2022:295           -8.411   -8.281   -8.023   -7.716   -7.347   -6.915
   -6.434   -5.904   -5.333   -4.730   -4.122   -3.527   -2.966   -2.457
   -2.005   -1.601   -1.234   -0.883   -0.523   -0.134    0.305    0.814
    1.393    2.042    2.752    3.518    4.296    5.062    5.752
CT2022:290           -8.285   -8.125   -7.838   -7.501   -7.106   -6.654
   -6.159   -5.622   -5.050   -4.452   -3.851   -3.264   -2.709   -2.205
   -1.754   -1.351   -0.986   -0.640   -0.290    0.086    0.504    0.988
    1.540    2.161    2.844    3.587    4.344    5.094    5.774
CT2022:285           -8.292   -8.075   -7.741   -7.364   -6.937   -6.466
   -5.962   -5.427   -4.864   -4.281   -3.694   -3.118   -2.568   -2.060
   -1.599   -1.182   -0.801   -0.443   -0.087    0.286    0.693    1.158
    1.685    2.277    2.929    3.641    4.369    5.092    5.749
CT2022:280           -8.158   -7.909   -7.551   -7.154   -6.716   -6.247
   -5.756   -5.244   -4.711   -4.160   -3.601   -3.045   -2.503   -1.988
   -1.510   -1.066   -0.655   -0.270    0.108    0.493    0.903    1.358
    1.867    2.435    3.061    3.745    4.448    5.146    5.785
CT2022:275           -8.036   -7.752   -7.370   -6.956   -6.512   -6.054
   -5.586   -5.107   -4.615   -4.106   -3.583   -3.052   -2.521   -1.998
   -1.495   -1.016   -0.563   -0.137    0.275    0.686    1.109    1.565
    2.065    2.617    3.222    3.883    4.564    5.244    5.870
CT2022:270           -7.904   -7.588   -7.187   -6.761   -6.318   -5.877
   -5.439   -5.001   -4.557   -4.096   -3.616   -3.114   -2.596   -2.067
   -1.539   -1.022   -0.525   -0.052    0.402    0.844    1.287    1.750
    2.245    2.782    3.366    4.001    4.656    5.308    5.910
CT2022:265           -7.801   -7.449   -7.025   -6.585   -6.142   -5.718
   -5.310   -4.913   -4.516   -4.103   -3.665   -3.194   -2.692   -2.159
   -1.611   -1.061   -0.521   -0.004    0.491    0.967    1.433    1.904
    2.397    2.922    3.485    4.091    4.713    5.331    5.898
CT2022:260           -7.676   -7.291   -6.849   -6.399   -5.957   -5.549
   -5.168   -4.808   -4.453   -4.083   -3.683   -3.243   -2.758   -2.227
   -1.666   -1.091   -0.518    0.038    0.569    1.078    1.569    2.055
    2.552    3.072    3.621    4.206    4.803    5.394    5.935
CT2022:255           -7.506   -7.095   -6.638   -6.179   -5.738   -5.343
   -4.983   -4.651   -4.330   -3.996   -3.629   -3.215   -2.749   -2.227
   -1.663   -1.076   -0.482    0.099    0.659    1.195    1.710    2.213
    2.720    3.241    3.785    4.359    4.941    5.517    6.046
CT2022:250           -7.388   -6.944   -6.464   -5.989   -5.539   -5.145
   -4.793   -4.475   -4.172   -3.860   -3.516   -3.124   -2.678   -2.170
   -1.615   -1.031   -0.433    0.159    0.733    1.286    1.816    2.331
    2.845    3.366    3.902    4.459    5.019    5.570    6.073
CT2022:245           -7.113   -6.659   -6.172   -5.690   -5.238   -4.844
   -4.496   -4.185   -3.893   -3.594   -3.266   -2.893   -2.467   -1.978
   -1.442   -0.871   -0.282    0.309    0.891    1.456    2.006    2.542
    3.076    3.616    4.170    4.743    5.322    5.898    6.438
CT2022:240           -7.000   -6.509   -5.992   -5.483   -5.008   -4.596
   -4.232   -3.909   -3.609   -3.310   -2.988   -2.629   -2.222   -1.760
   -1.252   -0.710   -0.145    0.428    0.999    1.561    2.111    2.650
    3.186    3.725    4.271    4.830    5.390    5.943    6.458
CT2022:235           -6.825   -6.305   -5.762   -5.228   -4.728   -4.291
   -3.905   -3.562   -3.247   -2.940   -2.619   -2.270   -1.884   -1.451
   -0.977   -0.470    0.063    0.611    1.165    1.717    2.265    2.808
    3.349    3.893    4.443    5.002    5.562    6.115    6.635
CT2022:230           -6.712   -6.154   -5.574   -5.004   -4.469   -3.998
   -3.579   -3.206   -2.867   -2.545   -2.221   -1.881   -1.516   -1.114
   -0.678   -0.211    0.284    0.799    1.325    1.859    2.393    2.928
    3.462    3.998    4.537    5.082    5.623    6.155    6.652
CT2022:225           -6.632   -6.029   -5.405   -4.792   -4.215   -3.703
   -3.245   -2.837   -2.470   -2.130   -1.799   -1.465   -1.119   -0.747
   -0.349    0.077    0.531    1.010    1.506    2.015    2.530    3.049
    3.570    4.094    4.619    5.147    5.667    6.177    6.650
CT2022:220           -6.525   -5.882   -5.218   -4.564   -3.945   -3.392
   -2.895   -2.452   -2.056   -1.697   -1.360   -1.031   -0.701   -0.357
    0.006    0.394    0.809    1.251    1.714    2.194    2.685    3.185
    3.688    4.195    4.705    5.214    5.716    6.207    6.661
CT2022:215           -6.399   -5.721   -5.019   -4.327   -3.668   -3.076
   -2.542   -2.066   -1.643   -1.267   -0.921   -0.596   -0.278    0.043
    0.378    0.732    1.112    1.520    1.950    2.401    2.867    3.345
    3.830    4.322    4.818    5.317    5.811    6.296    6.751
CT2022:210           -6.302   -5.587   -4.847   -4.115   -3.416   -2.786
   -2.217   -1.711   -1.263   -0.871   -0.517   -0.192    0.117    0.422
    0.734    1.060    1.410    1.785    2.182    2.601    3.036    3.485
    3.944    4.412    4.886    5.367    5.843    6.312    6.752
CT2022:205           -6.170   -5.429   -4.659   -3.896   -3.166   -2.506
   -1.911   -1.382   -0.917   -0.514   -0.155    0.171    0.476    0.771
    1.067    1.374    1.699    2.046    2.414    2.801    3.205    3.624
    4.057    4.500    4.955    5.420    5.885    6.345    6.782
CT2022:200           -6.092   -5.319   -4.516   -3.721   -2.961   -2.275
   -1.658   -1.113   -0.637   -0.227    0.135    0.461    0.764    1.054
    1.343    1.639    1.949    2.275    2.618    2.976    3.349    3.738
    4.141    4.559    4.992    5.440    5.892    6.343    6.773
CT2022:195           -5.953   -5.167   -4.347   -3.535   -2.758   -2.059
   -1.434   -0.886   -0.411   -0.005    0.351    0.673    0.973    1.261
    1.548    1.841    2.143    2.456    2.780    3.115    3.461    3.821
    4.197    4.590    5.002    5.436    5.878    6.320    6.745
CT2022:190           -5.899   -5.090   -4.248   -3.416   -2.622   -1.913
   -1.284   -0.739   -0.272    0.123    0.468    0.781    1.076    1.364
    1.653    1.949    2.252    2.562    2.876    3.195    3.521    3.859
    4.213    4.588    4.986    5.412    5.851    6.293    6.721
CT2022:185           -5.731   -4.928   -4.087   -3.255   -2.463   -1.760
   -1.143   -0.614   -0.168    0.203    0.526    0.821    1.103    1.386
    1.677    1.977    2.285    2.597    2.910    3.223    3.539    3.865
    4.208    4.575    4.971    5.401    5.851    6.306    6.752
CT2022:180           -5.704   -4.888   -4.038   -3.199   -2.403   -1.703
   -1.095   -0.582   -0.157    0.189    0.487    0.759    1.023    1.295
    1.582    1.883    2.196    2.513    2.829    3.143    3.457    3.779
    4.119    4.486    4.884    5.324    5.786    6.255    6.714
CT2022:175           -5.604   -4.798   -3.957   -3.127   -2.342   -1.656
   -1.064   -0.572   -0.173    0.144    0.411    0.653    0.891    1.142
    1.415    1.710    2.021    2.341    2.663    2.983    3.304    3.635
    3.986    4.367    4.784    5.246    5.733    6.230    6.715
CT2022:170           -5.603   -4.797   -3.960   -3.136   -2.358   -1.682
   -1.104   -0.629   -0.250    0.043    0.282    0.493    0.699    0.921
    1.169    1.445    1.745    2.062    2.386    2.716    3.050    3.400
    3.772    4.178    4.622    5.115    5.633    6.159    6.668
CT2022:165           -5.580   -4.786   -3.966   -3.159   -2.399   -1.741
   -1.179   -0.721   -0.360   -0.090    0.122    0.302    0.473    0.658
    0.870    1.114    1.391    1.695    2.019    2.358    2.712    3.089
    3.495    3.939    4.422    4.955    5.512    6.074    6.609
CT2022:160           -5.606   -4.824   -4.021   -3.233   -2.494   -1.855
   -1.311   -0.869   -0.524   -0.272   -0.082    0.068    0.203    0.346
    0.515    0.719    0.965    1.252    1.572    1.922    2.301    2.716
    3.168    3.661    4.198    4.782    5.387    5.993    6.560
CT2022:155           -5.574   -4.822   -4.054   -3.303   -2.600   -1.993
   -1.478   -1.060   -0.737   -0.506   -0.340   -0.219   -0.121   -0.020
    0.104    0.265    0.475    0.741    1.057    1.422    1.832    2.293
    2.801    3.356    3.955    4.601    5.262    5.917    6.519
CT2022:150           -5.621   -4.891   -4.154   -3.437   -2.772   -2.203
   -1.724   -1.338   -1.043   -0.837   -0.698   -0.607   -0.541   -0.479
   -0.396   -0.272   -0.091    0.161    0.479    0.863    1.312    1.828
    2.401    3.027    3.699    4.414    5.135    5.843    6.478
CT2022:145           -5.610   -4.917   -4.226   -3.558   -2.947   -2.433
   -2.007   -1.671   -1.421   -1.256   -1.153   -1.096   -1.065   -1.036
   -0.983   -0.886   -0.722   -0.474   -0.142    0.274    0.772    1.354
    2.003    2.710    3.465    4.256    5.045    5.813    6.487
CT2022:140           -5.668   -5.002   -4.352   -3.732   -3.176   -2.724
   -2.362   -2.090   -1.900   -1.789   -1.734   -1.717   -1.719   -1.717
   -1.683   -1.598   -1.435   -1.173   -0.812   -0.352    0.207    0.864
    1.596    2.389    3.228    4.095    4.947    5.768    6.471
CT2022:135           -5.730   -5.090   -4.483   -3.912   -3.416   -3.034
   -2.748   -2.553   -2.439   -2.398   -2.402   -2.434   -2.472   -2.492
   -2.467   -2.378   -2.197   -1.903   -1.495   -0.972   -0.338    0.406
    1.231    2.119    3.048    3.996    4.915    5.794    6.532
CT2022:130           -5.787   -5.174   -4.609   -4.088   -3.653   -3.344
   -3.138   -3.029   -3.001   -3.039   -3.114   -3.201   -3.280   -3.320
   -3.299   -3.196   -2.985   -2.643   -2.174   -1.576   -0.856   -0.020
    0.900    1.880    2.893    3.910    4.882    5.802    6.557
CT2022:125           -5.887   -5.288   -4.753   -4.271   -3.886   -3.641
   -3.509   -3.480   -3.536   -3.655   -3.800   -3.946   -4.066   -4.127
   -4.105   -3.983   -3.732   -3.332   -2.789   -2.106   -1.292   -0.356
    0.661    1.732    2.828    3.910    4.932    5.892    6.666
CT2022:120           -5.934   -5.356   -4.852   -4.405   -4.064   -3.874
   -3.805   -3.845   -3.973   -4.163   -4.375   -4.576   -4.736   -4.819
   -4.798   -4.656   -4.366   -3.905   -3.288   -2.519   -1.613   -0.585
    0.519    1.666    2.824    3.950    4.998    5.974    6.742
CT2022:115           -6.060   -5.478   -4.981   -4.546   -4.225   -4.064
   -4.029   -4.110   -4.283   -4.521   -4.779   -5.020   -5.212   -5.312
   -5.290   -5.131   -4.803   -4.287   -3.601   -2.754   -1.767   -0.661
    0.511    1.714    2.913    4.061    5.116    6.090    6.842
CT2022:110           -6.091   -5.518   -5.029   -4.603   -4.290   -4.138
   -4.113   -4.207   -4.396   -4.653   -4.929   -5.189   -5.396   -5.503
   -5.477   -5.300   -4.940   -4.378   -3.636   -2.730   -1.684   -0.527
    0.685    1.914    3.125    4.267    5.305    6.256    6.974
CT2022:105           -6.245   -5.648   -5.136   -4.685   -4.347   -4.166
   -4.114   -4.179   -4.341   -4.574   -4.832   -5.077   -5.270   -5.363
   -5.320   -5.120   -4.731   -4.134   -3.358   -2.420   -1.348   -0.179
    1.032    2.246    3.428    4.528    5.518    6.416    7.080
CT2022:100           -6.259   -5.657   -5.127   -4.653   -4.282   -4.057
   -3.953   -3.961   -4.063   -4.237   -4.440   -4.634   -4.783   -4.835
   -4.754   -4.520   -4.101   -3.482   -2.692   -1.752   -0.694    0.445
    1.612    2.769    3.885    4.914    5.833    6.662    7.264
CT2022:095           -6.381   -5.745   -5.170   -4.644   -4.210   -3.910
   -3.720   -3.634   -3.639   -3.715   -3.821   -3.924   -3.988   -3.964
   -3.818   -3.531   -3.076   -2.442   -1.660   -0.751    0.253    1.316
    2.390    3.446    4.457    5.383    6.206    6.947    7.479
CT2022:090           -6.383   -5.730   -5.117   -4.543   -4.044   -3.660
   -3.372   -3.177   -3.062   -3.013   -2.993   -2.971   -2.916   -2.784
   -2.546   -2.188   -1.689   -1.047   -0.290    0.558    1.468    2.409
    3.347    4.258    5.125    5.917    6.620    7.251    7.699
CT2022:085           -6.392   -5.709   -5.047   -4.413   -3.838   -3.359
   -2.961   -2.642   -2.392   -2.199   -2.030   -1.858   -1.657   -1.390
   -1.036   -0.588   -0.037    0.610    1.326    2.089    2.876    3.660
    4.424    5.157    5.851    6.486    7.052    7.562    7.923
CT2022:080           -6.390   -5.683   -4.972   -4.278   -3.625   -3.046
   -2.533   -2.084   -1.692   -1.343   -1.012   -0.675   -0.309    0.112
    0.598    1.149    1.760    2.414    3.086    3.753    4.400    5.010
    5.583    6.121    6.626    7.091    7.511    7.890    8.156
CT2022:075           -6.410   -5.674   -4.910   -4.151   -3.417   -2.739
   -2.112   -1.535   -1.001   -0.499   -0.006    0.499    1.031    1.609
    2.233    2.890    3.564    4.226    4.853    5.424    5.930    6.362
    6.741    7.080    7.393    7.685    7.954    8.199    8.367
CT2022:070           -6.413   -5.653   -4.840   -4.022   -3.213   -2.442
   -1.709   -1.014   -0.351    0.292    0.935    1.594    2.280    3.005
    3.755    4.512    5.247    5.920    6.508    6.993    7.370    7.640
    7.839    7.994    8.128    8.258    8.387    8.506    8.584
CT2022:065           -6.441   -5.655   -4.795   -3.919   -3.040   -2.185
   -1.357   -0.558    0.218    0.983    1.754    2.543    3.359    4.204
    5.061    5.902    6.689    7.372    7.930    8.346    8.618    8.753
    8.800    8.796    8.773    8.759    8.760    8.763    8.753
CT2022:060           -6.460   -5.654   -4.754   -3.829   -2.889   -1.962
   -1.055   -0.169    0.699    1.560    2.429    3.317    4.229    5.163
    6.097    6.999    7.824    8.517    9.057    9.426    9.624    9.661
    9.596    9.472    9.328    9.199    9.096    9.006    8.925
CT2022:055           -6.503   -5.680   -4.744   -3.776   -2.783   -1.795
   -0.822    0.132    1.071    2.003    2.940    3.892    4.863    5.850
    6.828    7.764    8.611    9.312    9.845   10.191   10.350   10.332
   10.200   10.001    9.779    9.574    9.402    9.250    9.125
CT2022:050           -6.548   -5.715   -4.753   -3.752   -2.717   -1.682
   -0.659    0.346    1.334    2.310    3.285    4.268    5.262    6.265
    7.252    8.193    9.044    9.745   10.276   10.616   10.764   10.726
   10.566   10.331   10.066    9.813    9.593    9.394    9.229
CT2022:045           -6.587   -5.755   -4.777   -3.754   -2.691   -1.621
   -0.562    0.478    1.497    2.496    3.484    4.470    5.456    6.442
    7.409    8.330    9.164    9.858   10.390   10.739   10.901   10.878
   10.730   10.502   10.236    9.974    9.742    9.530    9.354
CT2022:040           -6.664   -5.836   -4.849   -3.811   -2.726   -1.631
   -0.545    0.520    1.557    2.564    3.548    4.515    5.471    6.415
    7.334    8.211    9.011    9.686   10.216   10.580   10.769   10.783
   10.673   10.479   10.242    9.997    9.772    9.562    9.380
CT2022:035           -6.731   -5.920   -4.938   -3.899   -2.807   -1.698
   -0.596    0.483    1.529    2.535    3.503    4.438    5.347    6.231
    7.085    7.898    8.646    9.288    9.808   10.185   10.408   10.471
   10.416   10.277   10.088    9.879    9.678    9.482    9.297
CT2022:030           -6.841   -6.049   -5.076   -4.043   -2.949   -1.832
   -0.721    0.368    1.420    2.421    3.370    4.270    5.126    5.942
    6.720    7.459    8.143    8.743    9.246    9.633    9.892   10.014
   10.031    9.968    9.853    9.708    9.559    9.407    9.248
CT2022:025           -6.947   -6.187   -5.237   -4.221   -3.139   -2.026
   -0.914    0.178    1.231    2.225    3.155    4.019    4.823    5.569
    6.268    6.926    7.537    8.085    8.560    8.949    9.238    9.418
    9.508    9.527    9.493    9.422    9.332    9.230    9.098
CT2022:020           -7.090   -6.364   -5.443   -4.453   -3.391   -2.290
   -1.185   -0.095    0.958    1.946    2.860    3.695    4.453    5.137
    5.760    6.340    6.878    7.369    7.813    8.197    8.513    8.749
    8.916    9.023    9.084    9.103    9.094    9.063    8.983
CT2022:015           -7.203   -6.526   -5.650   -4.701   -3.675   -2.601
   -1.515   -0.437    0.607    1.587    2.488    3.299    4.021    4.651
    5.211    5.719    6.189    6.626    7.035    7.411    7.748    8.035
    8.275    8.472    8.629    8.745    8.826    8.878    8.861
CT2022:010           -7.373   -6.745   -5.917   -5.017   -4.035   -2.998
   -1.941   -0.886    0.143    1.112    2.001    2.796    3.492    4.086
    4.596    5.049    5.462    5.851    6.228    6.594    6.947    7.279
    7.587    7.868    8.121    8.334    8.507    8.646    8.697
CT2022:005           -7.538   -6.967   -6.199   -5.358   -4.433   -3.449
   -2.437   -1.418   -0.417    0.534    1.409    2.191    2.871    3.441
    3.920    4.335    4.708    5.061    5.413    5.772    6.139    6.510
    6.879    7.237    7.577    7.882    8.143    8.364    8.479
CT2023:360           -7.723   -7.211   -6.509   -5.735   -4.879   -3.959
   -3.007   -2.039   -1.078   -0.156    0.701    1.472    2.144    2.705
    3.171    3.569    3.921    4.256    4.596    4.956    5.341    5.751
    6.178    6.610    7.035    7.434    7.787    8.096    8.287
