CT2003:360           -6.471   -6.010   -5.437   -4.831   -4.201   -3.585
   -3.004   -2.476   -2.012   -1.625   -1.299   -1.017   -0.754   -0.473
   -0.142    0.264    0.772    1.393    2.112    2.915    3.777    4.668
    5.549    6.389    7.163    7.816    8.335    8.748    8.911
CT2003:355           -6.576   -6.145   -5.612   -5.052   -4.477   -3.927
   -3.422   -2.978   -2.605   -2.311   -2.076   -1.878   -1.688   -1.470
   -1.187   -0.817   -0.333    0.279    1.000    1.817    2.708    3.642
    4.579    5.487    6.337    7.076    7.687    8.196    8.461
CT2003:350           -6.684   -6.282   -5.789   -5.275   -4.755   -4.274
   -3.847   -3.491   -3.210   -3.009   -2.862   -2.744   -2.623   -2.459
   -2.219   -1.880   -1.416   -0.815   -0.093    0.735    1.649    2.621
    3.609    4.579    5.502    6.325    7.025    7.628    7.995
CT2003:345           -6.717   -6.358   -5.916   -5.458   -5.001   -4.595
   -4.251   -3.984   -3.797   -3.686   -3.624   -3.580   -3.522   -3.409
   -3.207   -2.897   -2.455   -1.867   -1.152   -0.320    0.607    1.605
    2.632    3.653    4.636    5.529    6.306    6.988    7.439
CT2003:340           -6.821   -6.490   -6.086   -5.671   -5.268   -4.926
   -4.655   -4.467   -4.361   -4.329   -4.339   -4.358   -4.352   -4.280
   -4.110   -3.828   -3.408   -2.837   -2.134   -1.307   -0.374    0.643
    1.703    2.770    3.813    4.779    5.638    6.410    6.962
CT2003:335           -6.758   -6.485   -6.141   -5.788   -5.450   -5.178
   -4.981   -4.868   -4.836   -4.874   -4.945   -5.017   -5.056   -5.022
   -4.886   -4.635   -4.246   -3.705   -3.028   -2.222   -1.301   -0.284
    0.789    1.883    2.965    3.984    4.904    5.742    6.365
CT2003:330           -6.852   -6.604   -6.292   -5.976   -5.680   -5.456
   -5.310   -5.248   -5.265   -5.347   -5.458   -5.564   -5.634   -5.628
   -5.523   -5.305   -4.952   -4.449   -3.809   -3.036   -2.139   -1.131
   -0.052    1.064    2.185    3.261    4.252    5.169    5.889
CT2003:325           -6.823   -6.620   -6.355   -6.085   -5.837   -5.659
   -5.556   -5.534   -5.586   -5.697   -5.832   -5.961   -6.054   -6.075
   -6.002   -5.825   -5.519   -5.069   -4.483   -3.760   -2.905   -1.926
   -0.861    0.258    1.396    2.509    3.550    4.525    5.313
CT2003:320           -7.039   -6.845   -6.593   -6.338   -6.105   -5.941
   -5.850   -5.835   -5.889   -6.000   -6.133   -6.262   -6.360   -6.397
   -6.351   -6.210   -5.951   -5.554   -5.022   -4.350   -3.538   -2.586
   -1.531   -0.403    0.766    1.932    3.044    4.100    4.989
CT2003:315           -7.031   -6.869   -6.651   -6.429   -6.228   -6.090
   -6.017   -6.014   -6.072   -6.181   -6.312   -6.442   -6.549   -6.605
   -6.592   -6.496   -6.293   -5.959   -5.493   -4.885   -4.130   -3.220
   -2.191   -1.069    0.113    1.320    2.492    3.621    4.611
CT2003:310           -7.090   -6.942   -6.744   -6.544   -6.365   -6.244
   -6.183   -6.183   -6.240   -6.342   -6.467   -6.596   -6.709   -6.785
   -6.804   -6.751   -6.603   -6.333   -5.933   -5.390   -4.693   -3.832
   -2.835   -1.728   -0.541    0.693    1.912    3.101    4.172
CT2003:305           -7.046   -6.926   -6.758   -6.589   -6.438   -6.342
   -6.299   -6.310   -6.371   -6.474   -6.600   -6.732   -6.855   -6.950
   -6.998   -6.983   -6.880   -6.660   -6.312   -5.818   -5.164   -4.332
   -3.348   -2.233   -1.016    0.280    1.587    2.884    4.106
CT2003:300           -7.082   -6.972   -6.822   -6.673   -6.546   -6.473
   -6.451   -6.481   -6.556   -6.672   -6.809   -6.956   -7.098   -7.217
   -7.295   -7.316   -7.254   -7.077   -6.775   -6.325   -5.712   -4.912
   -3.949   -2.841   -1.618   -0.295    1.055    2.405    3.700
CT2003:295           -7.060   -6.963   -6.834   -6.710   -6.612   -6.572
   -6.582   -6.644   -6.750   -6.894   -7.059   -7.234   -7.404   -7.551
   -7.658   -7.707   -7.672   -7.521   -7.241   -6.810   -6.209   -5.411
   -4.438   -3.306   -2.039   -0.650    0.791    2.248    3.691
CT2003:290           -7.070   -6.977   -6.863   -6.760   -6.691   -6.687
   -6.738   -6.844   -6.996   -7.187   -7.398   -7.617   -7.829   -8.016
   -8.158   -8.238   -8.229   -8.098   -7.833   -7.412   -6.815   -6.015
   -5.034   -3.886   -2.596   -1.172    0.313    1.823    3.332
CT2003:285           -6.982   -6.904   -6.816   -6.742   -6.710   -6.751
   -6.855   -7.018   -7.231   -7.484   -7.757   -8.036   -8.304   -8.540
   -8.724   -8.837   -8.850   -8.730   -8.465   -8.035   -7.421   -6.594
   -5.580   -4.393   -3.057   -1.577   -0.025    1.560    3.164
CT2003:280           -6.963   -6.882   -6.803   -6.745   -6.740   -6.821
   -6.974   -7.195   -7.472   -7.794   -8.138   -8.486   -8.821   -9.119
   -9.354   -9.508   -9.549   -9.440   -9.172   -8.725   -8.084   -7.223
   -6.169   -4.940   -3.561   -2.036   -0.436    1.200    2.863
CT2003:275           -6.834   -6.766   -6.706   -6.672   -6.698   -6.821
   -7.025   -7.305   -7.649   -8.044   -8.464   -8.890   -9.302   -9.671
   -9.971  -10.177  -10.253  -10.160   -9.889   -9.424   -8.750   -7.847
   -6.748   -5.473   -4.049   -2.482   -0.840    0.836    2.541
CT2003:270           -6.783   -6.701   -6.639   -6.609   -6.649   -6.797
   -7.037   -7.362   -7.761   -8.219   -8.710   -9.211   -9.701  -10.147
  -10.517  -10.783  -10.902  -10.831  -10.563  -10.080   -9.373   -8.424
   -7.274   -5.947   -4.473   -2.858   -1.170    0.554    2.308
CT2003:265           -6.716   -6.618   -6.549   -6.516   -6.559   -6.722
   -6.984   -7.341   -7.780   -8.289   -8.841   -9.411   -9.976  -10.500
  -10.946  -11.280  -11.454  -11.417  -11.163  -10.675   -9.946   -8.963
   -7.774   -6.407   -4.895   -3.248   -1.532    0.217    1.990
CT2003:260           -6.631   -6.511   -6.425   -6.379   -6.415   -6.577
   -6.846   -7.217   -7.679   -8.223   -8.820   -9.446  -10.076  -10.672
  -11.191  -11.595  -11.827  -11.833  -11.604  -11.122  -10.383   -9.376
   -8.154   -6.751   -5.201   -3.516   -1.764    0.021    1.830
CT2003:255           -6.509   -6.365   -6.259   -6.194   -6.214   -6.365
   -6.626   -6.996   -7.464   -8.026   -8.651   -9.317   -9.997  -10.654
  -11.239  -11.708  -12.002  -12.058  -11.867  -11.408  -10.678   -9.665
   -8.428   -7.002   -5.427   -3.713   -1.930   -0.115    1.726
CT2003:250           -6.395   -6.220   -6.084   -5.991   -5.984   -6.110
   -6.350   -6.703   -7.162   -7.724   -8.359   -9.047   -9.760  -10.462
  -11.099  -11.626  -11.978  -12.090  -11.947  -11.528  -10.826   -9.829
   -8.597   -7.168   -5.582   -3.852   -2.050   -0.215    1.648
CT2003:245           -6.242   -6.034   -5.868   -5.743   -5.705   -5.800
   -6.011   -6.339   -6.778   -7.327   -7.958   -8.652   -9.381  -10.109
  -10.782  -11.354  -11.757  -11.923  -11.834  -11.465  -10.806   -9.841
   -8.631   -7.211   -5.625   -3.884   -2.065   -0.209    1.678
CT2003:240           -6.105   -5.860   -5.655   -5.492   -5.416   -5.475
   -5.652   -5.948   -6.360   -6.888   -7.505   -8.192   -8.922   -9.660
  -10.354  -10.956  -11.400  -11.616  -11.583  -11.272  -10.668   -9.751
   -8.578   -7.186   -5.616   -3.880   -2.062   -0.203    1.687
CT2003:235           -6.023   -5.725   -5.470   -5.260   -5.139   -5.155
   -5.293   -5.555   -5.936   -6.440   -7.037   -7.708   -8.428   -9.164
   -9.864  -10.481  -10.954  -11.211  -11.228  -10.973  -10.427   -9.564
   -8.438   -7.084   -5.541   -3.823   -2.017   -0.168    1.710
CT2003:230           -5.870   -5.529   -5.234   -4.984   -4.824   -4.805
   -4.910   -5.143   -5.501   -5.984   -6.563   -7.219   -7.926   -8.651
   -9.348   -9.969  -10.457  -10.741  -10.797  -10.588  -10.093   -9.281
   -8.202   -6.886   -5.373   -3.676   -1.885   -0.051    1.813
CT2003:225           -5.758   -5.366   -5.023   -4.728   -4.526   -4.470
   -4.545   -4.752   -5.089   -5.555   -6.121   -6.764   -7.457   -8.171
   -8.858   -9.475   -9.966  -10.264  -10.343  -10.167   -9.712   -8.943
   -7.906   -6.629   -5.152   -3.485   -1.722    0.084    1.914
CT2003:220           -5.596   -5.161   -4.777   -4.443   -4.205   -4.120
   -4.170   -4.358   -4.681   -5.138   -5.696   -6.332   -7.017   -7.720
   -8.396   -9.002   -9.485   -9.783   -9.868   -9.707   -9.274   -8.533
   -7.527   -6.281   -4.834   -3.195   -1.460    0.316    2.112
CT2003:215           -5.285   -4.836   -4.432   -4.076   -3.818   -3.715
   -3.750   -3.929   -4.246   -4.702   -5.261   -5.896   -6.579   -7.277
   -7.943   -8.536   -9.006   -9.290   -9.367   -9.204   -8.776   -8.049
   -7.063   -5.842   -4.423   -2.814   -1.112    0.629    2.381
CT2003:210           -5.118   -4.626   -4.183   -3.789   -3.496   -3.363
   -3.375   -3.536   -3.841   -4.291   -4.847   -5.481   -6.162   -6.854
   -7.508   -8.086   -8.534   -8.797   -8.853   -8.674   -8.238   -7.514
   -6.540   -5.341   -3.950   -2.377   -0.716    0.981    2.677
CT2003:205           -4.740   -4.248   -3.793   -3.386   -3.076   -2.926
   -2.922   -3.070   -3.367   -3.811   -4.364   -4.998   -5.677   -6.364
   -7.008   -7.568   -7.993   -8.228   -8.256   -8.054   -7.603   -6.875
   -5.911   -4.732   -3.371   -1.838   -0.225    1.417    3.046
CT2003:200           -4.568   -4.035   -3.540   -3.092   -2.743   -2.556
   -2.517   -2.634   -2.902   -3.324   -3.860   -4.479   -5.146   -5.818
   -6.444   -6.980   -7.376   -7.579   -7.576   -7.348   -6.881   -6.151
   -5.198   -4.044   -2.721   -1.238    0.315    1.891    3.440
CT2003:195           -4.473   -3.888   -3.342   -2.844   -2.444   -2.207
   -2.120   -2.189   -2.414   -2.797   -3.299   -3.888   -4.526   -5.171
   -5.768   -6.273   -6.636   -6.806   -6.776   -6.528   -6.054   -5.333
   -4.405   -3.292   -2.025   -0.614    0.853    2.335    3.770
CT2003:190           -4.300   -3.677   -3.089   -2.545   -2.097   -1.808
   -1.665   -1.677   -1.845   -2.172   -2.621   -3.160   -3.753   -4.353
   -4.906   -5.369   -5.692   -5.828   -5.772   -5.510   -5.036   -4.333
   -3.440   -2.376   -1.172    0.162    1.542    2.929    4.258
CT2003:185           -4.360   -3.659   -2.998   -2.382   -1.860   -1.494
   -1.270   -1.200   -1.284   -1.528   -1.896   -2.359   -2.878   -3.410
   -3.900   -4.306   -4.582   -4.684   -4.610   -4.347   -3.891   -3.229
   -2.394   -1.407   -0.293    0.933    2.193    3.452    4.636
CT2003:180           -4.198   -3.463   -2.758   -2.093   -1.514   -1.078
   -0.777   -0.620   -0.610   -0.757   -1.026   -1.389   -1.812   -2.254
   -2.661   -2.997   -3.216   -3.283   -3.194   -2.938   -2.513   -1.905
   -1.143   -0.245    0.768    1.879    3.017    4.150    5.202
CT2003:175           -4.205   -3.409   -2.640   -1.907   -1.253   -0.731
   -0.333   -0.069    0.056    0.033   -0.110   -0.346   -0.645   -0.970
   -1.273   -1.520   -1.674   -1.702   -1.603   -1.367   -0.990   -0.458
    0.206    0.991    1.876    2.847    3.837    4.818    5.712
CT2003:170           -4.066   -3.241   -2.429   -1.647   -0.930   -0.329
    0.165    0.538    0.786    0.898    0.899    0.809    0.656    0.469
    0.290    0.147    0.069    0.082    0.190    0.400    0.719    1.162
    1.714    2.370    3.113    3.932    4.768    5.593    6.332
CT2003:165           -4.115   -3.232   -2.358   -1.508   -0.713   -0.018
    0.584    1.081    1.467    1.732    1.895    1.972    1.985    1.956
    1.918    1.893    1.902    1.961    2.077    2.256    2.506    2.845
    3.268    3.773    4.352    4.995    5.650    6.292    6.848
CT2003:160           -4.011   -3.107   -2.196   -1.300   -0.445    0.331
    1.031    1.645    2.167    2.585    2.913    3.164    3.352    3.492
    3.606    3.709    3.814    3.928    4.058    4.211    4.396    4.632
    4.924    5.277    5.689    6.156    6.633    7.099    7.488
CT2003:155           -4.028   -3.088   -2.132   -1.184   -0.264    0.595
    1.395    2.127    2.785    3.358    3.854    4.281    4.647    4.960
    5.230    5.469    5.676    5.853    6.006    6.139    6.265    6.400
    6.561    6.758    6.997    7.277    7.565    7.842    8.048
CT2003:150           -3.971   -3.018   -2.035   -1.051   -0.082    0.846
    1.732    2.570    3.351    4.066    4.719    5.312    5.848    6.328
    6.753    7.127    7.442    7.691    7.878    8.008    8.090    8.141
    8.184    8.238    8.314    8.418    8.529    8.629    8.666
CT2003:145           -4.017   -3.043   -2.028   -1.007    0.010    1.003
    1.969    2.902    3.796    4.641    5.436    6.181    6.874    7.507
    8.077    8.581    9.004    9.330    9.563    9.703    9.758    9.739
    9.679    9.601    9.521    9.449    9.377    9.292    9.145
CT2003:140           -4.010   -3.032   -2.003   -0.961    0.089    1.130
    2.159    3.170    4.157    5.111    6.028    6.903    7.731    8.499
    9.199    9.822   10.349   10.757   11.048   11.216   11.268   11.209
   11.076   10.895   10.688   10.471   10.244   10.003    9.704
CT2003:135           -4.129   -3.136   -2.086   -1.019    0.064    1.148
    2.232    3.309    4.376    5.422    6.442    7.426    8.367    9.249
   10.058   10.785   11.405   11.892   12.243   12.452   12.516   12.437
   12.252   11.990   11.675   11.322   10.947   10.550   10.087
CT2003:130           -4.173   -3.185   -2.134   -1.060    0.037    1.148
    2.268    3.393    4.519    5.637    6.737    7.808    8.838    9.810
   10.708   11.519   12.218   12.777   13.191   13.450   13.547   13.475
   13.273   12.966   12.581   12.134   11.649   11.136   10.549
CT2003:125           -4.193   -3.221   -2.177   -1.106   -0.005    1.120
    2.264    3.424    4.594    5.768    6.931    8.070    9.171   10.212
   11.177   12.054   12.818   13.440   13.916   14.233   14.382   14.347
   14.165   13.858   13.455   12.969   12.436   11.870   11.232
CT2003:120           -4.281   -3.324   -2.288   -1.222   -0.121    1.014
    2.175    3.361    4.567    5.785    6.997    8.188    9.340   10.430
   11.439   12.357   13.162   13.827   14.349   14.714   14.909   14.914
   14.758   14.460   14.046   13.523   12.933   12.300   11.576
CT2003:115           -4.275   -3.349   -2.336   -1.289   -0.198    0.935
    2.103    3.305    4.536    5.788    7.039    8.270    9.461   10.585
   11.622   12.567   13.399   14.096   14.660   15.076   15.330   15.399
   15.306   15.066   14.700   14.213   13.652   13.044   12.347
CT2003:110           -4.398   -3.491   -2.492   -1.455   -0.372    0.762
    1.937    3.155    4.409    5.691    6.974    8.236    9.452   10.593
   11.641   12.591   13.428   14.135   14.717   15.161   15.454   15.570
   15.524   15.325   14.990   14.514   13.945   13.316   12.573
CT2003:105           -4.448   -3.574   -2.600   -1.584   -0.515    0.612
    1.789    3.016    4.288    5.592    6.900    8.184    9.417   10.567
   11.616   12.562   13.394   14.101   14.693   15.161   15.491   15.658
   15.671   15.534   15.259   14.833   14.303   13.704   12.976
CT2003:100           -4.593   -3.740   -2.781   -1.778   -0.717    0.408
    1.588    2.825    4.112    5.435    6.763    8.063    9.307   10.459
   11.501   12.435   13.254   13.950   14.539   15.015   15.366   15.567
   15.624   15.536   15.309   14.922   14.417   13.833   13.092
CT2003:095           -4.677   -3.857   -2.922   -1.939   -0.892    0.226
    1.405    2.646    3.941    5.276    6.614    7.923    9.171   10.321
   11.355   12.276   13.079   13.762   14.343   14.819   15.183   15.411
   15.507   15.466   15.291   14.954   14.490   13.938   13.209
CT2003:090           -4.833   -4.034   -3.113   -2.140   -1.099    0.016
    1.197    2.442    3.742    5.083    6.427    7.739    8.988   10.133
   11.160   12.069   12.859   13.528   14.098   14.569   14.936   15.179
   15.303   15.300   15.170   14.881   14.459   13.943   13.229
CT2003:085           -5.015   -4.234   -3.321   -2.354   -1.316   -0.201
    0.981    2.228    3.530    4.870    6.212    7.521    8.765    9.904
   10.923   11.824   12.603   13.261   13.820   14.282   14.647   14.897
   15.039   15.067   14.977   14.735   14.358   13.883   13.193
CT2003:080           -5.175   -4.415   -3.514   -2.554   -1.519   -0.404
    0.777    2.021    3.318    4.651    5.983    7.280    8.512    9.641
   10.651   11.544   12.315   12.964   13.513   13.967   14.327   14.581
   14.737   14.790   14.737   14.542   14.214   13.786   13.132
CT2003:075           -5.373   -4.627   -3.731   -2.774   -1.737   -0.619
    0.562    1.803    3.092    4.411    5.725    7.003    8.216    9.329
   10.326   11.209   11.972   12.614   13.157   13.604   13.961   14.219
   14.388   14.466   14.449   14.301   14.025   13.649   13.041
CT2003:070           -5.538   -4.815   -3.929   -2.978   -1.943   -0.826
    0.353    1.586    2.861    4.158    5.446    6.695    7.879    8.966
    9.942   10.809   11.561   12.196   12.733   13.178   13.536   13.802
   13.987   14.091   14.110   14.011   13.787   13.466   12.909
CT2003:065           -5.689   -4.991   -4.119   -3.177   -2.146   -1.032
    0.141    1.362    2.618    3.887    5.139    6.349    7.494    8.545
    9.490   10.334   11.070   11.696   12.231   12.681   13.049   13.333
   13.544   13.683   13.747   13.702   13.541   13.285   12.791
CT2003:060           -5.859   -5.188   -4.332   -3.401   -2.377   -1.269
   -0.107    1.098    2.328    3.562    4.772    5.933    7.028    8.031
    8.935    9.745   10.459   11.075   11.610   12.070   12.457   12.769
   13.015   13.196   13.310   13.323   13.223   13.031   12.600
CT2003:055           -6.139   -5.476   -4.624   -3.696   -2.676   -1.574
   -0.423    0.762    1.963    3.156    4.315    5.420    6.455    7.401
    8.256    9.027    9.714   10.321   10.861   11.339   11.756   12.108
   12.402   12.636   12.807   12.881   12.844   12.715   12.345
CT2003:050           -6.318   -5.688   -4.863   -3.960   -2.963   -1.886
   -0.765    0.383    1.538    2.674    3.770    4.807    5.773    6.654
    7.452    8.180    8.841    9.441    9.993   10.499   10.960   11.368
   11.725   12.027   12.268   12.416   12.454   12.399   12.102
CT2003:045           -6.680   -6.055   -5.240   -4.351   -3.372   -2.322
   -1.236   -0.134    0.966    2.036    3.060    4.021    4.913    5.727
    6.469    7.155    7.795    8.395    8.967    9.512   10.026   10.500
   10.929   11.305   11.621   11.840   11.946   11.956   11.714
CT2003:040           -6.872   -6.290   -5.518   -4.674   -3.743   -2.749
   -1.728   -0.698    0.320    1.304    2.237    3.110    3.919    4.663
    5.352    6.004    6.632    7.245    7.851    8.450    9.035    9.591
   10.110   10.579   10.987   11.296   11.490   11.586   11.426
CT2003:035           -7.120   -6.576   -5.851   -5.057   -4.185   -3.261
   -2.321   -1.382   -0.464    0.414    1.243    2.018    2.741    3.416
    4.059    4.687    5.315    5.955    6.608    7.272    7.936    8.582
    9.195    9.758   10.258   10.653   10.926   11.095   10.996
CT2003:030           -7.324   -6.832   -6.166   -5.438   -4.641   -3.807
   -2.968   -2.142   -1.344   -0.590    0.120    0.788    1.422    2.033
    2.639    3.257    3.902    4.585    5.302    6.046    6.803    7.552
    8.273    8.945    9.552   10.050   10.419   10.682   10.670
CT2003:025           -7.464   -7.038   -6.448   -5.801   -5.096   -4.369
   -3.651   -2.956   -2.296   -1.681   -1.101   -0.548   -0.006    0.544
    1.121    1.740    2.416    3.154    3.946    4.779    5.638    6.496
    7.329    8.113    8.831    9.433    9.901   10.259   10.333
CT2003:020           -7.670   -7.301   -6.781   -6.213   -5.600   -4.984
   -4.391   -3.833   -3.318   -2.847   -2.401   -1.963   -1.512   -1.018
   -0.463    0.165    0.879    1.682    2.555    3.484    4.447    5.416
    6.363    7.261    8.090    8.799    9.367    9.820    9.983
CT2003:015           -7.807   -7.506   -7.067   -6.587   -6.076   -5.577
   -5.114   -4.698   -4.331   -4.004   -3.693   -3.369   -3.005   -2.565
   -2.028   -1.388   -0.633    0.236    1.193    2.219    3.289    4.372
    5.436    6.453    7.399    8.222    8.900    9.461    9.728
CT2003:010           -8.003   -7.758   -7.389   -6.989   -6.571   -6.183
   -5.842   -5.559   -5.330   -5.139   -4.953   -4.736   -4.455   -4.067
   -3.551   -2.903   -2.112   -1.183   -0.150    0.965    2.133    3.322
    4.493    5.618    6.670    7.592    8.365    9.016    9.368
CT2003:005           -8.107   -7.930   -7.640   -7.325   -7.002   -6.721
   -6.498   -6.339   -6.236   -6.170   -6.097   -5.979   -5.777   -5.441
   -4.949   -4.301   -3.484   -2.508   -1.409   -0.214    1.045    2.332
    3.605    4.833    5.986    7.006    7.871    8.613    9.052
CT2004:360           -8.281   -8.152   -7.924   -7.676   -7.430   -7.239
   -7.112   -7.056   -7.058   -7.094   -7.118   -7.085   -6.953   -6.667
   -6.205   -5.565   -4.737   -3.726   -2.577   -1.317    0.019    1.391
    2.754    4.073    5.314    6.418    7.362    8.181    8.696
