CT2021:360           -7.888   -7.617   -7.238   -6.816   -6.344   -5.807
   -5.200   -4.512   -3.740   -2.890   -2.004   -1.128   -0.307    0.406
    0.991    1.453    1.807    2.086    2.339    2.598    2.887    3.225
    3.608    4.031    4.485    4.965    5.450    5.928    6.367
CT2021:355           -7.946   -7.715   -7.384   -7.016   -6.602   -6.125
   -5.578   -4.945   -4.222   -3.413   -2.562   -1.715   -0.920   -0.229
    0.334    0.777    1.117    1.391    1.650    1.930    2.255    2.645
    3.091    3.584    4.114    4.670    5.227    5.773    6.269
CT2021:350           -8.021   -7.818   -7.526   -7.201   -6.837   -6.415
   -5.926   -5.351   -4.684   -3.925   -3.117   -2.306   -1.539   -0.869
   -0.320    0.115    0.453    0.733    1.007    1.310    1.669    2.104
    2.603    3.157    3.752    4.374    4.995    5.603    6.149
CT2021:345           -7.995   -7.833   -7.585   -7.306   -6.992   -6.626
   -6.195   -5.682   -5.076   -4.376   -3.622   -2.857   -2.126   -1.480
   -0.944   -0.512   -0.167    0.127    0.421    0.750    1.140    1.611
    2.153    2.755    3.400    4.076    4.748    5.404    5.987
CT2021:340           -8.035   -7.888   -7.662   -7.408   -7.123   -6.794
   -6.408   -5.945   -5.396   -4.755   -4.058   -3.343   -2.653   -2.034
   -1.511   -1.078   -0.721   -0.407   -0.088    0.269    0.690    1.195
    1.775    2.417    3.108    3.833    4.554    5.258    5.883
CT2021:335           -8.010   -7.882   -7.673   -7.438   -7.175   -6.873
   -6.521   -6.101   -5.602   -5.018   -4.380   -3.722   -3.080   -2.495
   -1.990   -1.561   -1.196   -0.864   -0.523   -0.141    0.303    0.832
    1.436    2.105    2.824    3.579    4.329    5.060    5.705
CT2021:330           -8.011   -7.883   -7.673   -7.437   -7.175   -6.879
   -6.542   -6.147   -5.684   -5.147   -4.563   -3.959   -3.366   -2.820
   -2.339   -1.920   -1.552   -1.205   -0.846   -0.444    0.021    0.569
    1.193    1.884    2.628    3.411    4.192    4.954    5.628
CT2021:325           -8.002   -7.865   -7.643   -7.393   -7.117   -6.812
   -6.471   -6.083   -5.641   -5.139   -4.599   -4.044   -3.501   -2.998
   -2.548   -2.148   -1.786   -1.437   -1.070   -0.660   -0.187    0.368
    0.998    1.695    2.446    3.238    4.028    4.799    5.478
CT2021:320           -7.967   -7.815   -7.572   -7.297   -6.994   -6.662
   -6.302   -5.904   -5.464   -4.981   -4.472   -3.958   -3.458   -2.996
   -2.581   -2.206   -1.860   -1.519   -1.155   -0.746   -0.274    0.279
    0.908    1.605    2.359    3.158    3.958    4.740    5.433
CT2021:315           -7.871   -7.707   -7.440   -7.138   -6.801   -6.434
   -6.042   -5.620   -5.168   -4.688   -4.196   -3.709   -3.244   -2.820
   -2.439   -2.095   -1.773   -1.451   -1.104   -0.710   -0.252    0.287
    0.903    1.590    2.335    3.130    3.930    4.715    5.415
CT2021:310           -7.807   -7.619   -7.317   -6.975   -6.593   -6.180
   -5.743   -5.283   -4.803   -4.308   -3.815   -3.339   -2.896   -2.498
   -2.149   -1.835   -1.543   -1.250   -0.930   -0.564   -0.133    0.380
    0.970    1.633    2.359    3.138    3.927    4.704    5.402
CT2021:305           -7.666   -7.461   -7.130   -6.754   -6.331   -5.872
   -5.390   -4.887   -4.371   -3.850   -3.343   -2.864   -2.426   -2.044
   -1.716   -1.429   -1.167   -0.906   -0.621   -0.290    0.103    0.580
    1.137    1.771    2.471    3.232    4.009    4.778    5.481
CT2021:300           -7.582   -7.347   -6.979   -6.563   -6.095   -5.588
   -5.057   -4.509   -3.950   -3.394   -2.859   -2.361   -1.913   -1.531
   -1.212   -0.942   -0.705   -0.477   -0.231    0.056    0.403    0.833
    1.344    1.934    2.594    3.320    4.068    4.813    5.500
CT2021:295           -7.495   -7.230   -6.827   -6.374   -5.866   -5.319
   -4.747   -4.158   -3.560   -2.968   -2.399   -1.871   -1.400   -1.002
   -0.677   -0.410   -0.188    0.013    0.224    0.467    0.765    1.143
    1.601    2.139    2.752    3.436    4.149    4.863    5.529
CT2021:290           -7.399   -7.105   -6.672   -6.189   -5.652   -5.076
   -4.476   -3.859   -3.232   -2.608   -2.005   -1.443   -0.938   -0.510
   -0.161    0.119    0.342    0.531    0.715    0.921    1.173    1.498
    1.901    2.385    2.946    3.585    4.257    4.935    5.575
CT2021:285           -7.320   -6.995   -6.535   -6.028   -5.471   -4.880
   -4.267   -3.637   -2.995   -2.352   -1.723   -1.128   -0.583   -0.113
    0.275    0.587    0.830    1.022    1.195    1.374    1.587    1.863
    2.213    2.643    3.151    3.741    4.370    5.009    5.620
CT2021:280           -7.217   -6.868   -6.392   -5.872   -5.309   -4.719
   -4.112   -3.489   -2.852   -2.205   -1.563   -0.941   -0.358    0.160
    0.599    0.960    1.242    1.457    1.637    1.807    1.994    2.232
    2.536    2.917    3.375    3.918    4.504    5.104    5.683
CT2021:275           -7.072   -6.707   -6.225   -5.705   -5.150   -4.578
   -3.995   -3.399   -2.787   -2.156   -1.516   -0.879   -0.264    0.302
    0.800    1.222    1.560    1.818    2.024    2.203    2.383    2.599
    2.873    3.219    3.640    4.150    4.707    5.283    5.849
CT2021:270           -6.966   -6.581   -6.094   -5.576   -5.035   -4.489
   -3.941   -3.384   -2.812   -2.212   -1.588   -0.950   -0.314    0.295
    0.850    1.336    1.738    2.051    2.298    2.501    2.688    2.895
    3.148    3.464    3.852    4.325    4.847    5.387    5.922
CT2021:265           -6.820   -6.424   -5.941   -5.434   -4.916   -4.407
   -3.903   -3.397   -2.875   -2.320   -1.728   -1.103   -0.460    0.179
    0.782    1.329    1.795    2.168    2.467    2.708    2.917    3.129
    3.375    3.675    4.039    4.482    4.970    5.476    5.976
CT2021:260           -6.709   -6.295   -5.810   -5.312   -4.814   -4.339
   -3.880   -3.424   -2.955   -2.450   -1.897   -1.299   -0.662   -0.009
    0.629    1.223    1.747    2.181    2.535    2.824    3.069    3.303
    3.559    3.858    4.211    4.636    5.101    5.581    6.052
CT2021:255           -6.572   -6.146   -5.664   -5.176   -4.700   -4.259
   -3.842   -3.435   -3.018   -2.564   -2.058   -1.495   -0.882   -0.233
    0.417    1.040    1.606    2.089    2.495    2.832    3.118    3.381
    3.654    3.957    4.304    4.707    5.141    5.583    6.004
CT2021:250           -6.453   -6.007   -5.520   -5.035   -4.573   -4.156
   -3.771   -3.402   -3.029   -2.621   -2.161   -1.641   -1.062   -0.435
    0.209    0.841    1.431    1.953    2.405    2.791    3.126    3.432
    3.738    4.064    4.423    4.825    5.250    5.677    6.076
CT2021:245           -6.248   -5.794   -5.310   -4.831   -4.381   -3.985
   -3.625   -3.287   -2.951   -2.585   -2.171   -1.697   -1.164   -0.574
    0.044    0.663    1.259    1.803    2.291    2.724    3.109    3.464
    3.814    4.177    4.562    4.979    5.410    5.840    6.237
CT2021:240           -6.119   -5.641   -5.142   -4.654   -4.201   -3.808
   -3.457   -3.135   -2.821   -2.487   -2.114   -1.687   -1.205   -0.665
   -0.090    0.499    1.080    1.630    2.140    2.608    3.037    3.438
    3.830    4.226    4.635    5.063    5.495    5.918    6.298
CT2021:235           -5.946   -5.445   -4.931   -4.429   -3.967   -3.568
   -3.217   -2.900   -2.599   -2.290   -1.953   -1.573   -1.144   -0.662
   -0.140    0.405    0.959    1.503    2.025    2.520    2.990    3.438
    3.877    4.316    4.761    5.216    5.667    6.108    6.501
CT2021:230           -5.806   -5.275   -4.735   -4.209   -3.726   -3.310
   -2.946   -2.624   -2.327   -2.036   -1.730   -1.395   -1.022   -0.601
   -0.139    0.355    0.870    1.394    1.914    2.424    2.920    3.402
    3.875    4.344    4.813    5.281    5.735    6.174    6.555
CT2021:225           -5.736   -5.158   -4.577   -4.013   -3.494   -3.048
   -2.660   -2.322   -2.020   -1.739   -1.459   -1.164   -0.842   -0.480
   -0.079    0.360    0.832    1.329    1.839    2.352    2.864    3.368
    3.865    4.355    4.840    5.314    5.768    6.199    6.563
CT2021:220           -5.590   -4.977   -4.360   -3.760   -3.207   -2.731
   -2.316   -1.961   -1.653   -1.380   -1.123   -0.864   -0.591   -0.285
    0.061    0.447    0.876    1.343    1.836    2.345    2.861    3.377
    3.889    4.394    4.890    5.370    5.825    6.254    6.609
CT2021:215           -5.474   -4.813   -4.151   -3.508   -2.914   -2.402
   -1.958   -1.583   -1.266   -1.000   -0.763   -0.538   -0.306   -0.050
    0.244    0.582    0.968    1.401    1.867    2.358    2.862    3.370
    3.875    4.372    4.859    5.325    5.760    6.166    6.491
CT2021:210           -5.332   -4.633   -3.930   -3.247   -2.612   -2.062
   -1.588   -1.190   -0.862   -0.598   -0.375   -0.173    0.026    0.245
    0.500    0.799    1.151    1.554    1.996    2.465    2.953    3.448
    3.943    4.432    4.913    5.374    5.804    6.206    6.525
CT2021:205           -5.250   -4.503   -3.752   -3.021   -2.339   -1.749
   -1.240   -0.817   -0.474   -0.207    0.009    0.194    0.371    0.564
    0.791    1.062    1.385    1.759    2.171    2.611    3.070    3.538
    4.007    4.474    4.935    5.379    5.793    6.178    6.479
CT2021:200           -5.122   -4.340   -3.550   -2.779   -2.058   -1.431
   -0.893   -0.447   -0.091    0.180    0.393    0.570    0.735    0.912
    1.121    1.373    1.673    2.021    2.403    2.811    3.234    3.667
    4.104    4.544    4.984    5.414    5.819    6.198    6.497
CT2021:195           -5.065   -4.240   -3.406   -2.591   -1.828   -1.165
   -0.596   -0.127    0.246    0.525    0.741    0.917    1.078    1.249
    1.450    1.689    1.972    2.295    2.645    3.014    3.394    3.784
    4.180    4.584    4.994    5.402    5.792    6.158    6.447
CT2021:190           -4.963   -4.109   -3.243   -2.396   -1.602   -0.911
   -0.319    0.167    0.552    0.839    1.060    1.239    1.402    1.573
    1.772    2.004    2.273    2.573    2.892    3.222    3.559    3.904
    4.260    4.630    5.014    5.407    5.789    6.152    6.445
CT2021:185           -4.890   -4.010   -3.116   -2.241   -1.420   -0.706
   -0.095    0.406    0.801    1.095    1.322    1.506    1.673    1.848
    2.047    2.275    2.532    2.811    3.100    3.393    3.690    3.995
    4.315    4.655    5.018    5.401    5.783    6.150    6.456
CT2021:180           -4.821   -3.922   -3.009   -2.116   -1.277   -0.549
    0.074    0.584    0.985    1.283    1.513    1.700    1.870    2.047
    2.244    2.466    2.710    2.968    3.230    3.491    3.753    4.024
    4.314    4.631    4.979    5.357    5.740    6.113    6.431
CT2021:175           -4.699   -3.800   -2.884   -1.987   -1.144   -0.413
    0.210    0.720    1.120    1.416    1.643    1.828    1.996    2.169
    2.360    2.572    2.803    3.043    3.284    3.523    3.764    4.018
    4.297    4.610    4.961    5.355    5.763    6.167    6.525
CT2021:170           -4.665   -3.760   -2.840   -1.940   -1.096   -0.366
    0.256    0.762    1.158    1.449    1.670    1.847    2.006    2.167
    2.345    2.540    2.752    2.973    3.196    3.419    3.647    3.893
    4.169    4.485    4.844    5.251    5.677    6.100    6.479
CT2021:165           -4.574   -3.682   -2.775   -1.888   -1.058   -0.341
    0.267    0.761    1.143    1.421    1.629    1.791    1.933    2.074
    2.230    2.403    2.593    2.795    3.005    3.222    3.452    3.708
    4.001    4.340    4.727    5.168    5.631    6.095    6.517
CT2021:160           -4.572   -3.686   -2.790   -1.916   -1.100   -0.399
    0.194    0.671    1.038    1.300    1.491    1.633    1.752    1.867
    1.994    2.138    2.303    2.486    2.686    2.903    3.143    3.420
    3.739    4.110    4.532    5.009    5.508    6.006    6.459
CT2021:155           -4.578   -3.704   -2.825   -1.971   -1.177   -0.500
    0.069    0.524    0.870    1.111    1.278    1.397    1.488    1.571
    1.664    1.776    1.913    2.078    2.271    2.495    2.755    3.064
    3.425    3.842    4.313    4.841    5.389    5.934    6.429
CT2021:150           -4.605   -3.746   -2.890   -2.060   -1.295   -0.647
   -0.107    0.320    0.638    0.853    0.994    1.083    1.143    1.192
    1.249    1.327    1.436    1.584    1.773    2.009    2.296    2.646
    3.057    3.529    4.058    4.641    5.241    5.834    6.365
CT2021:145           -4.720   -3.865   -3.024   -2.214   -1.474   -0.855
   -0.346    0.050    0.338    0.523    0.633    0.690    0.716    0.729
    0.750    0.795    0.878    1.013    1.204    1.458    1.780    2.181
    2.653    3.192    3.789    4.440    5.101    5.751    6.326
CT2021:140           -4.769   -3.937   -3.126   -2.349   -1.645   -1.066
   -0.596   -0.241    0.007    0.152    0.223    0.240    0.225    0.198
    0.181    0.193    0.252    0.379    0.578    0.857    1.222    1.681
    2.221    2.834    3.506    4.226    4.948    5.652    6.266
CT2021:135           -4.939   -4.109   -3.313   -2.556   -1.879   -1.333
   -0.901   -0.585   -0.380   -0.279   -0.254   -0.283   -0.345   -0.416
   -0.472   -0.491   -0.449   -0.323   -0.106    0.209    0.628    1.156
    1.775    2.470    3.223    4.017    4.804    5.566    6.220
CT2021:130           -5.004   -4.199   -3.435   -2.712   -2.073   -1.568
   -1.182   -0.915   -0.762   -0.717   -0.750   -0.838   -0.957   -1.081
   -1.181   -1.231   -1.203   -1.069   -0.825   -0.461    0.023    0.632
    1.336    2.119    2.956    3.824    4.673    5.489    6.177
CT2021:125           -5.138   -4.345   -3.600   -2.900   -2.290   -1.820
   -1.473   -1.253   -1.153   -1.168   -1.265   -1.420   -1.604   -1.787
   -1.933   -2.014   -1.994   -1.843   -1.558   -1.132   -0.569    0.129
    0.929    1.804    2.728    3.672    4.583    5.453    6.175
CT2021:120           -5.211   -4.442   -3.723   -3.051   -2.471   -2.036
   -1.730   -1.556   -1.509   -1.587   -1.754   -1.982   -2.239   -2.487
   -2.682   -2.793   -2.777   -2.602   -2.267   -1.772   -1.123   -0.329
    0.566    1.531    2.536    3.544    4.507    5.418    6.163
CT2021:115           -5.263   -4.520   -3.825   -3.178   -2.623   -2.216
   -1.942   -1.808   -1.809   -1.945   -2.178   -2.477   -2.805   -3.116
   -3.359   -3.496   -3.480   -3.273   -2.884   -2.313   -1.576   -0.688
    0.299    1.349    2.427    3.495    4.503    5.451    6.218
CT2021:110           -5.338   -4.615   -3.937   -3.305   -2.766   -2.375
   -2.122   -2.013   -2.048   -2.228   -2.514   -2.872   -3.259   -3.623
   -3.904   -4.061   -4.040   -3.802   -3.360   -2.721   -1.905   -0.937
    0.125    1.241    2.373    3.478    4.511    5.476    6.248
CT2021:105           -5.399   -4.695   -4.031   -3.409   -2.877   -2.492
   -2.245   -2.146   -2.196   -2.400   -2.716   -3.109   -3.533   -3.930
   -4.234   -4.399   -4.368   -4.101   -3.615   -2.922   -2.047   -1.021
    0.091    1.248    2.409    3.530    4.569    5.536    6.300
CT2021:100           -5.471   -4.782   -4.124   -3.504   -2.967   -2.574
   -2.317   -2.207   -2.249   -2.448   -2.764   -3.160   -3.589   -3.990
   -4.293   -4.450   -4.403   -4.112   -3.597   -2.871   -1.966   -0.915
    0.215    1.380    2.542    3.653    4.679    5.629    6.376
CT2021:095           -5.648   -4.954   -4.282   -3.645   -3.086   -2.664
   -2.374   -2.229   -2.233   -2.394   -2.673   -3.033   -3.428   -3.797
   -4.071   -4.201   -4.132   -3.825   -3.299   -2.572   -1.673   -0.639
    0.465    1.596    2.717    3.783    4.761    5.662    6.359
CT2021:090           -5.720   -5.036   -4.359   -3.711   -3.131   -2.676
   -2.344   -2.148   -2.093   -2.188   -2.396   -2.684   -3.008   -3.310
   -3.526   -3.610   -3.510   -3.191   -2.671   -1.967   -1.107   -0.125
    0.919    1.986    3.043    4.047    4.968    5.818    6.476
CT2021:085           -5.894   -5.203   -4.507   -3.832   -3.216   -2.712
   -2.319   -2.052   -1.914   -1.913   -2.018   -2.198   -2.415   -2.617
   -2.749   -2.769   -2.632   -2.307   -1.811   -1.158   -0.372    0.517
    1.459    2.420    3.371    4.276    5.104    5.865    6.446
CT2021:080           -5.971   -5.288   -4.582   -3.889   -3.240   -2.687
   -2.230   -1.883   -1.649   -1.536   -1.516   -1.564   -1.648   -1.725
   -1.750   -1.689   -1.506   -1.176   -0.712   -0.123    0.569    1.345
    2.166    3.004    3.839    4.640    5.379    6.062    6.589
CT2021:075           -6.048   -5.377   -4.662   -3.951   -3.269   -2.664
   -2.140   -1.707   -1.370   -1.133   -0.976   -0.876   -0.810   -0.747
   -0.652   -0.500   -0.265    0.070    0.497    1.009    1.593    2.237
    2.916    3.612    4.310    4.988    5.621    6.208    6.662
CT2021:070           -6.137   -5.476   -4.752   -4.021   -3.306   -2.649
   -2.057   -1.538   -1.095   -0.732   -0.433   -0.181    0.040    0.251
    0.473    0.723    1.016    1.360    1.752    2.189    2.664    3.175
    3.710    4.263    4.825    5.383    5.914    6.412    6.806
CT2021:065           -6.208   -5.564   -4.836   -4.092   -3.349   -2.647
   -1.992   -1.393   -0.852   -0.370    0.064    0.462    0.833    1.187
    1.535    1.883    2.236    2.594    2.956    3.324    3.698    4.082
    4.480    4.894    5.323    5.765    6.197    6.608    6.943
CT2021:060           -6.314   -5.685   -4.953   -4.197   -3.428   -2.684
   -1.974   -1.303   -0.673   -0.084    0.472    1.002    1.509    1.996
    2.461    2.902    3.315    3.691    4.033    4.344    4.631    4.904
    5.180    5.470    5.780    6.115    6.455    6.787    7.067
CT2021:055           -6.430   -5.818   -5.087   -4.323   -3.536   -2.758
   -2.002   -1.272   -0.568    0.110    0.768    1.409    2.033    2.634
    3.200    3.725    4.194    4.592    4.924    5.194    5.413    5.597
    5.774    5.961    6.170    6.414    6.675    6.936    7.167
CT2021:050           -6.555   -5.963   -5.239   -4.473   -3.674   -2.873
   -2.082   -1.306   -0.545    0.203    0.942    1.672    2.388    3.079
    3.728    4.322    4.840    5.261    5.593    5.839    6.013    6.135
    6.240    6.351    6.485    6.658    6.856    7.061    7.253
CT2021:045           -6.683   -6.118   -5.405   -4.645   -3.841   -3.025
   -2.210   -1.401   -0.599    0.200    0.997    1.790    2.572    3.328
    4.037    4.682    5.238    5.683    6.021    6.259    6.411    6.499
    6.562    6.626    6.711    6.836    6.991    7.158    7.321
CT2021:040           -6.826   -6.289   -5.592   -4.844   -4.043   -3.220
   -2.391   -1.560   -0.729    0.105    0.940    1.774    2.597    3.393
    4.138    4.814    5.394    5.856    6.206    6.449    6.600    6.679
    6.728    6.773    6.836    6.938    7.069    7.212    7.358
CT2021:035           -6.958   -6.456   -5.784   -5.054   -4.265   -3.443
   -2.608   -1.765   -0.916   -0.061    0.798    1.653    2.496    3.307
    4.064    4.750    5.340    5.813    6.175    6.432    6.598    6.693
    6.755    6.810    6.878    6.981    7.111    7.253    7.399
CT2021:030           -7.114   -6.648   -6.004   -5.298   -4.525   -3.710
   -2.874   -2.024   -1.163   -0.294    0.577    1.442    2.287    3.095
    3.844    4.521    5.104    5.577    5.948    6.223    6.415    6.541
    6.635    6.720    6.814    6.936    7.080    7.232    7.383
CT2021:025           -7.265   -6.838   -6.229   -5.553   -4.803   -4.001
   -3.171   -2.319   -1.451   -0.572    0.306    1.170    2.009    2.799
    3.525    4.177    4.740    5.202    5.576    5.869    6.093    6.261
    6.403    6.536    6.675    6.835    7.010    7.189    7.361
CT2021:020           -7.427   -7.043   -6.472   -5.832   -5.112   -4.330
   -3.510   -2.661   -1.788   -0.902   -0.019    0.844    1.671    2.439
    3.133    3.750    4.282    4.726    5.096    5.404    5.659    5.875
    6.073    6.264    6.460    6.669    6.886    7.102    7.299
CT2021:015           -7.550   -7.217   -6.694   -6.099   -5.419   -4.667
   -3.868   -3.028   -2.157   -1.267   -0.381    0.481    1.297    2.042
    2.704    3.285    3.782    4.201    4.564    4.882    5.168    5.433
    5.691    5.948    6.211    6.484    6.757    7.026    7.265
CT2021:010           -7.709   -7.422   -6.948   -6.400   -5.765   -5.049
   -4.276   -3.454   -2.590   -1.699   -0.810    0.052    0.862    1.591
    2.226    2.775    3.239    3.634    3.985    4.310    4.622    4.932
    5.247    5.569    5.900    6.236    6.568    6.889    7.168
CT2021:005           -7.802   -7.573   -7.158   -6.669   -6.090   -5.424
   -4.692   -3.899   -3.055   -2.172   -1.284   -0.422    0.386    1.105
    1.724    2.251    2.692    3.068    3.412    3.744    4.080    4.434
    4.806    5.195    5.597    6.007    6.408    6.796    7.132
CT2022:360           -7.943   -7.762   -7.401   -6.969   -6.448   -5.837
   -5.154   -4.401   -3.585   -2.719   -1.839   -0.977   -0.168    0.550
    1.165    1.682    2.112    2.479    2.820    3.160    3.519    3.910
    4.331    4.780    5.247    5.722    6.186    6.633    7.018
