CT2045:360           -7.151   -6.671   -6.153   -5.640   -5.163   -4.763
   -4.438   -4.191   -4.016   -3.905   -3.834   -3.778   -3.717   -3.622
   -3.472   -3.255   -2.956   -2.568   -2.102   -1.566   -0.970   -0.320
    0.366    1.079    1.810    2.550    3.274    3.973    4.580
CT2045:355           -7.185   -6.727   -6.227   -5.733   -5.272   -4.888
   -4.579   -4.348   -4.190   -4.099   -4.048   -4.013   -3.971   -3.890
   -3.749   -3.532   -3.223   -2.815   -2.322   -1.753   -1.119   -0.432
    0.291    1.038    1.798    2.560    3.299    4.008    4.615
CT2045:350           -7.232   -6.783   -6.292   -5.804   -5.348   -4.966
   -4.659   -4.429   -4.272   -4.183   -4.135   -4.104   -4.064   -3.985
   -3.842   -3.621   -3.304   -2.884   -2.377   -1.791   -1.139   -0.434
    0.306    1.069    1.842    2.614    3.358    4.068    4.670
CT2045:345           -7.215   -6.781   -6.297   -5.813   -5.356   -4.969
   -4.652   -4.409   -4.238   -4.132   -4.066   -4.018   -3.961   -3.867
   -3.710   -3.478   -3.155   -2.732   -2.226   -1.644   -0.998   -0.298
    0.437    1.196    1.966    2.735    3.476    4.183    4.779
CT2045:340           -7.237   -6.802   -6.310   -5.815   -5.341   -4.932
   -4.587   -4.313   -4.106   -3.961   -3.854   -3.764   -3.668   -3.539
   -3.355   -3.107   -2.779   -2.365   -1.878   -1.323   -0.710   -0.044
    0.658    1.386    2.130    2.876    3.595    4.282    4.858
CT2045:335           -7.223   -6.786   -6.281   -5.769   -5.272   -4.830
   -4.446   -4.125   -3.864   -3.660   -3.490   -3.336   -3.179   -2.998
   -2.776   -2.504   -2.173   -1.778   -1.325   -0.818   -0.260    0.349
    0.997    1.677    2.380    3.094    3.788    4.454    5.017
CT2045:330           -7.221   -6.772   -6.246   -5.707   -5.174   -4.687
   -4.250   -3.868   -3.538   -3.257   -3.006   -2.771   -2.538   -2.291
   -2.022   -1.725   -1.394   -1.026   -0.623   -0.181    0.301    0.831
    1.402    2.012    2.652    3.314    3.964    4.589    5.120
CT2045:325           -7.228   -6.759   -6.202   -5.627   -5.050   -4.509
   -4.008   -3.554   -3.144   -2.774   -2.431   -2.103   -1.784   -1.465
   -1.144   -0.821   -0.492   -0.156    0.191    0.558    0.955    1.394
    1.878    2.408    2.979    3.583    4.186    4.771    5.273
CT2045:320           -7.205   -6.717   -6.129   -5.515   -4.891   -4.291
   -3.724   -3.193   -2.698   -2.236   -1.798   -1.377   -0.972   -0.582
   -0.212    0.136    0.460    0.761    1.050    1.340    1.646    1.990
    2.381    2.824    3.316    3.853    4.397    4.930    5.392
CT2045:315           -7.183   -6.671   -6.046   -5.390   -4.715   -4.054
   -3.416   -2.808   -2.228   -1.676   -1.147   -0.640   -0.155    0.299
    0.712    1.082    1.401    1.670    1.905    2.124    2.349    2.605
    2.911    3.273    3.691    4.166    4.659    5.147    5.579
CT2045:310           -7.146   -6.611   -5.950   -5.252   -4.527   -3.806
   -3.101   -2.419   -1.761   -1.129   -0.521    0.061    0.612    1.116
    1.564    1.948    2.260    2.500    2.689    2.847    2.999    3.179
    3.405    3.690    4.036    4.445    4.879    5.314    5.702
CT2045:305           -7.125   -6.562   -5.862   -5.120   -4.344   -3.565
   -2.798   -2.049   -1.322   -0.621    0.052    0.693    1.294    1.836
    2.307    2.701    3.006    3.224    3.378    3.490    3.589    3.708
    3.872    4.096    4.382    4.737    5.122    5.513    5.868
CT2045:300           -7.080   -6.493   -5.759   -4.980   -4.160   -3.330
   -2.509   -1.705   -0.922   -0.169    0.552    1.234    1.867    2.432
    2.915    3.311    3.610    3.811    3.941    4.022    4.083    4.158
    4.274    4.447    4.682    4.987    5.324    5.669    5.985
CT2045:295           -7.083   -6.465   -5.695   -4.875   -4.012   -3.136
   -2.269   -1.418   -0.593    0.199    0.952    1.659    2.310    2.885
    3.371    3.766    4.059    4.250    4.366    4.430    4.469    4.516
    4.600    4.737    4.932    5.194    5.489    5.792    6.068
CT2045:290           -7.038   -6.400   -5.603   -4.755   -3.860   -2.952
   -2.052   -1.171   -0.318    0.495    1.264    1.980    2.634    3.208
    3.691    4.081    4.370    4.558    4.671    4.730    4.762    4.799
    4.867    4.983    5.154    5.386    5.650    5.921    6.166
CT2045:285           -7.005   -6.348   -5.528   -4.656   -3.737   -2.805
   -1.883   -0.984   -0.118    0.702    1.472    2.184    2.832    3.397
    3.872    4.257    4.545    4.736    4.854    4.921    4.959    4.999
    5.065    5.174    5.333    5.548    5.791    6.040    6.262
CT2045:280           -6.965   -6.294   -5.459   -4.572   -3.637   -2.693
   -1.762   -0.859    0.006    0.819    1.578    2.276    2.907    3.458
    3.923    4.302    4.591    4.790    4.922    5.004    5.058    5.112
    5.188    5.302    5.459    5.667    5.898    6.131    6.335
CT2045:275           -7.054   -6.362   -5.505   -4.596   -3.642   -2.684
   -1.745   -0.839    0.022    0.824    1.567    2.248    2.863    3.401
    3.859    4.240    4.539    4.757    4.915    5.028    5.117    5.204
    5.312    5.453    5.633    5.858    6.100    6.343    6.550
CT2045:270           -7.023   -6.324   -5.464   -4.553   -3.601   -2.650
   -1.723   -0.836    0.001    0.775    1.487    2.138    2.725    3.241
    3.686    4.063    4.369    4.604    4.787    4.929    5.049    5.167
    5.303    5.468    5.666    5.901    6.149    6.393    6.593
CT2045:265           -7.047   -6.336   -5.470   -4.558   -3.610   -2.670
   -1.762   -0.899   -0.092    0.648    1.324    1.940    2.497    2.989
    3.420    3.794    4.108    4.362    4.571    4.746    4.900    5.053
    5.220    5.412    5.631    5.879    6.132    6.375    6.565
CT2045:260           -7.026   -6.316   -5.456   -4.553   -3.620   -2.702
   -1.821   -0.991   -0.221    0.479    1.116    1.694    2.218    2.686
    3.103    3.473    3.795    4.069    4.306    4.516    4.709    4.901
    5.106    5.332    5.582    5.854    6.126    6.383    6.579
CT2045:255           -7.068   -6.351   -5.494   -4.600   -3.681   -2.786
   -1.933   -1.136   -0.403    0.258    0.856    1.398    1.891    2.335
    2.738    3.103    3.432    3.722    3.984    4.225    4.453    4.682
    4.922    5.180    5.457    5.749    6.033    6.298    6.487
CT2045:250           -7.056   -6.345   -5.502   -4.625   -3.729   -2.863
   -2.043   -1.282   -0.587    0.035    0.596    1.105    1.568    1.991
    2.380    2.740    3.072    3.377    3.661    3.930    4.192    4.458
    4.736    5.031    5.344    5.668    5.979    6.268    6.472
CT2045:245           -7.061   -6.357   -5.528   -4.670   -3.798   -2.960
   -2.172   -1.446   -0.785   -0.197    0.333    0.813    1.252    1.655
    2.030    2.383    2.716    3.028    3.328    3.619    3.909    4.206
    4.519    4.850    5.197    5.554    5.894    6.208    6.430
CT2045:240           -7.056   -6.361   -5.551   -4.713   -3.866   -3.057
   -2.299   -1.604   -0.974   -0.414    0.089    0.546    0.965    1.351
    1.713    2.057    2.386    2.701    3.009    3.315    3.625    3.950
    4.293    4.657    5.039    5.430    5.802    6.145    6.389
CT2045:235           -7.047   -6.364   -5.572   -4.755   -3.933   -3.151
   -2.422   -1.753   -1.149   -0.612   -0.129    0.309    0.712    1.084
    1.433    1.766    2.087    2.399    2.709    3.024    3.351    3.698
    4.070    4.468    4.886    5.316    5.727    6.109    6.389
CT2045:230           -7.046   -6.374   -5.599   -4.802   -4.002   -3.244
   -2.538   -1.892   -1.309   -0.790   -0.323    0.100    0.489    0.847
    1.182    1.502    1.810    2.114    2.420    2.736    3.071    3.434
    3.827    4.252    4.701    5.164    5.607    6.020    6.327
CT2045:225           -7.060   -6.395   -5.634   -4.852   -4.070   -3.332
   -2.644   -2.016   -1.448   -0.944   -0.490   -0.079    0.296    0.640
    0.961    1.265    1.559    1.851    2.150    2.465    2.805    3.182
    3.597    4.048    4.530    5.030    5.512    5.965    6.310
CT2045:220           -7.059   -6.404   -5.656   -4.890   -4.125   -3.403
   -2.732   -2.118   -1.564   -1.073   -0.632   -0.234    0.126    0.454
    0.756    1.042    1.318    1.595    1.883    2.193    2.534    2.920
    3.351    3.825    4.333    4.863    5.376    5.860    6.234
CT2045:215           -7.080   -6.429   -5.691   -4.935   -4.181   -3.470
   -2.809   -2.207   -1.663   -1.183   -0.755   -0.372   -0.028    0.280
    0.562    0.827    1.084    1.345    1.621    1.925    2.267    2.661
    3.107    3.600    4.133    4.691    5.234    5.747    6.149
CT2045:210           -7.076   -6.432   -5.702   -4.956   -4.213   -3.512
   -2.861   -2.268   -1.735   -1.268   -0.855   -0.490   -0.167    0.119
    0.378    0.620    0.856    1.100    1.365    1.663    2.006    2.408
    2.868    3.380    3.936    4.521    5.092    5.635    6.065
CT2045:205           -7.039   -6.406   -5.688   -4.953   -4.219   -3.527
   -2.886   -2.303   -1.782   -1.329   -0.934   -0.590   -0.291   -0.031
    0.201    0.418    0.633    0.861    1.114    1.407    1.751    2.161
    2.633    3.162    3.738    4.346    4.942    5.508    5.962
CT2045:200           -7.029   -6.399   -5.685   -4.954   -4.224   -3.537
   -2.901   -2.326   -1.816   -1.378   -1.003   -0.683   -0.410   -0.178
    0.027    0.219    0.413    0.625    0.869    1.159    1.506    1.924
    2.409    2.955    3.551    4.182    4.802    5.395    5.875
CT2045:195           -6.959   -6.341   -5.636   -4.914   -4.191   -3.511
   -2.883   -2.317   -1.820   -1.400   -1.047   -0.753   -0.509   -0.307
   -0.132    0.035    0.208    0.406    0.642    0.930    1.280    1.707
    2.205    2.767    3.382    4.035    4.679    5.297    5.805
CT2045:190           -6.940   -6.321   -5.616   -4.892   -4.169   -3.489
   -2.864   -2.305   -1.819   -1.415   -1.084   -0.815   -0.600   -0.428
   -0.280   -0.139    0.014    0.198    0.426    0.712    1.065    1.500
    2.009    2.585    3.215    3.886    4.550    5.190    5.721
CT2045:185           -6.906   -6.288   -5.581   -4.856   -4.131   -3.451
   -2.828   -2.274   -1.798   -1.411   -1.100   -0.856   -0.669   -0.525
   -0.404   -0.287   -0.154    0.016    0.236    0.519    0.874    1.315
    1.833    2.420    3.064    3.751    4.434    5.094    5.650
CT2045:180           -6.878   -6.254   -5.542   -4.812   -4.082   -3.399
   -2.775   -2.225   -1.757   -1.382   -1.089   -0.868   -0.704   -0.586
   -0.491   -0.397   -0.284   -0.128    0.081    0.358    0.712    1.155
    1.678    2.272    2.925    3.624    4.321    4.997    5.573
CT2045:175           -6.836   -6.208   -5.491   -4.756   -4.021   -3.333
   -2.707   -2.157   -1.693   -1.328   -1.048   -0.844   -0.700   -0.604
   -0.531   -0.459   -0.365   -0.227   -0.031    0.237    0.584    1.025
    1.549    2.147    2.807    3.517    4.228    4.920    5.517
CT2045:170           -6.799   -6.163   -5.437   -4.693   -3.949   -3.254
   -2.622   -2.069   -1.605   -1.243   -0.971   -0.777   -0.647   -0.567
   -0.513   -0.461   -0.388   -0.270   -0.092    0.160    0.494    0.926
    1.444    2.040    2.700    3.415    4.134    4.837    5.450
CT2045:165           -6.744   -6.102   -5.368   -4.616   -3.863   -3.160
   -2.520   -1.961   -1.493   -1.129   -0.857   -0.666   -0.543   -0.474
   -0.435   -0.401   -0.349   -0.254   -0.099    0.130    0.445    0.862
    1.368    1.958    2.617    3.335    4.062    4.777    5.408
CT2045:160           -6.699   -6.047   -5.301   -4.537   -3.773   -3.058
   -2.407   -1.838   -1.360   -0.988   -0.709   -0.514   -0.391   -0.327
   -0.298   -0.280   -0.250   -0.182   -0.056    0.144    0.432    0.826
    1.315    1.891    2.543    3.259    3.989    4.710    5.352
CT2045:155           -6.640   -5.978   -5.222   -4.446   -3.670   -2.943
   -2.281   -1.699   -1.208   -0.823   -0.533   -0.328   -0.198   -0.133
   -0.110   -0.107   -0.098   -0.058    0.037    0.204    0.462    0.830
    1.299    1.862    2.508    3.226    3.965    4.698    5.361
CT2045:150           -6.591   -5.917   -5.148   -4.359   -3.570   -2.830
   -2.153   -1.557   -1.052   -0.652   -0.346   -0.128    0.012    0.081
    0.099    0.091    0.078    0.089    0.149    0.281    0.503    0.840
    1.284    1.829    2.462    3.174    3.911    4.646    5.317
CT2045:145           -6.516   -5.833   -5.053   -4.253   -3.453   -2.701
   -2.012   -1.404   -0.884   -0.470   -0.149    0.083    0.234    0.309
    0.326    0.307    0.276    0.261    0.290    0.389    0.580    0.891
    1.314    1.846    2.473    3.188    3.936    4.685    5.381
CT2045:140           -6.466   -5.770   -4.977   -4.164   -3.351   -2.588
   -1.888   -1.268   -0.736   -0.309    0.024    0.268    0.429    0.508
    0.523    0.496    0.447    0.409    0.409    0.477    0.638    0.921
    1.322    1.837    2.451    3.159    3.903    4.651    5.350
CT2045:135           -6.426   -5.715   -4.908   -4.082   -3.257   -2.484
   -1.775   -1.146   -0.606   -0.170    0.172    0.424    0.591    0.673
    0.686    0.652    0.590    0.532    0.511    0.556    0.693    0.954
    1.337    1.836    2.439    3.140    3.879    4.625    5.326
CT2045:130           -6.375   -5.651   -4.833   -3.996   -3.162   -2.382
   -1.667   -1.034   -0.491   -0.052    0.293    0.547    0.716    0.798
    0.809    0.769    0.699    0.630    0.595    0.624    0.745    0.992
    1.360    1.848    2.441    3.134    3.868    4.610    5.311
CT2045:125           -6.343   -5.605   -4.774   -3.927   -3.085   -2.299
   -1.582   -0.949   -0.407    0.030    0.373    0.625    0.792    0.873
    0.881    0.839    0.765    0.691    0.649    0.669    0.781    1.016
    1.372    1.847    2.426    3.106    3.826    4.554    5.242
CT2045:120           -6.295   -5.546   -4.706   -3.851   -3.003   -2.216
   -1.501   -0.871   -0.335    0.095    0.432    0.679    0.842    0.920
    0.929    0.888    0.817    0.745    0.705    0.725    0.834    1.065
    1.415    1.882    2.452    3.123    3.835    4.557    5.241
CT2045:115           -6.255   -5.495   -4.646   -3.784   -2.933   -2.146
   -1.434   -0.811   -0.283    0.138    0.466    0.707    0.866    0.944
    0.955    0.920    0.856    0.793    0.759    0.784    0.894    1.122
    1.466    1.923    2.482    3.140    3.839    4.548    5.221
CT2045:110           -6.215   -5.446   -4.590   -3.723   -2.870   -2.086
   -1.379   -0.763   -0.245    0.167    0.487    0.721    0.878    0.958
    0.977    0.952    0.900    0.849    0.826    0.859    0.973    1.199
    1.537    1.985    2.533    3.178    3.866    4.564    5.231
CT2045:105           -6.202   -5.421   -4.557   -3.684   -2.828   -2.045
   -1.343   -0.735   -0.224    0.180    0.493    0.724    0.882    0.967
    0.996    0.984    0.948    0.911    0.901    0.942    1.058    1.281
    1.609    2.044    2.574    3.200    3.869    4.547    5.196
CT2045:100           -6.172   -5.385   -4.517   -3.641   -2.785   -2.006
   -1.309   -0.708   -0.205    0.192    0.501    0.731    0.892    0.986
    1.027    1.032    1.013    0.993    0.997    1.048    1.168    1.388
    1.708    2.131    2.646    3.256    3.910    4.575    5.214
CT2045:095           -6.167   -5.373   -4.501   -3.623   -2.766   -1.989
   -1.297   -0.701   -0.204    0.188    0.494    0.725    0.891    0.994
    1.049    1.070    1.069    1.066    1.084    1.143    1.265    1.479
    1.787    2.192    2.686    3.271    3.898    4.536    5.149
CT2045:090           -6.150   -5.353   -4.480   -3.601   -2.745   -1.971
   -1.284   -0.693   -0.201    0.187    0.491    0.723    0.893    1.005
    1.074    1.112    1.130    1.145    1.179    1.250    1.378    1.591
    1.893    2.286    2.765    3.333    3.945    4.569    5.171
CT2045:085           -6.157   -5.358   -4.484   -3.604   -2.749   -1.978
   -1.293   -0.707   -0.219    0.165    0.467    0.698    0.871    0.990
    1.069    1.121    1.157    1.191    1.241    1.324    1.460    1.673
    1.967    2.346    2.807    3.353    3.940    4.539    5.116
CT2045:080           -6.156   -5.358   -4.485   -3.607   -2.755   -1.987
   -1.307   -0.724   -0.242    0.137    0.434    0.662    0.834    0.956
    1.043    1.108    1.160    1.213    1.283    1.384    1.533    1.753
    2.048    2.422    2.874    3.407    3.981    4.568    5.136
CT2045:075           -6.196   -5.395   -4.521   -3.644   -2.792   -2.026
   -1.349   -0.770   -0.292    0.082    0.373    0.595    0.763    0.884
    0.976    1.050    1.116    1.188    1.278    1.399    1.564    1.794
    2.092    2.463    2.905    3.424    3.982    4.551    5.101
CT2045:070           -6.213   -5.418   -4.550   -3.677   -2.831   -2.070
   -1.398   -0.826   -0.354    0.012    0.295    0.509    0.670    0.789
    0.881    0.962    1.041    1.132    1.244    1.387    1.573    1.818
    2.127    2.503    2.944    3.458    4.009    4.571    5.115
CT2045:065           -6.245   -5.456   -4.595   -3.729   -2.890   -2.135
   -1.470   -0.903   -0.439   -0.080    0.195    0.401    0.555    0.668
    0.761    0.847    0.938    1.046    1.179    1.345    1.553    1.818
    2.141    2.526    2.971    3.484    4.031    4.589    5.130
CT2045:060           -6.282   -5.503   -4.652   -3.797   -2.969   -2.223
   -1.566   -1.008   -0.550   -0.199    0.069    0.268    0.415    0.525
    0.618    0.708    0.809    0.933    1.085    1.273    1.503    1.788
    2.126    2.523    2.975    3.491    4.039    4.596    5.135
CT2045:055           -6.301   -5.539   -4.705   -3.866   -3.053   -2.321
   -1.676   -1.128   -0.679   -0.334   -0.072    0.122    0.267    0.376
    0.470    0.566    0.677    0.815    0.985    1.194    1.446    1.751
    2.110    2.523    2.989    3.516    4.074    4.640    5.190
CT2045:050           -6.354   -5.609   -4.792   -3.971   -3.175   -2.459
   -1.828   -1.291   -0.850   -0.511   -0.252   -0.059    0.086    0.198
    0.297    0.400    0.520    0.671    0.856    1.082    1.352    1.676
    2.052    2.480    2.960    3.497    4.062    4.635    5.187
CT2045:045           -6.396   -5.673   -4.880   -4.082   -3.310   -2.615
   -2.003   -1.481   -1.052   -0.719   -0.463   -0.268   -0.118   -0.000
    0.107    0.219    0.351    0.514    0.714    0.956    1.244    1.587
    1.981    2.428    2.925    3.476    4.055    4.639    5.200
CT2045:040           -6.463   -5.762   -4.993   -4.221   -3.475   -2.806
   -2.216   -1.714   -1.300   -0.976   -0.723   -0.526   -0.371   -0.243
   -0.125    0.000    0.145    0.324    0.540    0.799    1.106    1.468
    1.883    2.349    2.865    3.434    4.027    4.624    5.193
CT2045:035           -6.521   -5.846   -5.108   -4.367   -3.654   -3.017
   -2.458   -1.982   -1.590   -1.280   -1.035   -0.840   -0.681   -0.544
   -0.412   -0.271   -0.108    0.090    0.327    0.608    0.938    1.324
    1.763    2.254    2.794    3.385    3.996    4.609    5.188
CT2045:030           -6.597   -5.948   -5.240   -4.533   -3.855   -3.255
   -2.732   -2.290   -1.927   -1.640   -1.411   -1.223   -1.064   -0.919
   -0.774   -0.614   -0.428   -0.204    0.061    0.372    0.733    1.150
    1.620    2.141    2.709    3.325    3.958    4.589    5.178
CT2045:025           -6.661   -6.041   -5.369   -4.699   -4.062   -3.505
   -3.025   -2.625   -2.301   -2.048   -1.844   -1.674   -1.522   -1.375
   -1.216   -1.035   -0.820   -0.562   -0.258    0.093    0.496    0.955
    1.466    2.026    2.630    3.278    3.939    4.595    5.202
CT2045:020           -6.740   -6.147   -5.509   -4.876   -4.281   -3.771
   -3.339   -2.988   -2.711   -2.501   -2.334   -2.191   -2.057   -1.913
   -1.745   -1.542   -1.294   -0.993   -0.642   -0.239    0.216    0.726
    1.285    1.889    2.533    3.213    3.899    4.577    5.196
CT2045:015           -6.813   -6.248   -5.644   -5.050   -4.499   -4.036
   -3.656   -3.359   -3.136   -2.978   -2.856   -2.752   -2.643   -2.510
   -2.335   -2.111   -1.827   -1.476   -1.067   -0.602   -0.084    0.487
    1.102    1.756    2.444    3.160    3.876    4.578    5.212
CT2045:010           -6.887   -6.347   -5.777   -5.219   -4.709   -4.293
   -3.964   -3.722   -3.555   -3.453   -3.383   -3.322   -3.247   -3.129
   -2.952   -2.707   -2.385   -1.981   -1.510   -0.977   -0.390    0.246
    0.920    1.627    2.358    3.109    3.851    4.573    5.216
CT2045:005           -6.964   -6.447   -5.906   -5.380   -4.906   -4.533
   -4.251   -4.059   -3.946   -3.898   -3.879   -3.863   -3.821   -3.721
   -3.543   -3.279   -2.920   -2.463   -1.930   -1.329   -0.675    0.025
    0.757    1.513    2.286    3.066    3.830    4.569    5.217
CT2046:360           -7.028   -6.532   -6.016   -5.518   -5.075   -4.737
   -4.493   -4.343   -4.275   -4.272   -4.297   -4.319   -4.306   -4.220
   -4.040   -3.759   -3.366   -2.862   -2.272   -1.612   -0.897   -0.141
    0.641    1.439    2.246    3.052    3.833    4.584    5.236
