CT2009:360           -8.682   -8.751   -8.783   -8.824   -8.907   -9.066
   -9.282   -9.537   -9.796  -10.003  -10.114  -10.090   -9.907   -9.537
   -8.998   -8.322   -7.526   -6.636   -5.679   -4.666   -3.601   -2.487
   -1.332   -0.145    1.059    2.264    3.441    4.585    5.624
CT2009:355           -8.810   -8.971   -9.103   -9.248   -9.441   -9.717
  -10.056  -10.436  -10.818  -11.141  -11.351  -11.405  -11.274  -10.924
  -10.376   -9.666   -8.816   -7.857   -6.824   -5.732   -4.588   -3.394
   -2.159   -0.893    0.390    1.673    2.923    4.137    5.239
CT2009:350           -9.016   -9.237   -9.439   -9.658   -9.930  -10.291
  -10.717  -11.186  -11.656  -12.062  -12.349  -12.469  -12.390  -12.073
  -11.539  -10.826   -9.955   -8.961   -7.883   -6.736   -5.529   -4.265
   -2.954   -1.609   -0.242    1.125    2.457    3.753    4.933
CT2009:345           -9.105   -9.396   -9.667   -9.954  -10.293  -10.718
  -11.206  -11.733  -12.259  -12.720  -13.060  -13.231  -13.201  -12.929
  -12.434  -11.751  -10.900   -9.912   -8.827   -7.660   -6.419   -5.107
   -3.739   -2.328   -0.892    0.546    1.947    3.309    4.546
CT2009:340           -9.249   -9.578   -9.890  -10.216  -10.592  -11.048
  -11.561  -12.109  -12.653  -13.133  -13.496  -13.697  -13.705  -13.481
  -13.040  -12.414  -11.616  -10.670   -9.613   -8.456   -7.207   -5.866
   -4.452   -2.982   -1.477    0.036    1.514    2.953    4.263
CT2009:335           -9.271   -9.650  -10.001  -10.363  -10.765  -11.235
  -11.753  -12.298  -12.835  -13.307  -13.670  -13.884  -13.923  -13.749
  -13.374  -12.825  -12.107  -11.236  -10.240   -9.126   -7.896   -6.550
   -5.110   -3.598   -2.038   -0.461    1.083    2.587    3.958
CT2009:330           -9.347   -9.744  -10.108  -10.479  -10.883  -11.343
  -11.841  -12.359  -12.864  -13.307  -13.652  -13.864  -13.922  -13.794
  -13.490  -13.028  -12.406  -11.630  -10.717   -9.667   -8.479   -7.145
   -5.694   -4.151   -2.544   -0.907    0.701    2.272    3.710
CT2009:325           -9.311   -9.734  -10.113  -10.491  -10.892  -11.336
  -11.808  -12.291  -12.757  -13.166  -13.485  -13.690  -13.764  -13.680
  -13.445  -13.072  -12.552  -11.877  -11.057  -10.083   -8.947   -7.638
   -6.187   -4.621   -2.974   -1.280    0.393    2.030    3.536
CT2009:320           -9.319   -9.740  -10.112  -10.480  -10.863  -11.279
  -11.717  -12.162  -12.589  -12.964  -13.261  -13.461  -13.551  -13.509
  -13.341  -13.052  -12.628  -12.053  -11.326  -10.431   -9.354   -8.078
   -6.637   -5.060   -3.384   -1.645    0.079    1.771    3.332
CT2009:315           -9.205   -9.635  -10.006  -10.368  -10.738  -11.133
  -11.546  -11.963  -12.364  -12.719  -13.008  -13.214  -13.326  -13.329
  -13.222  -13.008  -12.670  -12.180  -11.533  -10.706   -9.681   -8.434
   -7.001   -5.412   -3.707   -1.924   -0.146    1.604    3.226
CT2009:310           -9.147   -9.561   -9.912  -10.254  -10.600  -10.972
  -11.362  -11.759  -12.147  -12.499  -12.795  -13.021  -13.167  -13.216
  -13.167  -13.019  -12.749  -12.328  -11.744  -10.971   -9.986   -8.763
   -7.338   -5.741   -4.014   -2.197   -0.379    1.414    3.077
CT2009:305           -8.950   -9.360   -9.704  -10.036  -10.371  -10.733
  -11.116  -11.513  -11.909  -12.279  -12.604  -12.868  -13.060  -13.162
  -13.168  -13.076  -12.860  -12.488  -11.946  -11.206  -10.244   -9.031
   -7.603   -5.991   -4.239   -2.385   -0.526    1.310    3.019
CT2009:300           -8.830   -9.210   -9.528   -9.836  -10.151  -10.500
  -10.880  -11.284  -11.698  -12.100  -12.468  -12.783  -13.030  -13.188
  -13.249  -13.205  -13.030  -12.691  -12.172  -11.448  -10.493   -9.278
   -7.841   -6.212   -4.438   -2.555   -0.666    1.200    2.935
CT2009:295           -8.659   -9.008   -9.300   -9.586   -9.886  -10.229
  -10.613  -11.034  -11.478  -11.924  -12.345  -12.720  -13.031  -13.250
  -13.364  -13.365  -13.223  -12.903  -12.394  -11.670  -10.708   -9.478
   -8.021   -6.370   -4.570   -2.661   -0.746    1.145    2.902
CT2009:290           -8.481   -8.789   -9.049   -9.308   -9.591   -9.929
  -10.320  -10.761  -11.238  -11.731  -12.210  -12.650  -13.026  -13.308
  -13.478  -13.522  -13.410  -13.104  -12.596  -11.861  -10.881   -9.628
   -8.145   -6.469   -4.645   -2.715   -0.782    1.123    2.888
CT2009:285           -8.341   -8.591   -8.808   -9.031   -9.289   -9.618
  -10.013  -10.470  -10.977  -11.514  -12.047  -12.548  -12.990  -13.336
  -13.561  -13.650  -13.567  -13.273  -12.762  -12.012  -11.008   -9.726
   -8.217   -6.516   -4.673   -2.732   -0.795    1.111    2.867
CT2009:280           -8.114   -8.311   -8.488   -8.679   -8.914   -9.235
   -9.633  -10.105  -10.639  -11.216  -11.799  -12.358  -12.862  -13.271
  -13.554  -13.689  -13.637  -13.354  -12.838  -12.069  -11.037   -9.723
   -8.184   -6.460   -4.601   -2.655   -0.719    1.181    2.925
CT2009:275           -7.862   -8.002   -8.134   -8.286   -8.495   -8.802
   -9.196   -9.676  -10.228  -10.834  -11.459  -12.068  -12.631  -13.100
  -13.438  -13.620  -13.598  -13.326  -12.804  -12.015  -10.954   -9.611
   -8.046   -6.304   -4.438   -2.494   -0.569    1.317    3.043
CT2009:270           -7.590   -7.666   -7.746   -7.853   -8.027   -8.311
   -8.692   -9.168   -9.728  -10.354  -11.010  -11.662  -12.274  -12.797
  -13.188  -13.412  -13.419  -13.157  -12.630  -11.823  -10.739   -9.374
   -7.796   -6.051   -4.193   -2.271   -0.374    1.480    3.171
CT2009:265           -7.235   -7.252   -7.280   -7.341   -7.475   -7.730
   -8.090   -8.554   -9.110   -9.745  -10.421  -11.104  -11.755  -12.323
  -12.755  -13.015  -13.044  -12.790  -12.258  -11.439  -10.340   -8.965
   -7.386   -5.652   -3.816   -1.926   -0.064    1.755    3.414
CT2009:260           -6.923   -6.863   -6.824   -6.821   -6.900   -7.108
   -7.430   -7.864   -8.401   -9.028   -9.707  -10.402  -11.076  -11.670
  -12.130  -12.413  -12.458  -12.211  -11.680  -10.862   -9.768   -8.408
   -6.857   -5.164   -3.379   -1.548    0.253    2.012    3.613
CT2009:255           -6.572   -6.433   -6.320   -6.246   -6.259   -6.409
   -6.678   -7.068   -7.568   -8.169   -8.831   -9.518  -10.191  -10.790
  -11.256  -11.546  -11.598  -11.360  -10.841  -10.042   -8.978   -7.662
   -6.167   -4.541   -2.831   -1.077    0.650    2.337    3.878
CT2009:250           -6.226   -5.999   -5.801   -5.644   -5.576   -5.651
   -5.851   -6.177   -6.621   -7.173   -7.793   -8.444   -9.087   -9.662
  -10.112  -10.392  -10.445  -10.221   -9.732   -8.979   -7.978   -6.743
   -5.341   -3.816   -2.209   -0.556    1.077    2.675    4.139
CT2009:245           -5.895   -5.571   -5.276   -5.023   -4.861   -4.844
   -4.957   -5.200   -5.565   -6.042   -6.592   -7.178   -7.759   -8.281
   -8.690   -8.945   -8.995   -8.795   -8.357   -7.680   -6.779   -5.663
   -4.389   -2.995   -1.517    0.017    1.542    3.039    4.419
CT2009:240           -5.529   -5.109   -4.715   -4.361   -4.096   -3.977
   -3.987   -4.130   -4.396   -4.777   -5.230   -5.722   -6.213   -6.657
   -7.005   -7.225   -7.272   -7.109   -6.744   -6.174   -5.407   -4.443
   -3.328   -2.090   -0.760    0.640    2.047    3.437    4.727
CT2009:235           -5.170   -4.651   -4.152   -3.689   -3.313   -3.079
   -2.974   -3.001   -3.151   -3.414   -3.750   -4.125   -4.505   -4.852
   -5.128   -5.307   -5.355   -5.243   -4.972   -4.535   -3.928   -3.141
   -2.207   -1.144    0.025    1.283    2.565    3.840    5.035
CT2009:230           -4.802   -4.184   -3.577   -3.004   -2.511   -2.157
   -1.928   -1.830   -1.852   -1.985   -2.190   -2.437   -2.697   -2.941
   -3.141   -3.282   -3.338   -3.288   -3.124   -2.832   -2.398   -1.800
   -1.054   -0.169    0.836    1.952    3.110    4.271    5.371
CT2009:225           -4.420   -3.709   -2.999   -2.317   -1.708   -1.231
   -0.877   -0.649   -0.540   -0.542   -0.616   -0.736   -0.879   -1.025
   -1.159   -1.269   -1.342   -1.359   -1.306   -1.162   -0.900   -0.487
    0.076    0.788    1.634    2.613    3.648    4.696    5.699
CT2009:220           -4.065   -3.259   -2.445   -1.655   -0.931   -0.333
    0.146    0.501    0.738    0.863    0.911    0.906    0.865    0.799
    0.717    0.625    0.529    0.444    0.392    0.402    0.508    0.757
    1.156    1.713    2.417    3.271    4.193    5.137    6.047
CT2009:215           -3.722   -2.826   -1.913   -1.021   -0.189    0.523
    1.119    1.592    1.945    2.182    2.335    2.423    2.460    2.452
    2.402    2.314    2.189    2.042    1.901    1.798    1.776    1.888
    2.152    2.578    3.160    3.902    4.722    5.567    6.386
CT2009:210           -3.397   -2.416   -1.414   -0.429    0.502    1.316
    2.017    2.594    3.048    3.377    3.612    3.768    3.858    3.883
    3.845    3.748    3.593    3.394    3.183    2.996    2.879    2.889
    3.050    3.375    3.859    4.509    5.239    5.997    6.731
CT2009:205           -3.117   -2.056   -0.970    0.101    1.119    2.024
    2.815    3.480    4.017    4.420    4.714    4.916    5.036    5.073
    5.033    4.920    4.738    4.500    4.242    4.001    3.823    3.768
    3.861    4.115    4.527    5.104    5.761    6.444    7.101
CT2009:200           -2.837   -1.708   -0.552    0.589    1.678    2.654
    3.516    4.249    4.847    5.301    5.636    5.863    5.996    6.031
    5.978    5.846    5.640    5.376    5.090    4.820    4.610    4.517
    4.567    4.773    5.131    5.646    6.237    6.851    7.432
CT2009:195           -2.665   -1.463   -0.239    0.967    2.119    3.156
    4.076    4.863    5.509    6.002    6.363    6.607    6.744    6.773
    6.708    6.563    6.343    6.067    5.772    5.495    5.276    5.171
    5.202    5.381    5.702    6.171    6.707    7.262    7.774
CT2009:190           -2.439   -1.186    0.084    1.334    2.528    3.603
    4.559    5.379    6.054    6.569    6.946    7.198    7.336    7.360
    7.287    7.133    6.907    6.632    6.341    6.070    5.857    5.754
    5.777    5.938    6.231    6.659    7.144    7.642    8.085
CT2009:185           -2.396   -1.075    0.250    1.550    2.786    3.897
    4.884    5.731    6.429    6.964    7.356    7.619    7.764    7.792
    7.722    7.571    7.351    7.086    6.809    6.553    6.353    6.256
    6.276    6.421    6.686    7.068    7.497    7.929    8.290
CT2009:180           -2.230   -0.875    0.477    1.800    3.054    4.179
    5.179    6.037    6.747    7.293    7.697    7.972    8.129    8.169
    8.111    7.975    7.773    7.528    7.273    7.039    6.859    6.773
    6.793    6.928    7.169    7.515    7.898    8.279    8.577
CT2009:175           -2.168   -0.772    0.608    1.956    3.228    4.366
    5.376    6.245    6.966    7.527    7.949    8.244    8.423    8.486
    8.452    8.340    8.164    7.946    7.717    7.506    7.341    7.260
    7.273    7.388    7.598    7.899    8.226    8.543    8.764
CT2009:170           -2.066   -0.650    0.745    2.103    3.384    4.528
    5.544    6.421    7.156    7.735    8.180    8.502    8.711    8.807
    8.807    8.730    8.588    8.401    8.200    8.009    7.858    7.778
    7.781    7.875    8.054    8.313    8.592    8.857    9.018
CT2009:165           -1.896   -0.480    0.913    2.270    3.550    4.694
    5.715    6.602    7.353    7.956    8.431    8.788    9.036    9.173
    9.214    9.176    9.071    8.917    8.741    8.568    8.423    8.338
    8.326    8.394    8.540    8.760    8.996    9.216    9.329
CT2009:160           -1.855   -0.429    0.973    2.339    3.628    4.785
    5.823    6.733    7.513    8.152    8.670    9.074    9.370    9.555
    9.643    9.648    9.579    9.452    9.295    9.129    8.980    8.877
    8.836    8.867    8.970    9.139    9.323    9.488    9.544
CT2009:155           -1.755   -0.337    1.062    2.429    3.723    4.894
    5.953    6.891    7.708    8.392    8.959    9.416    9.765   10.002
   10.137   10.184   10.148   10.044    9.897    9.731    9.569    9.441
    9.367    9.357    9.414    9.535    9.670    9.787    9.796
CT2009:150           -1.770   -0.348    1.059    2.437    3.749    4.946
    6.039    7.019    7.885    8.624    9.250    9.765   10.173   10.462
   10.643   10.728   10.720   10.631   10.488   10.313   10.130    9.969
    9.853    9.796    9.801    9.868    9.948   10.011    9.968
CT2009:145           -1.797   -0.378    1.035    2.425    3.756    4.984
    6.116    7.145    8.065    8.863    9.550   10.124   10.587   10.926
   11.148   11.266   11.279   11.199   11.053   10.864   10.655   10.458
   10.298   10.191   10.142   10.152   10.175   10.181   10.082
CT2009:140           -1.863   -0.447    0.974    2.377    3.732    4.994
    6.170    7.250    8.227    9.084    9.829   10.458   10.972   11.355
   11.614   11.758   11.789   11.715   11.565   11.362   11.130   10.901
   10.702   10.550   10.453   10.413   10.388   10.346   10.204
CT2009:135           -1.906   -0.505    0.915    2.324    3.697    4.990
    6.205    7.331    8.358    9.267   10.062   10.739   11.295   11.713
   11.999   12.165   12.209   12.140   11.988   11.774   11.524   11.268
   11.035   10.844   10.703   10.618   10.546   10.459   10.273
CT2009:130           -2.021   -0.630    0.793    2.212    3.604    4.927
    6.179    7.346    8.417    9.370   10.206   10.920   11.509   11.955
   12.264   12.448   12.506   12.445   12.295   12.078   11.818   11.546
   11.291   11.073   10.901   10.781   10.674   10.552   10.335
CT2009:125           -2.102   -0.738    0.675    2.091    3.490    4.830
    6.105    7.298    8.397    9.377   10.239   10.978   11.588   12.053
   12.379   12.577   12.647   12.595   12.451   12.236   11.973   11.690
   11.418   11.175   10.971   10.812   10.662   10.494   10.225
CT2009:120           -2.264   -0.918    0.488    1.903    3.308    4.660
    5.949    7.158    8.272    9.268   10.144   10.897   11.522   12.002
   12.345   12.560   12.648   12.614   12.487   12.286   12.034   11.758
   11.487   11.240   11.028   10.856   10.690   10.506   10.222
CT2009:115           -2.420   -1.103    0.287    1.691    3.090    4.440
    5.728    6.935    8.047    9.041    9.918   10.674   11.306   11.799
   12.156   12.390   12.499   12.488   12.384   12.206   11.974   11.713
   11.454   11.213   11.003   10.829   10.657   10.466   10.174
CT2009:110           -2.626   -1.337    0.035    1.422    2.809    4.147
    5.422    6.614    7.711    8.691    9.557   10.307   10.941   11.442
   11.816   12.072   12.206   12.223   12.149   11.999   11.795   11.559
   11.321   11.099   10.904   10.739   10.574   10.388   10.099
CT2009:105           -2.832   -1.572   -0.224    1.143    2.511    3.828
    5.078    6.244    7.314    8.269    9.117    9.857   10.489   10.999
   11.392   11.674   11.842   11.897   11.865   11.760   11.603   11.417
   11.230   11.063   10.924   10.823   10.730   10.623   10.434
CT2009:100           -3.077   -1.855   -0.537    0.802    2.141    3.428
    4.645    5.777    6.812    7.735    8.555    9.275    9.896   10.407
   10.810   11.111   11.305   11.392   11.394   11.325   11.206   11.058
   10.910   10.779   10.675   10.605   10.540   10.458   10.291
CT2009:095           -3.308   -2.126   -0.843    0.462    1.769    3.022
    4.203    5.297    6.294    7.182    7.972    8.669    9.276    9.784
   10.194   10.512   10.732   10.854   10.899   10.880   10.816   10.730
   10.647   10.588   10.561   10.576   10.603   10.621   10.572
CT2009:090           -3.585   -2.449   -1.205    0.063    1.333    2.549
    3.693    4.750    5.710    6.562    7.319    7.987    8.570    9.062
    9.465    9.785   10.017   10.162   10.238   10.257   10.236   10.198
   10.168   10.161   10.187   10.251   10.325   10.387   10.377
CT2009:085           -3.888   -2.798   -1.594   -0.364    0.870    2.051
    3.161    4.184    5.110    5.929    6.653    7.290    7.843    8.310
    8.695    9.007    9.242    9.403    9.506    9.563    9.589    9.606
    9.634    9.689    9.777    9.903   10.035   10.155   10.197
CT2009:080           -4.189   -3.152   -1.993   -0.806    0.390    1.535
    2.612    3.604    4.500    5.287    5.979    6.580    7.097    7.530
    7.887    8.178    8.406    8.575    8.700    8.791    8.865    8.937
    9.028    9.148    9.303    9.494    9.688    9.866    9.962
CT2009:075           -4.606   -3.608   -2.484   -1.331   -0.166    0.952
    2.004    2.972    3.843    4.604    5.263    5.828    6.305    6.697
    7.016    7.278    7.488    7.656    7.794    7.915    8.030    8.154
    8.301    8.480    8.691    8.931    9.166    9.379    9.493
CT2009:070           -4.926   -3.988   -2.916   -1.809   -0.686    0.398
    1.420    2.360    3.205    3.936    4.561    5.087    5.520    5.867
    6.145    6.373    6.563    6.728    6.883    7.037    7.200    7.387
    7.605    7.858    8.145    8.459    8.765    9.047    9.225
CT2009:065           -5.322   -4.438   -3.412   -2.349   -1.264   -0.213
    0.781    1.696    2.516    3.218    3.809    4.295    4.685    4.985
    5.221    5.414    5.583    5.743    5.911    6.096    6.306    6.553
    6.837    7.160    7.515    7.893    8.255    8.589    8.806
CT2009:060           -5.658   -4.841   -3.876   -2.868   -1.832   -0.821
    0.137    1.020    1.808    2.477    3.031    3.477    3.823    4.081
    4.277    4.440    4.591    4.751    4.937    5.157    5.418    5.731
    6.089    6.489    6.923    7.379    7.817    8.225    8.512
CT2009:055           -5.942   -5.208   -4.315   -3.375   -2.399   -1.439
   -0.526    0.316    1.066    1.698    2.214    2.621    2.928    3.149
    3.315    3.456    3.597    3.765    3.974    4.234    4.551    4.932
    5.368    5.850    6.369    6.909    7.431    7.921    8.291
CT2009:050           -6.288   -5.629   -4.807   -3.936   -3.023   -2.121
   -1.260   -0.465    0.242    0.833    1.313    1.684    1.959    2.153
    2.298    2.426    2.566    2.747    2.983    3.284    3.655    4.101
    4.608    5.166    5.761    6.377    6.974    7.539    7.982
CT2009:045           -6.543   -5.979   -5.247   -4.461   -3.631   -2.803
   -2.011   -1.278   -0.625   -0.080    0.360    0.700    0.951    1.130
    1.268    1.400    1.554    1.761    2.035    2.385    2.817    3.333
    3.918    4.559    5.241    5.949    6.640    7.303    7.853
CT2009:040           -6.887   -6.406   -5.757   -5.056   -4.310   -3.564
   -2.849   -2.187   -1.598   -1.104   -0.704   -0.392   -0.156    0.020
    0.167    0.316    0.497    0.740    1.057    1.458    1.946    2.526
    3.178    3.888    4.641    5.420    6.185    6.920    7.544
CT2009:035           -7.200   -6.807   -6.251   -5.644   -4.994   -4.344
   -3.723   -3.148   -2.634   -2.202   -1.846   -1.560   -1.332   -1.147
   -0.976   -0.791   -0.565   -0.269    0.105    0.568    1.122    1.770
    2.494    3.280    4.113    4.977    5.831    6.661    7.387
CT2009:030           -7.530   -7.221   -6.759   -6.251   -5.704   -5.162
   -4.646   -4.171   -3.748   -3.387   -3.083   -2.826   -2.605   -2.402
   -2.194   -1.959   -1.673   -1.312   -0.871   -0.342    0.278    0.992
    1.782    2.634    3.534    4.467    5.391    6.292    7.089
CT2009:025           -7.866   -7.637   -7.268   -6.858   -6.419   -5.992
   -5.592   -5.229   -4.908   -4.631   -4.387   -4.164   -3.949   -3.723
   -3.469   -3.171   -2.811   -2.370   -1.849   -1.242   -0.548    0.238
    1.097    2.020    2.991    3.998    4.999    5.977    6.857
CT2009:020           -8.165   -8.019   -7.745   -7.438   -7.112   -6.806
   -6.530   -6.290   -6.082   -5.900   -5.726   -5.546   -5.342   -5.095
   -4.792   -4.426   -3.983   -3.455   -2.847   -2.156   -1.382   -0.523
    0.408    1.400    2.440    3.516    4.586    5.634    6.583
CT2009:015           -8.456   -8.386   -8.203   -7.993   -7.776   -7.590
   -7.439   -7.323   -7.233   -7.152   -7.056   -6.924   -6.739   -6.476
   -6.128   -5.696   -5.171   -4.554   -3.854   -3.076   -2.220   -1.283
   -0.279    0.783    1.892    3.036    4.171    5.282    6.290
CT2009:010           -8.710   -8.713   -8.615   -8.499   -8.385   -8.311
   -8.280   -8.284   -8.309   -8.329   -8.313   -8.237   -8.077   -7.808
   -7.425   -6.935   -6.337   -5.636   -4.850   -3.985   -3.045   -2.027
   -0.945    0.194    1.377    2.593    3.797    4.976    6.047
CT2009:005           -9.054   -9.102   -9.065   -9.017   -8.984   -9.003
   -9.070   -9.176   -9.301   -9.411   -9.470   -9.448   -9.320   -9.055
   -8.652   -8.123   -7.469   -6.701   -5.842   -4.901   -3.884   -2.790
   -1.632   -0.421    0.832    2.111    3.373    4.604    5.718
CT2010:360           -9.253   -9.357   -9.385   -9.404   -9.445   -9.544
   -9.696   -9.889  -10.099  -10.287  -10.414  -10.445  -10.354  -10.107
   -9.704   -9.159   -8.474   -7.661   -6.747   -5.742   -4.654   -3.484
   -2.249   -0.959    0.371    1.721    3.048    4.342    5.511
