CT2039:360           -7.891   -7.503   -7.007   -6.477   -5.917   -5.354
   -4.806   -4.285   -3.797   -3.353   -2.947   -2.575   -2.228   -1.894
   -1.560   -1.212   -0.837   -0.422    0.036    0.542    1.098    1.706
    2.358    3.046    3.761    4.491    5.204    5.893    6.487
CT2039:355           -7.985   -7.589   -7.087   -6.552   -5.990   -5.429
   -4.887   -4.374   -3.900   -3.474   -3.089   -2.739   -2.415   -2.104
   -1.790   -1.458   -1.092   -0.680   -0.216    0.302    0.875    1.505
    2.180    2.890    3.625    4.369    5.092    5.786    6.378
CT2039:350           -7.987   -7.597   -7.100   -6.571   -6.015   -5.463
   -4.932   -4.435   -3.979   -3.574   -3.212   -2.887   -2.588   -2.300
   -2.005   -1.687   -1.330   -0.917   -0.447    0.085    0.678    1.333
    2.034    2.772    3.532    4.300    5.045    5.759    6.367
CT2039:345           -8.073   -7.669   -7.163   -6.627   -6.070   -5.521
   -4.998   -4.513   -4.074   -3.688   -3.349   -3.047   -2.770   -2.501
   -2.223   -1.917   -1.566   -1.152   -0.675   -0.130    0.481    1.158
    1.883    2.644    3.426    4.214    4.975    5.704    6.323
CT2039:340           -8.063   -7.661   -7.159   -6.627   -6.076   -5.539
   -5.031   -4.564   -4.146   -3.784   -3.468   -3.190   -2.934   -2.684
   -2.420   -2.123   -1.774   -1.358   -0.873   -0.316    0.311    1.007
    1.753    2.536    3.340    4.149    4.929    5.676    6.311
CT2039:335           -8.192   -7.762   -7.238   -6.691   -6.130   -5.592
   -5.090   -4.634   -4.232   -3.889   -3.594   -3.335   -3.096   -2.859
   -2.603   -2.310   -1.961   -1.540   -1.048   -0.480    0.160    0.871
    1.632    2.432    3.253    4.078    4.874    5.635    6.284
CT2039:330           -8.170   -7.738   -7.214   -6.667   -6.111   -5.582
   -5.093   -4.655   -4.273   -3.953   -3.679   -3.439   -3.215   -2.989
   -2.738   -2.447   -2.097   -1.672   -1.174   -0.600    0.048    0.767
    1.539    2.350    3.184    4.023    4.834    5.611    6.274
CT2039:325           -8.337   -7.862   -7.304   -6.730   -6.154   -5.616
   -5.126   -4.694   -4.322   -4.015   -3.755   -3.526   -3.312   -3.090
   -2.841   -2.549   -2.196   -1.769   -1.268   -0.693   -0.045    0.676
    1.450    2.265    3.105    3.951    4.770    5.554    6.223
CT2039:320           -8.305   -7.823   -7.257   -6.676   -6.096   -5.559
   -5.074   -4.651   -4.293   -4.000   -3.753   -3.535   -3.329   -3.112
   -2.864   -2.572   -2.220   -1.794   -1.297   -0.726   -0.083    0.632
    1.404    2.218    3.061    3.914    4.742    5.536    6.217
CT2039:315           -8.401   -7.883   -7.285   -6.675   -6.071   -5.517
   -5.023   -4.596   -4.238   -3.948   -3.705   -3.492   -3.290   -3.075
   -2.829   -2.540   -2.192   -1.774   -1.287   -0.729   -0.099    0.604
    1.364    2.171    3.009    3.861    4.689    5.485    6.167
CT2039:310           -8.360   -7.829   -7.215   -6.586   -5.964   -5.396
   -4.889   -4.454   -4.091   -3.800   -3.558   -3.347   -3.148   -2.938
   -2.699   -2.419   -2.084   -1.681   -1.212   -0.673   -0.063    0.622
    1.368    2.164    2.995    3.846    4.678    5.479    6.168
CT2039:305           -8.367   -7.812   -7.168   -6.508   -5.855   -5.258
   -4.725   -4.267   -3.886   -3.581   -3.330   -3.115   -2.917   -2.714
   -2.488   -2.226   -1.912   -1.535   -1.094   -0.584   -0.002    0.657
    1.381    2.158    2.976    3.818    4.642    5.438    6.123
CT2039:300           -8.321   -7.748   -7.077   -6.387   -5.700   -5.066
   -4.497   -4.005   -3.593   -3.263   -2.995   -2.771   -2.572   -2.380
   -2.173   -1.938   -1.657   -1.316   -0.912   -0.439    0.109    0.738
    1.436    2.194    2.997    3.829    4.650    5.444    6.132
CT2039:295           -8.302   -7.705   -6.999   -6.270   -5.538   -4.855
   -4.236   -3.694   -3.234   -2.865   -2.567   -2.325   -2.123   -1.943
   -1.762   -1.562   -1.325   -1.033   -0.678   -0.251    0.253    0.844
    1.509    2.239    3.020    3.837    4.645    5.429    6.110
CT2039:290           -8.255   -7.639   -6.899   -6.131   -5.350   -4.611
   -3.931   -3.327   -2.808   -2.385   -2.046   -1.778   -1.567   -1.398
   -1.246   -1.089   -0.905   -0.670   -0.374   -0.004    0.449    0.995
    1.623    2.322    3.078    3.877    4.673    5.448    6.127
CT2039:285           -8.239   -7.599   -6.820   -6.006   -5.171   -4.367
   -3.616   -2.937   -2.345   -1.856   -1.462   -1.157   -0.929   -0.767
   -0.643   -0.530   -0.404   -0.235   -0.005    0.300    0.692    1.186
    1.768    2.430    3.156    3.933    4.713    5.477    6.151
CT2039:280           -8.198   -7.540   -6.729   -5.874   -4.986   -4.117
   -3.293   -2.536   -1.864   -1.300   -0.843   -0.492   -0.238   -0.074
    0.028    0.099    0.167    0.268    0.425    0.658    0.983    1.416
    1.946    2.563    3.252    4.002    4.761    5.508    6.175
CT2039:275           -8.192   -7.512   -6.666   -5.769   -4.829   -3.896
   -2.999   -2.162   -1.408   -0.766   -0.239    0.168    0.460    0.636
    0.727    0.767    0.785    0.823    0.909    1.069    1.323    1.691
    2.164    2.733    3.383    4.105    4.845    5.578    6.244
CT2039:270           -8.163   -7.471   -6.601   -5.673   -4.691   -3.704
   -2.745   -1.839   -1.011   -0.294    0.301    0.767    1.104    1.305
    1.400    1.423    1.405    1.389    1.411    1.501    1.683    1.983
    2.392    2.906    3.510    4.196    4.908    5.620    6.273
CT2039:265           -8.169   -7.464   -6.571   -5.616   -4.600   -3.571
   -2.562   -1.600   -0.711    0.069    0.727    1.252    1.640    1.879
    1.995    2.022    1.989    1.938    1.911    1.941    2.058    2.292
    2.640    3.099    3.655    4.304    4.990    5.681    6.325
CT2039:260           -8.155   -7.447   -6.545   -5.577   -4.544   -3.490
   -2.453   -1.457   -0.529    0.295    1.003    1.580    2.019    2.306
    2.460    2.512    2.486    2.423    2.367    2.354    2.416    2.592
    2.881    3.286    3.794    4.405    5.061    5.727    6.358
CT2039:255           -8.212   -7.494   -6.582   -5.604   -4.561   -3.498
   -2.450   -1.441   -0.495    0.354    1.094    1.713    2.201    2.542
    2.748    2.845    2.850    2.799    2.736    2.699    2.724    2.851
    3.089    3.442    3.903    4.473    5.095    5.731    6.339
CT2039:250           -8.212   -7.500   -6.595   -5.626   -4.593   -3.542
   -2.506   -1.510   -0.573    0.277    1.030    1.675    2.204    2.599
    2.866    3.022    3.079    3.063    3.018    2.981    2.989    3.085
    3.286    3.601    4.025    4.564    5.160    5.775    6.371
CT2039:245           -8.314   -7.593   -6.690   -5.727   -4.706   -3.675
   -2.664   -1.694   -0.782    0.050    0.800    1.458    2.019    2.464
    2.793    3.017    3.138    3.175    3.167    3.148    3.158    3.240
    3.418    3.704    4.097    4.607    5.177    5.767    6.343
CT2039:240           -8.327   -7.618   -6.734   -5.794   -4.804   -3.809
   -2.840   -1.914   -1.044   -0.246    0.483    1.139    1.718    2.202
    2.588    2.878    3.067    3.167    3.210    3.228    3.259    3.347
    3.519    3.794    4.172    4.666    5.221    5.799    6.367
CT2039:235           -8.369   -7.669   -6.804   -5.887   -4.928   -3.974
   -3.050   -2.172   -1.350   -0.592    0.107    0.750    1.334    1.845
    2.275    2.622    2.876    3.039    3.140    3.206    3.273    3.384
    3.569    3.848    4.226    4.716    5.268    5.843    6.411
CT2039:230           -8.390   -7.705   -6.862   -5.974   -5.049   -4.137
   -3.259   -2.430   -1.657   -0.942   -0.277    0.343    0.919    1.441
    1.898    2.285    2.590    2.809    2.966    3.084    3.195    3.341
    3.552    3.848    4.235    4.729    5.282    5.856    6.421
CT2039:225           -8.361   -7.698   -6.885   -6.028   -5.139   -4.267
   -3.433   -2.649   -1.920   -1.247   -0.618   -0.026    0.531    1.047
    1.513    1.921    2.259    2.522    2.729    2.900    3.063    3.256
    3.507    3.836    4.251    4.765    5.335    5.925    6.506
CT2039:220           -8.382   -7.732   -6.938   -6.103   -5.241   -4.400
   -3.599   -2.849   -2.154   -1.516   -0.920   -0.359    0.171    0.667
    1.121    1.529    1.880    2.171    2.416    2.634    2.847    3.089
    3.385    3.753    4.198    4.734    5.318    5.918    6.504
CT2039:215           -8.353   -7.721   -6.949   -6.138   -5.301   -4.485
   -3.710   -2.987   -2.319   -1.709   -1.144   -0.617   -0.121    0.342
    0.770    1.160    1.507    1.811    2.084    2.341    2.604    2.900
    3.249    3.666    4.153    4.723    5.335    5.959    6.564
CT2039:210           -8.365   -7.742   -6.981   -6.183   -5.360   -4.559
   -3.800   -3.092   -2.443   -1.855   -1.317   -0.823   -0.365    0.056
    0.445    0.804    1.133    1.436    1.725    2.013    2.319    2.665
    3.066    3.530    4.059    4.661    5.296    5.940    6.553
CT2039:205           -8.346   -7.732   -6.982   -6.195   -5.383   -4.593
   -3.843   -3.147   -2.510   -1.941   -1.430   -0.969   -0.552   -0.175
    0.169    0.488    0.790    1.083    1.379    1.692    2.035    2.428
    2.879    3.391    3.965    4.603    5.268    5.935    6.564
CT2039:200           -8.346   -7.734   -6.988   -6.204   -5.395   -4.608
   -3.862   -3.172   -2.545   -1.991   -1.503   -1.073   -0.696   -0.365
   -0.067    0.211    0.481    0.758    1.054    1.383    1.756    2.190
    2.685    3.242    3.857    4.530    5.221    5.911    6.551
CT2039:195           -8.333   -7.723   -6.976   -6.192   -5.383   -4.597
   -3.853   -3.166   -2.547   -2.007   -1.540   -1.140   -0.799   -0.510
   -0.256   -0.017    0.221    0.479    0.771    1.110    1.505    1.971
    2.504    3.100    3.752    4.456    5.173    5.883    6.534
CT2039:190           -8.319   -7.705   -6.956   -6.169   -5.357   -4.569
   -3.824   -3.140   -2.527   -2.000   -1.551   -1.176   -0.866   -0.613
   -0.395   -0.192    0.018    0.257    0.541    0.883    1.293    1.783
    2.345    2.974    3.658    4.391    5.132    5.862    6.524
CT2039:185           -8.309   -7.687   -6.931   -6.137   -5.320   -4.528
   -3.782   -3.099   -2.491   -1.973   -1.540   -1.184   -0.898   -0.673
   -0.484   -0.309   -0.124    0.097    0.371    0.711    1.128    1.634
    2.218    2.871    3.581    4.338    5.099    5.847    6.520
CT2039:180           -8.283   -7.654   -6.890   -6.090   -5.267   -4.471
   -3.724   -3.043   -2.439   -1.929   -1.506   -1.164   -0.895   -0.688
   -0.521   -0.367   -0.202    0.002    0.264    0.598    1.015    1.529
    2.125    2.794    3.522    4.297    5.074    5.837    6.517
CT2039:175           -8.254   -7.615   -6.843   -6.035   -5.206   -4.406
   -3.657   -2.976   -2.374   -1.869   -1.451   -1.117   -0.857   -0.661
   -0.506   -0.367   -0.217   -0.027    0.222    0.546    0.958    1.470
    2.071    2.748    3.488    4.276    5.066    5.840    6.529
CT2039:170           -8.219   -7.570   -6.788   -5.972   -5.137   -4.333
   -3.582   -2.899   -2.298   -1.794   -1.378   -1.045   -0.787   -0.595
   -0.446   -0.314   -0.174    0.003    0.238    0.549    0.950    1.455
    2.052    2.730    3.473    4.267    5.064    5.844    6.537
CT2039:165           -8.159   -7.504   -6.717   -5.896   -5.056   -4.250
   -3.497   -2.813   -2.211   -1.705   -1.287   -0.952   -0.691   -0.497
   -0.347   -0.219   -0.086    0.080    0.302    0.597    0.982    1.472
    2.057    2.726    3.463    4.253    5.047    5.823    6.509
CT2039:160           -8.118   -7.451   -6.654   -5.824   -4.977   -4.166
   -3.408   -2.721   -2.115   -1.605   -1.180   -0.838   -0.568   -0.367
   -0.212   -0.081    0.049    0.207    0.416    0.696    1.064    1.537
    2.107    2.764    3.492    4.278    5.069    5.844    6.528
CT2039:155           -8.036   -7.366   -6.565   -5.732   -4.882   -4.068
   -3.308   -2.618   -2.008   -1.492   -1.060   -0.708   -0.429   -0.218
   -0.055    0.081    0.211    0.362    0.559    0.822    1.169    1.621
    2.170    2.807    3.519    4.290    5.069    5.830    6.500
CT2039:150           -7.993   -7.310   -6.499   -5.656   -4.798   -3.977
   -3.211   -2.515   -1.898   -1.373   -0.931   -0.568   -0.276   -0.052
    0.121    0.264    0.397    0.545    0.733    0.981    1.309    1.741
    2.269    2.888    3.583    4.343    5.111    5.865    6.528
CT2039:145           -7.912   -7.224   -6.409   -5.561   -4.699   -3.874
   -3.103   -2.402   -1.778   -1.246   -0.795   -0.421   -0.117    0.119
    0.303    0.454    0.589    0.735    0.913    1.147    1.456    1.865
    2.370    2.967    3.641    4.381    5.132    5.868    6.513
CT2039:140           -7.872   -7.171   -6.344   -5.486   -4.615   -3.781
   -3.002   -2.291   -1.659   -1.116   -0.655   -0.269    0.046    0.294
    0.488    0.647    0.786    0.930    1.102    1.324    1.618    2.008
    2.494    3.071    3.727    4.452    5.189    5.913    6.547
CT2039:135           -7.787   -7.084   -6.254   -5.392   -4.516   -3.676
   -2.891   -2.173   -1.533   -0.981   -0.510   -0.116    0.209    0.465
    0.666    0.829    0.970    1.111    1.275    1.485    1.763    2.134
    2.598    3.152    3.785    4.486    5.199    5.897    6.503
CT2039:130           -7.752   -7.037   -6.195   -5.323   -4.437   -3.587
   -2.791   -2.062   -1.410   -0.848   -0.366    0.039    0.372    0.636
    0.842    1.009    1.150    1.288    1.447    1.649    1.916    2.274
    2.724    3.262    3.880    4.565    5.263    5.947    6.539
CT2039:125           -7.693   -6.971   -6.124   -5.245   -4.351   -3.493
   -2.687   -1.948   -1.285   -0.712   -0.219    0.194    0.535    0.803
    1.011    1.177    1.316    1.449    1.602    1.796    2.053    2.400
    2.835    3.359    3.959    4.626    5.304    5.967    6.536
CT2039:120           -7.667   -6.935   -6.077   -5.189   -4.285   -3.415
   -2.597   -1.845   -1.169   -0.582   -0.078    0.345    0.692    0.963
    1.171    1.335    1.469    1.598    1.745    1.933    2.184    2.523
    2.950    3.464    4.052    4.705    5.369    6.017    6.570
CT2039:115           -7.659   -6.915   -6.046   -5.147   -4.232   -3.351
   -2.519   -1.753   -1.062   -0.462    0.055    0.488    0.842    1.114
    1.321    1.480    1.609    1.731    1.873    2.057    2.304    2.638
    3.059    3.564    4.142    4.782    5.430    6.062    6.598
CT2039:110           -7.645   -6.893   -6.017   -5.111   -4.188   -3.296
   -2.453   -1.674   -0.969   -0.354    0.174    0.617    0.976    1.249
    1.453    1.608    1.731    1.848    1.986    2.167    2.412    2.744
    3.162    3.661    4.230    4.859    5.493    6.109    6.629
CT2039:105           -7.591   -6.841   -5.966   -5.060   -4.135   -3.239
   -2.388   -1.599   -0.883   -0.257    0.282    0.731    1.094    1.369
    1.570    1.721    1.841    1.956    2.094    2.277    2.525    2.859
    3.278    3.776    4.342    4.964    5.590    6.199    6.711
CT2039:100           -7.590   -6.837   -5.960   -5.050   -4.122   -3.221
   -2.363   -1.565   -0.839   -0.204    0.343    0.799    1.165    1.440
    1.641    1.791    1.911    2.029    2.171    2.359    2.612    2.951
    3.370    3.866    4.425    5.036    5.648    6.240    6.736
CT2039:095           -7.440   -6.712   -5.856   -4.964   -4.050   -3.158
   -2.306   -1.511   -0.785   -0.148    0.400    0.856    1.222    1.498
    1.701    1.855    1.983    2.111    2.267    2.470    2.738    3.090
    3.521    4.025    4.591    5.207    5.825    6.426    6.937
CT2039:090           -7.451   -6.724   -5.871   -4.984   -4.074   -3.184
   -2.334   -1.539   -0.814   -0.177    0.370    0.826    1.193    1.471
    1.680    1.844    1.985    2.130    2.304    2.525    2.808    3.170
    3.606    4.109    4.669    5.273    5.877    6.462    6.957
CT2039:085           -7.358   -6.654   -5.821   -4.953   -4.061   -3.186
   -2.348   -1.564   -0.848   -0.220    0.320    0.771    1.138    1.420
    1.640    1.821    1.985    2.156    2.357    2.604    2.910    3.290
    3.739    4.251    4.815    5.421    6.028    6.618    7.124
CT2039:080           -7.377   -6.678   -5.855   -4.998   -4.117   -3.254
   -2.428   -1.655   -0.950   -0.331    0.202    0.649    1.017    1.308
    1.544    1.747    1.938    2.139    2.370    2.643    2.970    3.364
    3.819    4.330    4.888    5.482    6.075    6.650    7.140
CT2039:075           -7.444   -6.745   -5.929   -5.080   -4.211   -3.361
   -2.547   -1.787   -1.093   -0.484    0.042    0.488    0.860    1.165
    1.422    1.654    1.877    2.113    2.376    2.677    3.026    3.434
    3.895    4.406    4.958    5.543    6.124    6.688    7.170
CT2039:070           -7.468   -6.777   -5.976   -5.144   -4.293   -3.461
   -2.665   -1.921   -1.242   -0.644   -0.123    0.324    0.704    1.026
    1.308    1.570    1.828    2.097    2.391    2.718    3.086    3.504
    3.968    4.476    5.020    5.593    6.160    6.710    7.180
CT2039:065           -7.533   -6.848   -6.059   -5.243   -4.409   -3.594
   -2.815   -2.086   -1.419   -0.828   -0.308    0.145    0.539    0.882
    1.193    1.486    1.777    2.078    2.399    2.747    3.129    3.552
    4.016    4.518    5.052    5.611    6.164    6.700    7.156
CT2039:060           -7.562   -6.889   -6.118   -5.321   -4.507   -3.713
   -2.952   -2.238   -1.582   -0.995   -0.473   -0.010    0.401    0.769
    1.108    1.432    1.753    2.081    2.423    2.787    3.179    3.606
    4.068    4.564    5.090    5.639    6.182    6.707    7.155
CT2039:055           -7.493   -6.854   -6.116   -5.352   -4.571   -3.805
   -3.067   -2.372   -1.727   -1.143   -0.617   -0.143    0.286    0.677
    1.043    1.394    1.739    2.088    2.446    2.821    3.218    3.646
    4.105    4.596    5.114    5.656    6.192    6.711    7.156
CT2039:050           -7.527   -6.901   -6.182   -5.437   -4.677   -3.929
   -3.208   -2.523   -1.884   -1.299   -0.764   -0.275    0.173    0.587
    0.976    1.350    1.715    2.079    2.448    2.830    3.229    3.657
    4.113    4.600    5.113    5.650    6.181    6.697    7.139
CT2039:045           -7.405   -6.824   -6.147   -5.442   -4.717   -4.000
   -3.304   -2.637   -2.009   -1.427   -0.888   -0.389    0.073    0.504
    0.909    1.299    1.677    2.051    2.427    2.813    3.216    3.644
    4.101    4.587    5.101    5.638    6.172    6.691    7.140
CT2039:040           -7.440   -6.872   -6.213   -5.527   -4.821   -4.121
   -3.439   -2.783   -2.161   -1.579   -1.035   -0.529   -0.056    0.386
    0.803    1.203    1.590    1.971    2.353    2.744    3.150    3.582
    4.042    4.532    5.049    5.590    6.129    6.652    7.105
CT2039:035           -7.333   -6.808   -6.187   -5.538   -4.866   -4.195
   -3.536   -2.900   -2.291   -1.718   -1.179   -0.675   -0.201    0.243
    0.662    1.064    1.455    1.839    2.226    2.622    3.035    3.473
    3.941    4.439    4.964    5.513    6.058    6.588    7.048
CT2039:030           -7.368   -6.855   -6.250   -5.618   -4.963   -4.309
   -3.666   -3.043   -2.446   -1.883   -1.352   -0.854   -0.386    0.052
    0.468    0.868    1.258    1.646    2.038    2.443    2.867    3.319
    3.802    4.315    4.855    5.419    5.979    6.523    6.995
CT2039:025           -7.283   -6.806   -6.234   -5.634   -5.010   -4.382
   -3.764   -3.163   -2.586   -2.041   -1.528   -1.047   -0.595   -0.171
    0.232    0.623    1.008    1.396    1.794    2.209    2.647    3.116
    3.617    4.149    4.708    5.289    5.864    6.421    6.902
CT2039:020           -7.316   -6.848   -6.291   -5.707   -5.099   -4.489
   -3.889   -3.307   -2.749   -2.224   -1.731   -1.271   -0.840   -0.436
   -0.049    0.328    0.706    1.094    1.498    1.926    2.382    2.874
    3.400    3.959    4.545    5.152    5.751    6.332    6.832
CT2039:015           -7.281   -6.836   -6.301   -5.740   -5.155   -4.568
   -3.992   -3.433   -2.900   -2.401   -1.935   -1.503   -1.099   -0.720
   -0.357    0.003    0.370    0.755    1.164    1.604    2.080    2.598
    3.153    3.742    4.359    4.995    5.621    6.225    6.744
CT2039:010           -7.309   -6.871   -6.349   -5.801   -5.233   -4.664
   -4.108   -3.572   -3.063   -2.591   -2.154   -1.751   -1.378   -1.028
   -0.690   -0.351    0.002    0.383    0.796    1.250    1.747    2.293
    2.881    3.504    4.156    4.826    5.484    6.118    6.660
CT2039:005           -7.318   -6.888   -6.379   -5.846   -5.294   -4.745
   -4.211   -3.699   -3.217   -2.774   -2.369   -1.999   -1.659   -1.341
   -1.031   -0.715   -0.378   -0.004    0.413    0.879    1.398    1.974
    2.595    3.256    3.946    4.653    5.345    6.011    6.579
CT2040:360           -7.381   -6.952   -6.448   -5.922   -5.380   -4.846
   -4.329   -3.838   -3.381   -2.966   -2.591   -2.253   -1.946   -1.659
   -1.377   -1.085   -0.763   -0.394    0.027    0.507    1.050    1.658
    2.318    3.020    3.753    4.502    5.233    5.935    6.531
