CT2011:360           -8.759   -8.728   -8.637   -8.544   -8.473   -8.463
   -8.512   -8.615   -8.757   -8.912   -9.047   -9.130   -9.134   -9.027
   -8.799   -8.454   -7.987   -7.400   -6.714   -5.930   -5.053   -4.074
   -3.006   -1.856   -0.636    0.646    1.942    3.228    4.444
CT2011:355           -8.913   -8.943   -8.913   -8.879   -8.868   -8.916
   -9.018   -9.168   -9.350   -9.536   -9.692   -9.789   -9.802   -9.699
   -9.473   -9.129   -8.661   -8.069   -7.370   -6.567   -5.661   -4.644
   -3.532   -2.333   -1.064    0.265    1.605    2.934    4.190
CT2011:350           -9.132   -9.200   -9.204   -9.202   -9.221   -9.295
   -9.418   -9.584   -9.777   -9.968  -10.127  -10.229  -10.250  -10.161
   -9.955   -9.635   -9.190   -8.616   -7.926   -7.119   -6.195   -5.146
   -3.993   -2.747   -1.429   -0.050    1.336    2.710    4.011
CT2011:345           -9.255   -9.359   -9.390   -9.412   -9.446   -9.527
   -9.651   -9.811   -9.992  -10.173  -10.325  -10.429  -10.463  -10.402
  -10.236   -9.963   -9.568   -9.037   -8.378   -7.587   -6.663   -5.597
   -4.416   -3.138   -1.785   -0.375    1.039    2.439    3.763
CT2011:340           -9.385   -9.508   -9.546   -9.569   -9.595   -9.657
   -9.755   -9.883  -10.032  -10.183  -10.318  -10.418  -10.468  -10.444
  -10.331  -10.122   -9.791   -9.318   -8.704   -7.941   -7.025   -5.950
   -4.749   -3.444   -2.062   -0.622    0.821    2.250    3.604
CT2011:335           -9.413   -9.560   -9.602   -9.620   -9.629   -9.659
   -9.716   -9.798   -9.900  -10.014  -10.125  -10.222  -10.292  -10.311
  -10.261  -10.124   -9.868   -9.462   -8.901   -8.174   -7.278   -6.206
   -4.999   -3.681   -2.283   -0.828    0.631    2.076    3.449
CT2011:330           -9.483   -9.630   -9.656   -9.648   -9.619   -9.598
   -9.597   -9.618   -9.663   -9.731   -9.815   -9.907   -9.995  -10.058
  -10.070  -10.003   -9.819   -9.478   -8.970   -8.283   -7.412   -6.354
   -5.152   -3.834   -2.434   -0.974    0.494    1.951    3.341
CT2011:325           -9.420   -9.580   -9.596   -9.568   -9.503   -9.432
   -9.373   -9.334   -9.324   -9.350   -9.410   -9.499   -9.607   -9.710
   -9.776   -9.770   -9.648   -9.362   -8.902   -8.252   -7.411   -6.376
   -5.191   -3.887   -2.497   -1.040    0.430    1.894    3.304
CT2011:320           -9.434   -9.582   -9.569   -9.503   -9.389   -9.259
   -9.137   -9.037   -8.972   -8.957   -8.994   -9.079   -9.201   -9.334
   -9.439   -9.478   -9.400   -9.155   -8.732   -8.118   -7.310   -6.308
   -5.156   -3.883   -2.520   -1.084    0.375    1.834    3.249
CT2011:315           -9.409   -9.546   -9.504   -9.403   -9.244   -9.061
   -8.885   -8.732   -8.622   -8.574   -8.593   -8.674   -8.804   -8.955
   -9.084   -9.147   -9.094   -8.875   -8.480   -7.897   -7.126   -6.167
   -5.062   -3.836   -2.516   -1.115    0.317    1.755    3.160
CT2011:310           -9.377   -9.494   -9.422   -9.286   -9.085   -8.856
   -8.634   -8.439   -8.293   -8.221   -8.224   -8.299   -8.429   -8.585
   -8.719   -8.787   -8.740   -8.530   -8.151   -7.593   -6.859   -5.945
   -4.890   -3.715   -2.442   -1.075    0.333    1.753    3.154
CT2011:305           -9.333   -9.431   -9.332   -9.166   -8.931   -8.667
   -8.411   -8.186   -8.015   -7.925   -7.916   -7.983   -8.106   -8.255
   -8.382   -8.442   -8.389   -8.180   -7.812   -7.278   -6.580   -5.716
   -4.717   -3.599   -2.379   -1.057    0.315    1.706    3.085
CT2011:300           -9.264   -9.341   -9.219   -9.028   -8.769   -8.481
   -8.203   -7.959   -7.772   -7.668   -7.648   -7.705   -7.816   -7.952
   -8.063   -8.109   -8.044   -7.831   -7.470   -6.955   -6.289   -5.466
   -4.513   -3.441   -2.263   -0.972    0.378    1.752    3.121
CT2011:295           -9.175   -9.233   -9.093   -8.885   -8.611   -8.311
   -8.022   -7.769   -7.574   -7.462   -7.432   -7.477   -7.576   -7.698
   -7.794   -7.828   -7.755   -7.542   -7.188   -6.690   -6.048   -5.257
   -4.337   -3.297   -2.147   -0.878    0.456    1.817    3.176
CT2011:290           -9.075   -9.112   -8.957   -8.738   -8.457   -8.154
   -7.865   -7.611   -7.414   -7.298   -7.262   -7.298   -7.388   -7.501
   -7.592   -7.623   -7.552   -7.345   -7.001   -6.515   -5.888   -5.111
   -4.205   -3.177   -2.038   -0.777    0.550    1.902    3.250
CT2011:285           -8.980   -8.991   -8.822   -8.594   -8.311   -8.013
   -7.730   -7.484   -7.292   -7.178   -7.141   -7.174   -7.263   -7.377
   -7.474   -7.515   -7.457   -7.262   -6.928   -6.447   -5.818   -5.034
   -4.117   -3.076   -1.923   -0.651    0.683    2.038    3.380
CT2011:280           -8.850   -8.840   -8.662   -8.432   -8.154   -7.869
   -7.603   -7.373   -7.196   -7.093   -7.065   -7.107   -7.206   -7.335
   -7.452   -7.515   -7.479   -7.301   -6.974   -6.489   -5.845   -5.035
   -4.085   -3.010   -1.827   -0.535    0.808    2.164    3.490
CT2011:275           -8.719   -8.682   -8.494   -8.261   -7.991   -7.723
   -7.478   -7.272   -7.118   -7.037   -7.028   -7.090   -7.210   -7.364
   -7.509   -7.600   -7.589   -7.426   -7.100   -6.600   -5.925   -5.068
   -4.067   -2.940   -1.711   -0.387    0.972    2.336    3.648
CT2011:270           -8.561   -8.498   -8.301   -8.066   -7.805   -7.556
   -7.338   -7.162   -7.039   -6.989   -7.010   -7.100   -7.248   -7.432
   -7.605   -7.724   -7.733   -7.579   -7.247   -6.723   -6.007   -5.097
   -4.036   -2.853   -1.575   -0.222    1.149    2.511    3.798
CT2011:265           -8.428   -8.331   -8.116   -7.872   -7.614   -7.381
   -7.186   -7.039   -6.950   -6.933   -6.986   -7.105   -7.280   -7.486
   -7.680   -7.815   -7.835   -7.680   -7.336   -6.787   -6.032   -5.074
   -3.962   -2.732   -1.420   -0.051    1.313    2.656    3.896
CT2011:260           -8.240   -8.108   -7.874   -7.619   -7.361   -7.139
   -6.964   -6.845   -6.786   -6.799   -6.878   -7.017   -7.206   -7.419
   -7.615   -7.748   -7.762   -7.597   -7.237   -6.666   -5.882   -4.890
   -3.745   -2.486   -1.153    0.219    1.572    2.893    4.092
CT2011:255           -8.053   -7.880   -7.620   -7.344   -7.075   -6.853
   -6.684   -6.577   -6.533   -6.560   -6.647   -6.787   -6.966   -7.161
   -7.334   -7.443   -7.435   -7.253   -6.881   -6.302   -5.514   -4.519
   -3.375   -2.123   -0.803    0.544    1.859    3.134    4.271
CT2011:250           -7.835   -7.616   -7.321   -7.015   -6.723   -6.486
   -6.308   -6.195   -6.146   -6.163   -6.232   -6.344   -6.484   -6.632
   -6.754   -6.817   -6.774   -6.573   -6.199   -5.633   -4.872   -3.914
   -2.813   -1.606   -0.335    0.959    2.218    3.435    4.510
CT2011:245           -7.499   -7.246   -6.919   -6.584   -6.263   -5.999
   -5.795   -5.655   -5.577   -5.556   -5.579   -5.631   -5.702   -5.772
   -5.819   -5.816   -5.726   -5.506   -5.141   -4.610   -3.905   -3.020
   -1.996   -0.868    0.327    1.554    2.754    3.918    4.952
CT2011:240           -7.253   -6.940   -6.560   -6.172   -5.799   -5.484
   -5.227   -5.031   -4.891   -4.802   -4.745   -4.708   -4.682   -4.654
   -4.609   -4.531   -4.394   -4.165   -3.826   -3.358   -2.746   -1.976
   -1.079   -0.079    0.993    2.107    3.206    4.275    5.227
CT2011:235           -6.626   -6.291   -5.887   -5.473   -5.071   -4.718
   -4.416   -4.166   -3.962   -3.797   -3.653   -3.522   -3.396   -3.268
   -3.135   -2.989   -2.815   -2.592   -2.301   -1.920   -1.430   -0.811
   -0.076    0.761    1.677    2.655    3.636    4.603    5.484
CT2011:230           -6.354   -5.949   -5.475   -4.990   -4.513   -4.080
   -3.691   -3.347   -3.043   -2.771   -2.516   -2.270   -2.030   -1.796
   -1.571   -1.355   -1.143   -0.923   -0.677   -0.381   -0.013    0.457
    1.029    1.699    2.455    3.288    4.144    4.996    5.784
CT2011:225           -6.002   -5.538   -4.999   -4.447   -3.896   -3.381
   -2.903   -2.463   -2.058   -1.680   -1.318   -0.967   -0.626   -0.301
   -0.001    0.271    0.511    0.723    0.926    1.142    1.398    1.728
    2.145    2.657    3.260    3.957    4.694    5.439    6.145
CT2011:220           -5.712   -5.172   -4.556   -3.924   -3.291   -2.687
   -2.117   -1.582   -1.079   -0.605   -0.151    0.286    0.705    1.096
    1.449    1.757    2.012    2.212    2.377    2.527    2.688    2.898
    3.181    3.551    4.014    4.580    5.199    5.836    6.450
CT2011:215           -5.444   -4.823   -4.127   -3.414   -2.699   -2.011
   -1.356   -0.736   -0.151    0.399    0.921    1.417    1.884    2.311
    2.690    3.013    3.270    3.457    3.592    3.693    3.786    3.908
    4.088    4.348    4.697    5.153    5.669    6.207    6.735
CT2011:210           -5.150   -4.453   -3.681   -2.893   -2.102   -1.341
   -0.615    0.072    0.717    1.318    1.880    2.404    2.887    3.321
    3.698    4.014    4.260    4.433    4.547    4.619    4.672    4.742
    4.858    5.044    5.313    5.685    6.118    6.575    7.024
CT2011:205           -4.928   -4.145   -3.292   -2.427   -1.564   -0.737
    0.049    0.786    1.472    2.100    2.677    3.202    3.676    4.091
    4.444    4.736    4.961    5.115    5.215    5.275    5.314    5.363
    5.451    5.600    5.821    6.136    6.507    6.897    7.275
CT2011:200           -4.649   -3.793   -2.874   -1.945   -1.025   -0.149
    0.676    1.442    2.146    2.778    3.345    3.850    4.293    4.670
    4.983    5.238    5.432    5.567    5.657    5.716    5.761    5.817
    5.907    6.050    6.255    6.541    6.870    7.213    7.531
CT2011:195           -4.408   -3.481   -2.498   -1.511   -0.540    0.373
    1.224    2.005    2.711    3.331    3.875    4.346    4.748    5.078
    5.344    5.555    5.715    5.828    5.912    5.976    6.038    6.116
    6.229    6.388    6.601    6.877    7.184    7.494    7.761
CT2011:190           -4.158   -3.167   -2.131   -1.096   -0.087    0.851
    1.717    2.500    3.195    3.794    4.307    4.740    5.097    5.380
    5.598    5.766    5.891    5.983    6.058    6.130    6.211    6.319
    6.463    6.652    6.886    7.167    7.463    7.752    7.977
CT2011:185           -3.853   -2.819   -1.746   -0.679    0.353    1.303
    2.169    2.944    3.622    4.194    4.675    5.071    5.388    5.629
    5.807    5.937    6.031    6.102    6.169    6.244    6.341    6.475
    6.650    6.869    7.127    7.420    7.714    7.989    8.177
CT2011:180           -3.643   -2.557   -1.444   -0.343    0.714    1.675
    2.543    3.310    3.974    4.526    4.983    5.352    5.642    5.854
    6.005    6.109    6.180    6.234    6.290    6.364    6.468    6.617
    6.814    7.055    7.334    7.639    7.931    8.197    8.354
CT2011:175           -3.313   -2.208   -1.080    0.033    1.095    2.055
    2.916    3.672    4.321    4.856    5.296    5.649    5.924    6.122
    6.258    6.349    6.405    6.445    6.488    6.552    6.651    6.802
    7.004    7.255    7.544    7.855    8.144    8.401    8.530
CT2011:170           -3.147   -2.002   -0.845    0.291    1.370    2.338
    3.203    3.959    4.607    5.141    5.580    5.935    6.213    6.415
    6.553    6.643    6.694    6.724    6.753    6.800    6.883    7.019
    7.210    7.454    7.738    8.045    8.327    8.571    8.674
CT2011:165           -2.920   -1.756   -0.586    0.561    1.647    2.619
    3.487    4.247    4.899    5.441    5.893    6.261    6.556    6.774
    6.926    7.024    7.077    7.099    7.112    7.136    7.190    7.296
    7.460    7.679    7.944    8.234    8.498    8.722    8.797
CT2011:160           -2.797   -1.605   -0.414    0.750    1.850    2.834
    3.715    4.489    5.159    5.724    6.201    6.597    6.920    7.166
    7.341    7.456    7.516    7.533    7.530    7.527    7.546    7.613
    7.737    7.920    8.154    8.419    8.662    8.865    8.915
CT2011:155           -2.667   -1.456   -0.252    0.925    2.036    3.032
    3.929    4.724    5.419    6.014    6.524    6.956    7.315    7.594
    7.797    7.932    8.002    8.016    7.997    7.966    7.948    7.970
    8.048    8.186    8.381    8.615    8.832    9.012    9.039
CT2011:150           -2.587   -1.357   -0.139    1.050    2.175    3.188
    4.106    4.927    5.653    6.284    6.833    7.305    7.703    8.016
    8.248    8.404    8.485    8.496    8.463    8.406    8.349    8.326
    8.354    8.445    8.595    8.792    8.978    9.129    9.133
CT2011:145           -2.498   -1.259   -0.033    1.165    2.301    3.331
    4.270    5.117    5.876    6.544    7.132    7.644    8.079    8.427
    8.687    8.864    8.956    8.968    8.924    8.846    8.760    8.698
    8.685    8.735    8.847    9.016    9.182    9.320    9.321
CT2011:140           -2.457   -1.210    0.024    1.231    2.379    3.426
    4.387    5.262    6.053    6.755    7.380    7.928    8.397    8.775
    9.059    9.254    9.356    9.368    9.316    9.219    9.105    9.009
    8.955    8.963    9.034    9.165    9.300    9.410    9.388
CT2011:135           -2.469   -1.211    0.033    1.251    2.412    3.477
    4.460    5.360    6.180    6.913    7.569    8.148    8.647    9.051
    9.356    9.568    9.679    9.694    9.638    9.530    9.398    9.276
    9.193    9.168    9.206    9.308    9.419    9.507    9.472
CT2011:130           -2.469   -1.211    0.035    1.256    2.424    3.501
    4.500    5.419    6.259    7.015    7.694    8.296    8.817    9.241
    9.564    9.789    9.910    9.929    9.872    9.759    9.616    9.477
    9.373    9.323    9.334    9.410    9.495    9.561    9.510
CT2011:125           -2.545   -1.284   -0.034    1.192    2.367    3.455
    4.467    5.400    6.255    7.026    7.721    8.338    8.874    9.311
    9.647    9.883   10.012   10.036    9.981    9.866    9.717    9.566
    9.444    9.371    9.354    9.395    9.444    9.471    9.377
CT2011:120           -2.588   -1.335   -0.091    1.131    2.305    3.395
    4.411    5.349    6.210    6.987    7.688    8.311    8.854    9.300
    9.644    9.889   10.028   10.063   10.018    9.912    9.771    9.624
    9.502    9.425    9.399    9.428    9.465    9.480    9.378
CT2011:115           -2.637   -1.406   -0.178    1.032    2.196    3.280
    4.291    5.226    6.083    6.856    7.554    8.175    8.715    9.160
    9.505    9.754    9.900    9.943    9.909    9.813    9.680    9.538
    9.413    9.326    9.282    9.281    9.279    9.249    9.090
CT2011:110           -2.722   -1.509   -0.295    0.902    2.056    3.132
    4.135    5.061    5.910    6.675    7.364    7.977    8.511    8.952
    9.297    9.549    9.704    9.763    9.748    9.675    9.566    9.446
    9.341    9.267    9.232    9.234    9.232    9.203    9.046
CT2011:105           -2.700   -1.536   -0.360    0.803    1.930    2.981
    3.964    4.871    5.702    6.450    7.122    7.720    8.239    8.669
    9.008    9.260    9.421    9.493    9.498    9.449    9.365    9.269
    9.184    9.125    9.097    9.099    9.091    9.053    8.883
CT2011:100           -2.828   -1.689   -0.536    0.607    1.715    2.750
    3.716    4.607    5.423    6.156    6.814    7.397    7.904    8.324
    8.657    8.908    9.076    9.164    9.190    9.168    9.114    9.048
    8.991    8.956    8.948    8.964    8.969    8.942    8.786
CT2011:095           -2.809   -1.729   -0.623    0.477    1.548    2.552
    3.491    4.358    5.152    5.866    6.507    7.075    7.569    7.980
    8.308    8.560    8.735    8.838    8.886    8.892    8.873    8.845
    8.828    8.833    8.867    8.926    8.978    9.003    8.912
CT2011:090           -2.972   -1.927   -0.849    0.223    1.269    2.251
    3.170    4.019    4.798    5.499    6.128    6.686    7.173    7.577
    7.901    8.151    8.329    8.440    8.501    8.525    8.528    8.525
    8.535    8.567    8.625    8.708    8.782    8.830    8.764
CT2011:085           -3.131   -2.124   -1.080   -0.039    0.980    1.937
    2.835    3.667    4.431    5.120    5.741    6.293    6.776    7.178
    7.502    7.754    7.936    8.054    8.128    8.170    8.197    8.226
    8.273    8.347    8.452    8.588    8.722    8.835    8.853
CT2011:080           -3.323   -2.357   -1.349   -0.340    0.648    1.580
    2.455    3.268    4.017    4.694    5.306    5.852    6.330    6.729
    7.051    7.302    7.483    7.603    7.680    7.730    7.770    7.818
    7.889    7.991    8.126    8.294    8.461    8.608    8.663
CT2011:075           -3.577   -2.645   -1.668   -0.689    0.273    1.181
    2.035    2.830    3.563    4.228    4.829    5.367    5.839    6.235
    6.555    6.805    6.988    7.110    7.194    7.256    7.314    7.389
    7.493    7.635    7.816    8.036    8.260    8.469    8.597
CT2011:070           -3.792   -2.908   -1.973   -1.033   -0.107    0.770
    1.596    2.365    3.074    3.718    4.300    4.821    5.279    5.663
    5.975    6.220    6.401    6.526    6.617    6.691    6.768    6.869
    7.006    7.185    7.407    7.670    7.939    8.195    8.372
CT2011:065           -4.008   -3.174   -2.284   -1.386   -0.498    0.343
    1.136    1.873    2.552    3.165    3.719    4.214    4.648    5.014
    5.313    5.552    5.735    5.870    5.979    6.081    6.193    6.338
    6.526    6.765    7.051    7.386    7.733    8.072    8.346
CT2011:060           -4.237   -3.459   -2.618   -1.767   -0.924   -0.123
    0.630    1.327    1.965    2.537    3.050    3.505    3.903    4.239
    4.517    4.745    4.927    5.074    5.206    5.340    5.493    5.687
    5.928    6.222    6.566    6.958    7.364    7.761    8.095
CT2011:055           -4.495   -3.768   -2.976   -2.174   -1.376   -0.621
    0.085    0.735    1.324    1.845    2.307    2.712    3.066    3.365
    3.617    3.833    4.018    4.186    4.353    4.535    4.746    5.005
    5.317    5.684    6.103    6.572    7.057    7.537    7.961
CT2011:050           -4.732   -4.067   -3.333   -2.587   -1.845   -1.145
   -0.495    0.097    0.627    1.086    1.486    1.832    2.132    2.387
    2.610    2.812    3.003    3.195    3.404    3.639    3.915    4.245
    4.630    5.071    5.562    6.101    6.655    7.204    7.697
CT2011:045           -5.088   -4.468   -3.783   -3.086   -2.396   -1.751
   -1.158   -0.628   -0.164    0.229    0.562    0.845    1.087    1.298
    1.492    1.681    1.879    2.099    2.350    2.641    2.979    3.375
    3.826    4.328    4.874    5.461    6.054    6.635    7.146
CT2011:040           -5.330   -4.776   -4.156   -3.525   -2.902   -2.326
   -1.805   -1.348   -0.959   -0.642   -0.380   -0.163    0.024    0.195
    0.366    0.552    0.767    1.024    1.327    1.683    2.095    2.569
    3.099    3.680    4.304    4.967    5.635    6.290    6.876
CT2011:035           -5.654   -5.157   -4.598   -4.032   -3.475   -2.970
   -2.524   -2.144   -1.834   -1.594   -1.404   -1.251   -1.116   -0.980
   -0.825   -0.639   -0.405   -0.114    0.234    0.643    1.112    1.644
    2.228    2.858    3.523    4.216    4.902    5.565    6.135
CT2011:030           -5.894   -5.466   -4.978   -4.483   -4.002   -3.576
   -3.211   -2.915   -2.687   -2.524   -2.405   -2.308   -2.215   -2.103
   -1.952   -1.751   -1.488   -1.152   -0.749   -0.279    0.256    0.856
    1.510    2.210    2.948    3.714    4.474    5.213    5.861
CT2011:025           -6.113   -5.759   -5.347   -4.930   -4.528   -4.185
   -3.906   -3.695   -3.551   -3.465   -3.411   -3.367   -3.309   -3.211
   -3.057   -2.838   -2.542   -2.164   -1.714   -1.193   -0.606    0.047
    0.754    1.508    2.299    3.118    3.930    4.719    5.410
CT2011:020           -6.346   -6.058   -5.715   -5.370   -5.043   -4.779
   -4.581   -4.451   -4.385   -4.369   -4.373   -4.372   -4.340   -4.249
   -4.084   -3.840   -3.510   -3.090   -2.593   -2.025   -1.390   -0.686
    0.074    0.884    1.735    2.621    3.503    4.365    5.133
CT2011:015           -6.562   -6.339   -6.064   -5.787   -5.533   -5.344
   -5.221   -5.167   -5.171   -5.217   -5.272   -5.306   -5.294   -5.205
   -5.027   -4.759   -4.396   -3.939   -3.404   -2.796   -2.120   -1.372
   -0.563    0.302    1.215    2.172    3.132    4.078    4.938
CT2011:010           -6.777   -6.613   -6.399   -6.185   -5.995   -5.872
   -5.816   -5.826   -5.891   -5.989   -6.086   -6.150   -6.154   -6.067
   -5.880   -5.595   -5.209   -4.727   -4.165   -3.530   -2.825   -2.044
   -1.198   -0.288    0.677    1.693    2.719    3.734    4.668
CT2011:005           -7.002   -6.885   -6.720   -6.556   -6.419   -6.349
   -6.346   -6.406   -6.517   -6.655   -6.783   -6.869   -6.887   -6.805
   -6.615   -6.322   -5.925   -5.429   -4.852   -4.198   -3.469   -2.658
   -1.772   -0.815    0.208    1.294    2.399    3.499    4.529
CT2012:360           -7.190   -7.120   -7.000   -6.881   -6.788   -6.760
   -6.797   -6.894   -7.038   -7.205   -7.356   -7.461   -7.493   -7.423
   -7.242   -6.958   -6.568   -6.077   -5.501   -4.844   -4.105   -3.274
   -2.360   -1.364   -0.295    0.847    2.014    3.177    4.276
