CT2004:360           -8.281   -8.152   -7.924   -7.676   -7.430   -7.239
   -7.112   -7.056   -7.058   -7.094   -7.118   -7.085   -6.953   -6.667
   -6.205   -5.565   -4.737   -3.726   -2.577   -1.317    0.019    1.391
    2.754    4.073    5.314    6.418    7.362    8.181    8.696
CT2004:355           -8.323   -8.258   -8.099   -7.923   -7.753   -7.644
   -7.602   -7.633   -7.723   -7.845   -7.948   -7.987   -7.918   -7.682
   -7.256   -6.636   -5.809   -4.782   -3.598   -2.289   -0.891    0.553
    1.993    3.389    4.707    5.883    6.898    7.787    8.372
CT2004:350           -8.460   -8.432   -8.316   -8.186   -8.068   -8.014
   -8.031   -8.121   -8.271   -8.451   -8.611   -8.704   -8.685   -8.494
   -8.103   -7.510   -6.696   -5.666   -4.466   -3.125   -1.684   -0.188
    1.309    2.763    4.139    5.371    6.441    7.386    8.034
CT2004:345           -8.558   -8.559   -8.477   -8.382   -8.300   -8.284
   -8.338   -8.465   -8.650   -8.865   -9.060   -9.189   -9.206   -9.050
   -8.692   -8.127   -7.334   -6.313   -5.109   -3.754   -2.287   -0.755
    0.782    2.281    3.704    4.988    6.116    7.125    7.856
CT2004:340           -8.649   -8.671   -8.610   -8.536   -8.475   -8.476
   -8.546   -8.686   -8.882   -9.107   -9.314   -9.457   -9.494   -9.362
   -9.033   -8.497   -7.732   -6.734   -5.548   -4.203   -2.741   -1.208
    0.335    1.842    3.276    4.576    5.727    6.766    7.544
CT2004:335           -8.751   -8.778   -8.721   -8.650   -8.589   -8.586
   -8.647   -8.774   -8.954   -9.161   -9.353   -9.486   -9.519   -9.393
   -9.079   -8.565   -7.826   -6.858   -5.702   -4.387   -2.950   -1.438
    0.091    1.591    3.030    4.351    5.542    6.636    7.507
CT2004:330           -8.793   -8.827   -8.770   -8.695   -8.625   -8.604
   -8.640   -8.735   -8.878   -9.046   -9.199   -9.300   -9.310   -9.174
   -8.864   -8.367   -7.660   -6.736   -5.633   -4.378   -3.006   -1.559
   -0.092    1.354    2.748    4.042    5.224    6.321    7.226
CT2004:325           -8.819   -8.852   -8.786   -8.697   -8.605   -8.551
   -8.545   -8.589   -8.674   -8.780   -8.873   -8.919   -8.884   -8.718
   -8.396   -7.907   -7.229   -6.356   -5.322   -4.149   -2.870   -1.518
   -0.142    1.225    2.556    3.812    4.981    6.084    7.033
CT2004:320           -8.816   -8.844   -8.763   -8.653   -8.530   -8.433
   -8.374   -8.354   -8.369   -8.399   -8.416   -8.391   -8.294   -8.083
   -7.737   -7.247   -6.596   -5.781   -4.830   -3.762   -2.601   -1.374
   -0.119    1.141    2.383    3.580    4.716    5.805    6.780
CT2004:315           -8.838   -8.854   -8.749   -8.612   -8.451   -8.304
   -8.185   -8.096   -8.033   -7.981   -7.916   -7.813   -7.647   -7.384
   -7.008   -6.515   -5.893   -5.143   -4.289   -3.345   -2.329   -1.257
   -0.154    0.963    2.079    3.175    4.230    5.252    6.179
CT2004:310           -8.800   -8.803   -8.678   -8.514   -8.318   -8.125
   -7.949   -7.795   -7.660   -7.531   -7.387   -7.207   -6.973   -6.656
   -6.246   -5.744   -5.145   -4.453   -3.689   -2.861   -1.981   -1.052
   -0.086    0.910    1.928    2.959    3.981    4.989    5.942
CT2004:305           -8.787   -8.775   -8.628   -8.439   -8.211   -7.978
   -7.755   -7.549   -7.356   -7.166   -6.961   -6.723   -6.437   -6.079
   -5.647   -5.145   -4.574   -3.944   -3.272   -2.562   -1.819   -1.039
   -0.220    0.637    1.530    2.456    3.388    4.313    5.191
CT2004:300           -8.723   -8.697   -8.533   -8.325   -8.075   -7.815
   -7.563   -7.323   -7.094   -6.867   -6.626   -6.354   -6.037   -5.657
   -5.215   -4.717   -4.170   -3.587   -2.982   -2.357   -1.711   -1.031
   -0.307    0.470    1.301    2.192    3.112    4.041    4.954
CT2004:295           -8.556   -8.536   -8.375   -8.167   -7.917   -7.653
   -7.397   -7.152   -6.919   -6.689   -6.447   -6.176   -5.863   -5.492
   -5.065   -4.590   -4.075   -3.537   -2.985   -2.423   -1.845   -1.233
   -0.574    0.147    0.932    1.793    2.696    3.615    4.531
CT2004:290           -8.472   -8.438   -8.270   -8.059   -7.810   -7.553
   -7.306   -7.076   -6.862   -6.656   -6.442   -6.204   -5.927   -5.595
   -5.207   -4.771   -4.294   -3.791   -3.272   -2.740   -2.187   -1.594
   -0.946   -0.230    0.560    1.438    2.367    3.320    4.286
CT2004:285           -8.283   -8.253   -8.096   -7.899   -7.670   -7.440
   -7.227   -7.037   -6.869   -6.716   -6.560   -6.387   -6.178   -5.915
   -5.593   -5.217   -4.789   -4.318   -3.817   -3.286   -2.719   -2.100
   -1.416   -0.656    0.184    1.120    2.115    3.140    4.192
CT2004:280           -8.180   -8.138   -7.983   -7.796   -7.586   -7.388
   -7.217   -7.077   -6.969   -6.886   -6.810   -6.722   -6.606   -6.437
   -6.205   -5.908   -5.542   -5.109   -4.621   -4.078   -3.478   -2.807
   -2.060   -1.232   -0.323    0.680    1.740    2.828    3.943
CT2004:275           -8.125   -8.058   -7.898   -7.716   -7.524   -7.360
   -7.232   -7.147   -7.104   -7.098   -7.110   -7.121   -7.109   -7.050
   -6.922   -6.718   -6.424   -6.033   -5.555   -4.991   -4.340   -3.592
   -2.755   -1.829   -0.819    0.282    1.439    2.623    3.836
CT2004:270           -8.004   -7.923   -7.767   -7.597   -7.430   -7.304
   -7.224   -7.197   -7.222   -7.296   -7.398   -7.510   -7.611   -7.668
   -7.655   -7.556   -7.347   -7.009   -6.551   -5.972   -5.273   -4.450
   -3.522   -2.497   -1.388   -0.192    1.050    2.316    3.599
CT2004:265           -7.928   -7.820   -7.657   -7.490   -7.340   -7.242
   -7.201   -7.222   -7.305   -7.448   -7.632   -7.837   -8.042   -8.211
   -8.313   -8.320   -8.199   -7.923   -7.494   -6.910   -6.174   -5.282
   -4.265   -3.140   -1.928   -0.631    0.708    2.066    3.433
CT2004:260           -7.788   -7.660   -7.494   -7.331   -7.196   -7.124
   -7.115   -7.176   -7.306   -7.507   -7.759   -8.046   -8.343   -8.615
   -8.822   -8.934   -8.905   -8.698   -8.313   -7.742   -6.988   -6.048
   -4.962   -3.756   -2.455   -1.069    0.355    1.792    3.228
CT2004:255           -7.569   -7.429   -7.263   -7.106   -6.983   -6.930
   -6.946   -7.035   -7.201   -7.445   -7.751   -8.102   -8.473   -8.832
   -9.132   -9.337   -9.398   -9.265   -8.934   -8.392   -7.641   -6.675
   -5.541   -4.270   -2.894   -1.425    0.081    1.599    3.109
CT2004:250           -7.406   -7.238   -7.057   -6.890   -6.764   -6.715
   -6.738   -6.841   -7.024   -7.295   -7.636   -8.030   -8.457   -8.882
   -9.258   -9.545   -9.686   -9.628   -9.360   -8.866   -8.140   -7.175
   -6.023   -4.715   -3.288   -1.758   -0.189    1.392    2.958
CT2004:245           -7.197   -7.002   -6.804   -6.623   -6.488   -6.434
   -6.456   -6.562   -6.753   -7.037   -7.398   -7.821   -8.285   -8.758
   -9.192   -9.544   -9.756   -9.770   -9.569   -9.132   -8.449   -7.509
   -6.361   -5.040   -3.584   -2.010   -0.392    1.240    2.854
CT2004:240           -7.010   -6.777   -6.550   -6.344   -6.189   -6.120
   -6.130   -6.228   -6.416   -6.703   -7.072   -7.510   -7.997   -8.501
   -8.975   -9.376   -9.646   -9.723   -9.588   -9.215   -8.588   -7.690
   -6.568   -5.255   -3.790   -2.192   -0.541    1.127    2.776
CT2004:235           -6.870   -6.584   -6.314   -6.069   -5.881   -5.785
   -5.774   -5.855   -6.031   -6.313   -6.682   -7.125   -7.621   -8.142
   -8.642   -9.076   -9.390   -9.522   -9.447   -9.137   -8.571   -7.726
   -6.645   -5.357   -3.903   -2.299   -0.632    1.055    2.724
CT2004:230           -6.661   -6.329   -6.019   -5.738   -5.516   -5.393
   -5.359   -5.423   -5.587   -5.862   -6.229   -6.673   -7.173   -7.703
   -8.217   -8.673   -9.018   -9.192   -9.169   -8.916   -8.411   -7.621
   -6.588   -5.337   -3.905   -2.308   -0.639    1.055    2.734
CT2004:225           -6.284   -5.931   -5.598   -5.293   -5.049   -4.905
   -4.855   -4.906   -5.063   -5.334   -5.700   -6.146   -6.649   -7.183
   -7.705   -8.175   -8.541   -8.745   -8.762   -8.556   -8.103   -7.365
   -6.380   -5.168   -3.766   -2.185   -0.522    1.171    2.855
CT2004:220           -6.059   -5.654   -5.274   -4.924   -4.640   -4.461
   -4.383   -4.412   -4.553   -4.815   -5.176   -5.618   -6.120   -6.655
   -7.178   -7.653   -8.031   -8.256   -8.301   -8.133   -7.723   -7.034
   -6.097   -4.930   -3.567   -2.016   -0.378    1.295    2.963
CT2004:215           -5.619   -5.199   -4.797   -4.424   -4.115   -3.915
   -3.818   -3.833   -3.964   -4.221   -4.580   -5.022   -5.524   -6.059
   -6.584   -7.062   -7.446   -7.683   -7.747   -7.605   -7.229   -6.580
   -5.687   -4.565   -3.246   -1.735   -0.133    1.507    3.144
CT2004:210           -5.379   -4.904   -4.450   -4.028   -3.674   -3.434
   -3.303   -3.290   -3.399   -3.641   -3.989   -4.424   -4.921   -5.452
   -5.973   -6.448   -6.831   -7.071   -7.145   -7.020   -6.669   -6.054
   -5.200   -4.124   -2.853   -1.390    0.165    1.759    3.353
CT2004:205           -5.418   -4.836   -4.293   -3.788   -3.360   -3.059
   -2.873   -2.814   -2.886   -3.098   -3.424   -3.841   -4.324   -4.844
   -5.355   -5.822   -6.201   -6.441   -6.520   -6.409   -6.082   -5.502
   -4.695   -3.675   -2.469   -1.082    0.394    1.904    3.406
CT2004:200           -5.172   -4.535   -3.939   -3.383   -2.907   -2.560
   -2.333   -2.236   -2.273   -2.455   -2.755   -3.151   -3.616   -4.119
   -4.617   -5.071   -5.439   -5.672   -5.749   -5.643   -5.331   -4.778
   -4.010   -3.040   -1.893   -0.571    0.837    2.277    3.711
CT2004:195           -5.277   -4.522   -3.827   -3.180   -2.623   -2.204
   -1.910   -1.753   -1.734   -1.866   -2.120   -2.476   -2.906   -3.379
   -3.851   -4.283   -4.633   -4.854   -4.928   -4.829   -4.537   -4.019
   -3.301   -2.395   -1.325   -0.092    1.220    2.560    3.886
CT2004:190           -5.046   -4.239   -3.492   -2.794   -2.187   -1.718
   -1.374   -1.165   -1.094   -1.174   -1.378   -1.684   -2.068   -2.499
   -2.934   -3.334   -3.658   -3.864   -3.932   -3.839   -3.567   -3.087
   -2.420   -1.580   -0.585    0.562    1.784    3.033    4.268
CT2004:185           -4.793   -3.942   -3.150   -2.405   -1.749   -1.231
   -0.834   -0.569   -0.439   -0.455   -0.593   -0.833   -1.153   -1.524
   -1.904   -2.258   -2.548   -2.732   -2.793   -2.710   -2.466   -2.032
   -1.428   -0.662    0.248    1.304    2.431    3.585    4.726
CT2004:180           -4.589   -3.691   -2.850   -2.056   -1.349   -0.776
   -0.321    0.008    0.208    0.269    0.212    0.056   -0.179   -0.469
   -0.776   -1.069   -1.314   -1.473   -1.531   -1.467   -1.262   -0.890
   -0.362    0.314    1.126    2.075    3.095    4.139    5.170
CT2004:175           -4.343   -3.413   -2.534   -1.698   -0.945   -0.320
    0.194    0.589    0.865    1.011    1.049    0.993    0.861    0.670
    0.452    0.235    0.045   -0.088   -0.145   -0.106    0.049    0.347
    0.784    1.359    2.062    2.897    3.799    4.726    5.639
CT2004:170           -4.171   -3.202   -2.278   -1.395   -0.590    0.094
    0.673    1.143    1.504    1.747    1.892    1.949    1.935    1.859
    1.745    1.615    1.488    1.386    1.329    1.337    1.433    1.649
    1.987    2.452    3.039    3.753    4.533    5.337    6.127
CT2004:165           -4.028   -3.024   -2.058   -1.129   -0.273    0.472
    1.121    1.670    2.121    2.468    2.727    2.907    3.018    3.066
    3.064    3.027    2.966    2.897    2.839    2.813    2.846    2.973
    3.205    3.554    4.017    4.602    5.249    5.918    6.570
CT2004:160           -3.897   -2.861   -1.856   -0.884    0.024    0.830
    1.550    2.183    2.728    3.182    3.558    3.862    4.101    4.273
    4.384    4.443    4.450    4.416    4.360    4.306    4.280    4.323
    4.455    4.693    5.037    5.497    6.018    6.558    7.079
CT2004:155           -3.748   -2.695   -1.660   -0.652    0.301    1.166
    1.957    2.671    3.310    3.870    4.361    4.786    5.147    5.438
    5.656    5.805    5.879    5.880    5.831    5.753    5.677    5.645
    5.685    5.817    6.046    6.382    6.773    7.180    7.565
CT2004:150           -3.660   -2.585   -1.519   -0.473    0.527    1.453
    2.316    3.113    3.847    4.511    5.112    5.652    6.127    6.526
    6.842    7.074    7.211    7.251    7.215    7.127    7.016    6.925
    6.887    6.927    7.052    7.272    7.540    7.821    8.075
CT2004:145           -3.519   -2.441   -1.358   -0.287    0.749    1.727
    2.654    3.529    4.350    5.110    5.813    6.456    7.032    7.526
    7.928    8.233    8.429    8.508    8.494    8.408    8.279    8.149
    8.053    8.018    8.053    8.169    8.323    8.486    8.617
CT2004:140           -3.474   -2.385   -1.280   -0.182    0.893    1.923
    2.914    3.863    4.767    5.618    6.415    7.150    7.817    8.393
    8.869    9.240    9.489    9.610    9.626    9.554    9.424    9.271
    9.134    9.038    8.994    9.010    9.053    9.099    9.106
CT2004:135           -3.395   -2.308   -1.194   -0.079    1.024    2.096
    3.140    4.152    5.129    6.060    6.939    7.756    8.500    9.149
    9.689   10.118   10.419   10.584   10.638   10.596   10.483   10.329
   10.173   10.037    9.933    9.870    9.822    9.771    9.676
CT2004:130           -3.391   -2.305   -1.181   -0.050    1.078    2.187
    3.278    4.347    5.389    6.391    7.344    8.233    9.045    9.756
   10.352   10.832   11.181   11.392   11.488   11.483   11.398   11.256
   11.091   10.923   10.766   10.625   10.483   10.330   10.124
CT2004:125           -3.561   -2.451   -1.301   -0.142    1.018    2.166
    3.304    4.427    5.530    6.597    7.616    8.571    9.445   10.211
   10.858   11.385   11.780   12.037   12.179   12.216   12.166   12.042
   11.876   11.684   11.478   11.260   11.023   10.764   10.436
CT2004:120           -3.598   -2.498   -1.348   -0.185    0.986    2.156
    3.323    4.484    5.632    6.751    7.825    8.834    9.761   10.575
   11.267   11.838   12.277   12.582   12.773   12.859   12.852   12.760
   12.606   12.405   12.168   11.894   11.585   11.245   10.824
CT2004:115           -3.918   -2.784   -1.605   -0.413    0.788    1.990
    3.194    4.397    5.592    6.762    7.889    8.950    9.925   10.784
   11.517   12.128   12.608   12.956   13.193   13.324   13.357   13.289
   13.143   12.928   12.653   12.312   11.914   11.473   10.927
CT2004:110           -3.996   -2.879   -1.709   -0.521    0.682    1.894
    3.115    4.342    5.567    6.775    7.942    9.045   10.061   10.959
   11.729   12.376   12.896   13.286   13.569   13.747   13.823   13.791
   13.666   13.455   13.167   12.791   12.345   11.847   11.233
CT2004:105           -4.155   -3.049   -1.882   -0.695    0.513    1.737
    2.975    4.225    5.480    6.721    7.925    9.066   10.119   11.052
   11.856   12.537   13.091   13.519   13.840   14.058   14.172   14.170
   14.065   13.860   13.564   13.161   12.675   12.129   11.453
CT2004:100           -4.273   -3.191   -2.037   -0.858    0.348    1.578
    2.828    4.096    5.374    6.645    7.880    9.053   10.138   11.103
   11.937   12.646   13.229   13.687   14.039   14.288   14.432   14.456
   14.369   14.175   13.878   13.462   12.953   12.378   11.662
CT2004:095           -4.326   -3.286   -2.159   -0.999    0.199    1.429
    2.687    3.969    5.266    6.560    7.821    9.021   10.134   11.125
   11.984   12.717   13.323   13.802   14.176   14.446   14.612   14.656
   14.587   14.406   14.118   13.703   13.189   12.605   11.873
CT2004:090           -4.479   -3.469   -2.357   -1.207   -0.011    1.228
    2.499    3.798    5.117    6.434    7.720    8.944   10.081   11.094
   11.972   12.723   13.343   13.834   14.219   14.500   14.675   14.730
   14.673   14.503   14.225   13.817   13.306   12.720   11.977
CT2004:085           -4.613   -3.642   -2.551   -1.414   -0.221    1.023
    2.307    3.624    4.962    6.299    7.604    8.847   10.000   11.027
   11.917   12.677   13.304   13.798   14.184   14.466   14.643   14.702
   14.653   14.496   14.233   13.842   13.344   12.770   12.029
CT2004:080           -4.800   -3.862   -2.790   -1.664   -0.471    0.784
    2.083    3.419    4.776    6.132    7.452    8.706    9.868   10.901
   11.793   12.553   13.177   13.666   14.046   14.321   14.495   14.556
   14.516   14.375   14.134   13.770   13.299   12.751   12.029
CT2004:075           -4.977   -4.080   -3.029   -1.918   -0.728    0.535
    1.849    3.201    4.576    5.944    7.272    8.529    9.689   10.715
   11.599   12.348   12.960   13.438   13.808   14.076   14.247   14.314
   14.290   14.174   13.968   13.648   13.224   12.722   12.042
CT2004:070           -5.192   -4.335   -3.309   -2.214   -1.030    0.239
    1.564    2.930    4.317    5.692    7.019    8.268    9.412   10.419
   11.280   12.007   12.598   13.059   13.415   13.676   13.848   13.926
   13.922   13.838   13.674   13.403   13.030   12.580   11.944
CT2004:065           -5.329   -4.533   -3.549   -2.486   -1.322   -0.062
    1.260    2.627    4.013    5.381    6.694    7.920    9.034   10.006
   10.833   11.528   12.093   12.537   12.885   13.148   13.332   13.436
   13.470   13.435   13.330   13.128   12.829   12.452   11.886
CT2004:060           -5.789   -5.024   -4.057   -3.005   -1.843   -0.578
    0.752    2.125    3.512    4.873    6.169    7.369    8.451    9.387
   10.179   10.847   11.396   11.837   12.197   12.486   12.710   12.870
   12.972   13.016   13.000   12.894   12.691   12.409   11.927
CT2004:055           -5.992   -5.293   -4.379   -3.376   -2.258   -1.031
    0.262    1.597    2.943    4.257    5.501    6.645    7.669    8.551
    9.297    9.929   10.458   10.897   11.272   11.592   11.862   12.079
   12.249   12.368   12.430   12.406   12.284   12.079   11.664
CT2004:050           -6.248   -5.608   -4.751   -3.805   -2.742   -1.574
   -0.344    0.925    2.200    3.440    4.608    5.677    6.633    7.457
    8.161    8.769    9.294    9.753   10.166   10.542   10.882   11.181
   11.441   11.654   11.813   11.887   11.860   11.748   11.416
CT2004:045           -6.607   -6.013   -5.210   -4.323   -3.328   -2.238
   -1.096    0.076    1.247    2.381    3.448    4.425    5.304    6.072
    6.744    7.345    7.890    8.393    8.870    9.326    9.758   10.159
   10.524   10.844   11.111   11.288   11.359   11.342   11.091
CT2004:040           -6.873   -6.348   -5.624   -4.820   -3.921   -2.944
   -1.927   -0.893    0.136    1.129    2.065    2.932    3.724    4.441
    5.097    5.711    6.300    6.874    7.441    8.001    8.549    9.071
    9.558   10.001   10.387   10.679   10.860   10.947   10.790
CT2004:035           -7.246   -6.771   -6.117   -5.396   -4.598   -3.748
   -2.877   -2.004   -1.145   -0.318    0.469    1.215    1.921    2.595
    3.250    3.901    4.558    5.227    5.907    6.592    7.271    7.928
    8.552    9.127    9.643   10.060   10.361   10.564   10.514
CT2004:030           -7.513   -7.113   -6.551   -5.934   -5.259   -4.559
   -3.860   -3.174   -2.508   -1.867   -1.243   -0.627   -0.008    0.629
    1.294    1.994    2.734    3.512    4.315    5.133    5.950    6.747
    7.508    8.218    8.863    9.401    9.817   10.129   10.179
CT2004:025           -7.697   -7.387   -6.931   -6.430   -5.891   -5.353
   -4.836   -4.347   -3.883   -3.434   -2.977   -2.491   -1.958   -1.354
   -0.674    0.080    0.907    1.796    2.724    3.674    4.628    5.562
    6.459    7.301    8.073    8.731    9.259    9.679    9.824
CT2004:020           -7.953   -7.717   -7.354   -6.959   -6.546   -6.160
   -5.815   -5.511   -5.238   -4.968   -4.667   -4.302   -3.849   -3.275
   -2.580   -1.776   -0.868    0.123    1.167    2.242    3.325    4.390
    5.417    6.387    7.284    8.061    8.700    9.227    9.470
CT2004:015           -8.046   -7.909   -7.656   -7.378   -7.096   -6.860
   -6.678   -6.548   -6.449   -6.343   -6.184   -5.933   -5.556   -5.017
   -4.319   -3.480   -2.510   -1.436   -0.295    0.887    2.084    3.269
    4.417    5.509    6.524    7.415    8.162    8.793    9.133
CT2004:010           -8.273   -8.202   -8.029   -7.840   -7.661   -7.544
   -7.493   -7.500   -7.540   -7.567   -7.525   -7.370   -7.064   -6.565
   -5.877   -5.023   -4.015   -2.882   -1.668   -0.399    0.895    2.184
    3.442    4.645    5.770    6.767    7.615    8.343    8.774
CT2004:005           -8.643   -8.596   -8.470   -8.336   -8.224   -8.190
   -8.230   -8.334   -8.475   -8.599   -8.648   -8.572   -8.331   -7.878
   -7.215   -6.369   -5.348   -4.181   -2.916   -1.581   -0.207    1.175
    2.533    3.840    5.071    6.172    7.121    7.950    8.481
CT2005:360           -8.822   -8.827   -8.759   -8.686   -8.641   -8.677
   -8.789   -8.967   -9.182   -9.381   -9.503   -9.497   -9.322   -8.926
   -8.310   -7.496   -6.490   -5.318   -4.028   -2.651   -1.217    0.239
    1.680    3.075    4.395    5.582    6.615    7.525    8.137
