CT2033:360           -6.836   -6.176   -5.389   -4.567   -3.721   -2.902
   -2.130   -1.423   -0.792   -0.246    0.229    0.644    1.015    1.352
    1.670    1.979    2.284    2.588    2.895    3.208    3.534    3.881
    4.256    4.660    5.092    5.549    5.999    6.429    6.775
CT2033:355           -6.780   -6.156   -5.413   -4.638   -3.847   -3.088
   -2.381   -1.740   -1.173   -0.687   -0.265    0.106    0.443    0.758
    1.065    1.375    1.691    2.015    2.350    2.698    3.062    3.450
    3.865    4.309    4.781    5.275    5.763    6.231    6.614
CT2033:350           -6.815   -6.211   -5.499   -4.762   -4.015   -3.307
   -2.654   -2.068   -1.555   -1.119   -0.742   -0.409   -0.104    0.189
    0.482    0.786    1.106    1.445    1.802    2.180    2.580    3.008
    3.465    3.952    4.465    5.000    5.528    6.036    6.460
CT2033:345           -6.773   -6.203   -5.534   -4.841   -4.144   -3.488
   -2.887   -2.353   -1.889   -1.498   -1.161   -0.863   -0.588   -0.320
   -0.045    0.248    0.564    0.910    1.284    1.686    2.118    2.584
    3.083    3.613    4.169    4.748    5.319    5.871    6.339
CT2033:340           -6.809   -6.259   -5.620   -4.962   -4.303   -3.689
   -3.131   -2.638   -2.214   -1.859   -1.555   -1.287   -1.039   -0.794
   -0.538   -0.260    0.049    0.395    0.778    1.198    1.656    2.156
    2.692    3.261    3.859    4.478    5.089    5.681    6.187
CT2033:335           -6.880   -6.341   -5.723   -5.091   -4.464   -3.885
   -3.362   -2.904   -2.512   -2.188   -1.913   -1.671   -1.448   -1.225
   -0.988   -0.725   -0.426   -0.081    0.308    0.743    1.223    1.753
    2.325    2.935    3.574    4.237    4.892    5.526    6.076
CT2033:330           -6.910   -6.389   -5.798   -5.195   -4.601   -4.056
   -3.568   -3.143   -2.785   -2.491   -2.245   -2.030   -1.832   -1.632
   -1.415   -1.168   -0.879   -0.539   -0.146    0.300    0.800    1.358
    1.962    2.608    3.285    3.986    4.679    5.351    5.936
CT2033:325           -6.964   -6.453   -5.881   -5.302   -4.735   -4.220
   -3.763   -3.371   -3.043   -2.780   -2.563   -2.376   -2.203   -2.027
   -1.829   -1.598   -1.319   -0.980   -0.583   -0.124    0.396    0.980
    1.616    2.296    3.011    3.749    4.477    5.184    5.801
CT2033:320           -6.984   -6.487   -5.937   -5.382   -4.843   -4.359
   -3.935   -3.576   -3.282   -3.053   -2.868   -2.711   -2.567   -2.415
   -2.237   -2.020   -1.749   -1.411   -1.006   -0.533    0.009    0.622
    1.291    2.006    2.757    3.531    4.294    5.033    5.680
CT2033:315           -6.988   -6.506   -5.976   -5.445   -4.932   -4.480
   -4.088   -3.765   -3.508   -3.315   -3.166   -3.043   -2.930   -2.804
   -2.646   -2.444   -2.179   -1.839   -1.424   -0.933   -0.367    0.274
    0.975    1.724    2.508    3.312    4.101    4.864    5.529
CT2033:310           -6.993   -6.520   -6.006   -5.493   -5.005   -4.580
   -4.221   -3.933   -3.713   -3.559   -3.449   -3.362   -3.281   -3.183
   -3.045   -2.855   -2.593   -2.246   -1.816   -1.303   -0.708   -0.033
    0.704    1.488    2.306    3.141    3.958    4.747    5.433
CT2033:305           -6.954   -6.494   -5.998   -5.506   -5.041   -4.646
   -4.320   -4.069   -3.889   -3.776   -3.706   -3.658   -3.613   -3.543
   -3.426   -3.247   -2.987   -2.630   -2.182   -1.642   -1.016   -0.307
    0.464    1.281    2.129    2.990    3.827    4.634    5.333
CT2033:300           -6.942   -6.484   -5.997   -5.516   -5.069   -4.697
   -4.399   -4.180   -4.037   -3.963   -3.932   -3.923   -3.912   -3.870
   -3.772   -3.602   -3.340   -2.970   -2.500   -1.932   -1.273   -0.528
    0.276    1.125    1.999    2.881    3.735    4.557    5.268
CT2033:295           -6.849   -6.402   -5.928   -5.463   -5.034   -4.686
   -4.415   -4.228   -4.120   -4.084   -4.092   -4.120   -4.141   -4.125
   -4.044   -3.881   -3.614   -3.228   -2.734   -2.137   -1.445   -0.668
    0.167    1.042    1.940    2.838    3.707    4.540    5.264
CT2033:290           -6.817   -6.365   -5.891   -5.427   -5.005   -4.669
   -4.415   -4.249   -4.167   -4.159   -4.198   -4.255   -4.303   -4.306
   -4.237   -4.077   -3.803   -3.402   -2.887   -2.264   -1.547   -0.746
    0.109    0.999    1.906    2.808    3.676    4.509    5.231
CT2033:285           -6.777   -6.316   -5.835   -5.368   -4.945   -4.613
   -4.367   -4.214   -4.146   -4.157   -4.214   -4.290   -4.354   -4.369
   -4.305   -4.144   -3.863   -3.448   -2.917   -2.278   -1.545   -0.733
    0.127    1.017    1.918    2.809    3.663    4.482    5.191
CT2033:280           -6.726   -6.252   -5.760   -5.282   -4.851   -4.514
   -4.267   -4.113   -4.048   -4.062   -4.123   -4.202   -4.268   -4.282
   -4.215   -4.048   -3.758   -3.334   -2.794   -2.149   -1.415   -0.608
    0.242    1.116    1.998    2.866    3.699    4.497    5.193
CT2033:275           -6.722   -6.223   -5.708   -5.208   -4.757   -4.402
   -4.137   -3.968   -3.887   -3.886   -3.932   -3.996   -4.046   -4.046
   -3.965   -3.787   -3.490   -3.065   -2.531   -1.898   -1.185   -0.408
    0.405    1.236    2.070    2.890    3.673    4.422    5.072
CT2033:270           -6.656   -6.138   -5.601   -5.079   -4.603   -4.223
   -3.932   -3.734   -3.623   -3.590   -3.602   -3.630   -3.647   -3.616
   -3.511   -3.315   -3.010   -2.589   -2.070   -1.465   -0.790   -0.060
    0.700    1.477    2.257    3.026    3.765    4.476    5.101
CT2033:265           -6.614   -6.070   -5.504   -4.951   -4.443   -4.026
   -3.696   -3.455   -3.298   -3.213   -3.171   -3.147   -3.112   -3.036
   -2.896   -2.678   -2.369   -1.962   -1.475   -0.918   -0.305    0.352
    1.034    1.729    2.430    3.125    3.796    4.444    5.018
CT2033:260           -6.541   -5.973   -5.377   -4.791   -4.246   -3.787
   -3.409   -3.114   -2.897   -2.746   -2.636   -2.541   -2.441   -2.308
   -2.124   -1.881   -1.567   -1.180   -0.734   -0.238    0.299    0.869
    1.461    2.069    2.687    3.309    3.922    4.519    5.062
CT2033:255           -6.475   -5.881   -5.252   -4.629   -4.042   -3.534
   -3.101   -2.744   -2.456   -2.230   -2.040   -1.867   -1.692   -1.496
   -1.266   -0.996   -0.681   -0.321    0.073    0.496    0.943    1.413
    1.901    2.408    2.932    3.473    4.016    4.552    5.053
CT2033:250           -6.403   -5.784   -5.121   -4.461   -3.831   -3.271
   -2.779   -2.355   -1.994   -1.688   -1.415   -1.160   -0.909   -0.648
   -0.372   -0.078    0.235    0.564    0.902    1.248    1.603    1.970
    2.355    2.763    3.196    3.661    4.143    4.627    5.098
CT2033:245           -6.342   -5.696   -4.999   -4.300   -3.625   -3.013
   -2.462   -1.972   -1.539   -1.155   -0.803   -0.470   -0.149    0.169
    0.485    0.798    1.106    1.401    1.683    1.955    2.220    2.490
    2.778    3.093    3.442    3.838    4.263    4.702    5.147
CT2033:240           -6.277   -5.609   -4.880   -4.147   -3.431   -2.771
   -2.165   -1.615   -1.117   -0.665   -0.244    0.153    0.532    0.895
    1.240    1.564    1.860    2.122    2.353    2.557    2.744    2.929
    3.133    3.368    3.646    3.981    4.359    4.758    5.182
CT2033:235           -6.227   -5.537   -4.780   -4.014   -3.261   -2.558
   -1.905   -1.304   -0.752   -0.246    0.226    0.670    1.090    1.482
    1.842    2.167    2.449    2.680    2.867    3.017    3.144    3.266
    3.407    3.584    3.809    4.103    4.449    4.823    5.238
CT2033:230           -6.177   -5.469   -4.690   -3.899   -3.117   -2.380
   -1.692   -1.054   -0.465    0.076    0.580    1.049    1.487    1.889
    2.249    2.564    2.827    3.031    3.185    3.297    3.383    3.464
    3.565    3.705    3.897    4.164    4.489    4.847    5.254
CT2033:225           -6.143   -5.422   -4.625   -3.815   -3.012   -2.253
   -1.541   -0.881   -0.273    0.282    0.794    1.266    1.701    2.092
    2.437    2.734    2.976    3.157    3.290    3.382    3.449    3.514
    3.601    3.728    3.910    4.169    4.488    4.843    5.249
CT2033:220           -6.113   -5.384   -4.577   -3.756   -2.941   -2.171
   -1.450   -0.785   -0.178    0.370    0.869    1.321    1.731    2.094
    2.410    2.681    2.901    3.067    3.190    3.280    3.351    3.425
    3.523    3.664    3.858    4.129    4.460    4.825    5.241
CT2033:215           -6.063   -5.337   -4.531   -3.710   -2.896   -2.129
   -1.415   -0.763   -0.174    0.347    0.811    1.223    1.590    1.911
    2.188    2.427    2.625    2.782    2.910    3.015    3.111    3.218
    3.353    3.533    3.766    4.074    4.439    4.837    5.283
CT2033:210           -6.056   -5.333   -4.530   -3.715   -2.908   -2.152
   -1.457   -0.829   -0.274    0.204    0.618    0.975    1.285    1.551
    1.782    1.984    2.161    2.315    2.454    2.586    2.722    2.878
    3.067    3.301    3.586    3.942    4.348    4.782    5.253
CT2033:205           -6.059   -5.342   -4.550   -3.746   -2.954   -2.221
   -1.553   -0.962   -0.451   -0.028    0.325    0.617    0.861    1.067
    1.247    1.412    1.569    1.725    1.886    2.058    2.249    2.472
    2.735    3.045    3.407    3.834    4.307    4.804    5.328
CT2033:200           -6.075   -5.370   -4.594   -3.810   -3.042   -2.339
   -1.708   -1.161   -0.703   -0.340   -0.055    0.166    0.340    0.481
    0.607    0.733    0.870    1.029    1.213    1.427    1.677    1.973
    2.314    2.705    3.145    3.643    4.177    4.727    5.288
CT2033:195           -6.199   -5.492   -4.725   -3.955   -3.207   -2.534
   -1.939   -1.437   -1.031   -0.728   -0.509   -0.355   -0.250   -0.172
   -0.098   -0.010    0.108    0.271    0.480    0.739    1.051    1.423
    1.848    2.324    2.848    3.421    4.020    4.627    5.224
CT2033:190           -6.236   -5.549   -4.808   -4.067   -3.355   -2.721
   -2.173   -1.720   -1.370   -1.127   -0.971   -0.882   -0.840   -0.820
   -0.795   -0.743   -0.642   -0.476   -0.243    0.061    0.435    0.883
    1.392    1.956    2.565    3.217    3.884    4.550    5.187
CT2033:185           -6.348   -5.673   -4.953   -4.239   -3.558   -2.963
   -2.456   -2.050   -1.748   -1.557   -1.453   -1.418   -1.428   -1.456
   -1.472   -1.450   -1.365   -1.196   -0.942   -0.600   -0.171    0.346
    0.931    1.574    2.261    2.982    3.707    4.423    5.086
CT2033:180           -6.402   -5.752   -5.064   -4.384   -3.742   -3.189
   -2.726   -2.364   -2.106   -1.958   -1.896   -1.901   -1.949   -2.012
   -2.057   -2.057   -1.984   -1.812   -1.540   -1.164   -0.687   -0.108
    0.547    1.264    2.024    2.813    3.597    4.365    5.063
CT2033:175           -6.465   -5.841   -5.185   -4.540   -3.935   -3.420
   -2.996   -2.672   -2.448   -2.331   -2.296   -2.324   -2.392   -2.474
   -2.534   -2.546   -2.478   -2.303   -2.018   -1.617   -1.103   -0.477
    0.233    1.008    1.827    2.672    3.505    4.316    5.041
CT2033:170           -6.531   -5.934   -5.310   -4.696   -4.126   -3.645
   -3.253   -2.957   -2.756   -2.655   -2.629   -2.662   -2.732   -2.814
   -2.874   -2.886   -2.817   -2.637   -2.343   -1.927   -1.390   -0.732
    0.015    0.832    1.695    2.582    3.454    4.298    5.045
CT2033:165           -6.616   -6.042   -5.444   -4.858   -4.315   -3.860
   -3.489   -3.209   -3.017   -2.915   -2.882   -2.902   -2.955   -3.018
   -3.062   -3.061   -2.984   -2.799   -2.500   -2.077   -1.531   -0.860
   -0.095    0.744    1.632    2.545    3.441    4.308    5.068
CT2033:160           -6.687   -6.139   -5.567   -5.006   -4.485   -4.048
   -3.689   -3.412   -3.216   -3.099   -3.042   -3.031   -3.050   -3.080
   -3.094   -3.069   -2.976   -2.784   -2.484   -2.065   -1.524   -0.856
   -0.092    0.748    1.641    2.563    3.468    4.343    5.108
CT2033:155           -6.767   -6.240   -5.688   -5.146   -4.639   -4.209
   -3.849   -3.563   -3.347   -3.200   -3.105   -3.049   -3.021   -3.004
   -2.977   -2.919   -2.804   -2.603   -2.304   -1.894   -1.369   -0.721
    0.024    0.848    1.728    2.642    3.541    4.411    5.172
CT2033:150           -6.838   -6.333   -5.798   -5.269   -4.770   -4.337
   -3.966   -3.658   -3.410   -3.220   -3.074   -2.964   -2.877   -2.805
   -2.729   -2.631   -2.489   -2.275   -1.978   -1.584   -1.083   -0.466
    0.245    1.036    1.885    2.774    3.652    4.505    5.251
CT2033:145           -6.879   -6.399   -5.880   -5.362   -4.866   -4.423
   -4.031   -3.691   -3.401   -3.160   -2.956   -2.782   -2.632   -2.498
   -2.367   -2.224   -2.051   -1.823   -1.527   -1.148   -0.677   -0.100
    0.567    1.313    2.120    2.973    3.821    4.648    5.375
CT2033:140           -6.944   -6.481   -5.971   -5.455   -4.952   -4.489
   -4.066   -3.685   -3.344   -3.042   -2.773   -2.531   -2.312   -2.113
   -1.923   -1.732   -1.524   -1.279   -0.984   -0.623   -0.184    0.347
    0.961    1.651    2.403    3.205    4.010    4.797    5.491
CT2033:135           -6.967   -6.526   -6.025   -5.513   -5.002   -4.517
   -4.059   -3.632   -3.235   -2.870   -2.531   -2.218   -1.928   -1.661
   -1.411   -1.169   -0.923   -0.659   -0.362   -0.017    0.388    0.872
    1.431    2.062    2.755    3.504    4.262    5.007    5.672
CT2033:130           -7.024   -6.594   -6.095   -5.578   -5.052   -4.537
   -4.040   -3.562   -3.105   -2.672   -2.261   -1.873   -1.510   -1.173
   -0.860   -0.565   -0.282    0.003    0.302    0.630    1.001    1.435
    1.934    2.499    3.126    3.810    4.509    5.199    5.818
CT2033:125           -7.057   -6.641   -6.143   -5.622   -5.081   -4.538
   -4.001   -3.473   -2.956   -2.455   -1.971   -1.508   -1.069   -0.660
   -0.282    0.066    0.389    0.695    0.997    1.309    1.647    2.033
    2.473    2.975    3.535    4.156    4.797    5.433    6.009
CT2033:120           -7.103   -6.694   -6.195   -5.665   -5.107   -4.535
   -3.958   -3.381   -2.806   -2.237   -1.680   -1.140   -0.625   -0.143
    0.299    0.702    1.065    1.390    1.695    1.991    2.298    2.635
    3.018    3.455    3.948    4.501    5.077    5.651    6.174
CT2033:115           -7.155   -6.750   -6.246   -5.707   -5.131   -4.531
   -3.917   -3.293   -2.662   -2.029   -1.400   -0.785   -0.194    0.360
    0.866    1.322    1.722    2.068    2.375    2.658    2.935    3.229
    3.559    3.936    4.365    4.853    5.366    5.881    6.352
CT2033:110           -7.191   -6.789   -6.281   -5.733   -5.142   -4.517
   -3.870   -3.204   -2.522   -1.828   -1.133   -0.447    0.216    0.838
    1.404    1.910    2.346    2.711    3.022    3.294    3.545    3.801
    4.082    4.405    4.775    5.201    5.652    6.106    6.522
CT2033:105           -7.259   -6.852   -6.334   -5.773   -5.164   -4.514
   -3.835   -3.130   -2.400   -1.650   -0.893   -0.143    0.585    1.268
    1.889    2.438    2.907    3.289    3.605    3.868    4.100    4.324
    4.566    4.840    5.156    5.524    5.916    6.310    6.669
CT2033:100           -7.285   -6.878   -6.353   -5.783   -5.161   -4.490
   -3.784   -3.044   -2.273   -1.474   -0.664    0.142    0.924    1.658
    2.323    2.909    3.403    3.802    4.123    4.384    4.603    4.805
    5.016    5.253    5.525    5.843    6.182    6.523    6.830
CT2033:095           -7.321   -6.908   -6.374   -5.792   -5.154   -4.463
   -3.730   -2.958   -2.149   -1.307   -0.451    0.401    1.227    2.001
    2.698    3.310    3.824    4.235    4.563    4.824    5.038    5.227
    5.418    5.627    5.865    6.142    6.436    6.730    6.991
CT2033:090           -7.336   -6.920   -6.377   -5.784   -5.131   -4.420
   -3.663   -2.862   -2.019   -1.140   -0.246    0.642    1.501    2.301
    3.019    3.646    4.170    4.588    4.921    5.185    5.399    5.582
    5.762    5.952    6.164    6.407    6.662    6.915    7.132
CT2033:085           -7.309   -6.893   -6.343   -5.741   -5.075   -4.346
   -3.566   -2.738   -1.865   -0.954   -0.029    0.887    1.768    2.582
    3.308    3.940    4.466    4.885    5.222    5.491    5.710    5.897
    6.076    6.262    6.463    6.688    6.922    7.152    7.346
CT2033:080           -7.315   -6.891   -6.329   -5.712   -5.028   -4.277
   -3.473   -2.617   -1.714   -0.774    0.177    1.112    2.006    2.824
    3.547    4.171    4.689    5.102    5.436    5.706    5.929    6.121
    6.302    6.485    6.677    6.884    7.094    7.297    7.458
CT2033:075           -7.265   -6.840   -6.269   -5.641   -4.942   -4.171
   -3.345   -2.463   -1.535   -0.572    0.398    1.346    2.243    3.056
    3.767    4.374    4.876    5.276    5.604    5.874    6.103    6.304
    6.495    6.685    6.880    7.083    7.284    7.476    7.622
CT2033:070           -7.261   -6.825   -6.238   -5.592   -4.871   -4.077
   -3.225   -2.318   -1.365   -0.382    0.601    1.554    2.447    3.247
    3.936    4.520    4.998    5.380    5.696    5.963    6.196    6.406
    6.607    6.805    7.004    7.205    7.397    7.574    7.700
CT2033:065           -7.290   -6.838   -6.230   -5.562   -4.817   -3.997
   -3.120   -2.189   -1.217   -0.219    0.769    1.718    2.598    3.374
    4.034    4.587    5.035    5.395    5.695    5.953    6.184    6.398
    6.603    6.803    6.999    7.187    7.355    7.501    7.578
CT2033:060           -7.280   -6.814   -6.187   -5.498   -4.730   -3.887
   -2.988   -2.039   -1.054   -0.052    0.932    1.867    2.725    3.471
    4.099    4.619    5.040    5.378    5.667    5.924    6.161    6.388
    6.609    6.825    7.036    7.232    7.404    7.551    7.619
CT2033:055           -7.290   -6.809   -6.163   -5.452   -4.661   -3.796
   -2.879   -1.917   -0.926    0.070    1.038    1.948    2.772    3.480
    4.069    4.554    4.946    5.265    5.543    5.796    6.037    6.271
    6.503    6.728    6.943    7.137    7.296    7.422    7.453
CT2033:050           -7.278   -6.783   -6.119   -5.388   -4.577   -3.694
   -2.764   -1.797   -0.810    0.169    1.111    1.984    2.768    3.434
    3.985    4.438    4.806    5.113    5.388    5.647    5.901    6.155
    6.408    6.655    6.893    7.105    7.280    7.417    7.452
CT2033:045           -7.140   -6.653   -5.988   -5.255   -4.438   -3.550
   -2.620   -1.660   -0.692    0.257    1.158    1.985    2.720    3.341
    3.853    4.277    4.628    4.930    5.210    5.483    5.758    6.038
    6.322    6.604    6.877    7.127    7.338    7.513    7.584
CT2033:040           -7.129   -6.631   -5.953   -5.205   -4.376   -3.481
   -2.551   -1.603   -0.658    0.255    1.111    1.887    2.570    3.144
    3.619    4.017    4.355    4.655    4.942    5.230    5.525    5.829
    6.139    6.448    6.749    7.025    7.259    7.456    7.543
CT2033:035           -7.044   -6.548   -5.869   -5.120   -4.290   -3.400
   -2.482   -1.557   -0.646    0.222    1.024    1.745    2.375    2.904
    3.345    3.722    4.052    4.357    4.658    4.965    5.286    5.621
    5.965    6.310    6.650    6.967    7.243    7.482    7.611
CT2033:030           -7.035   -6.532   -5.847   -5.095   -4.265   -3.383
   -2.484   -1.587   -0.716    0.102    0.849    1.513    2.092    2.578
    2.991    3.350    3.676    3.988    4.304    4.631    4.976    5.338
    5.710    6.087    6.458    6.807    7.115    7.384    7.537
CT2033:025           -7.046   -6.536   -5.848   -5.095   -4.272   -3.406
   -2.533   -1.673   -0.849   -0.086    0.603    1.212    1.741    2.191
    2.578    2.926    3.252    3.574    3.905    4.254    4.623    5.012
    5.413    5.820    6.223    6.605    6.944    7.241    7.418
CT2033:020           -7.042   -6.530   -5.846   -5.101   -4.292   -3.452
   -2.614   -1.799   -1.028   -0.324    0.306    0.860    1.343    1.759
    2.127    2.467    2.797    3.131    3.482    3.853    4.248    4.665
    5.098    5.539    5.978    6.398    6.774    7.108    7.316
CT2033:015           -7.038   -6.527   -5.852   -5.121   -4.333   -3.526
   -2.730   -1.966   -1.253   -0.610   -0.039    0.463    0.903    1.290
    1.641    1.977    2.312    2.661    3.030    3.425    3.846    4.293
    4.758    5.235    5.712    6.171    6.588    6.960    7.204
CT2033:010           -7.038   -6.530   -5.868   -5.154   -4.393   -3.623
   -2.873   -2.164   -1.510   -0.928   -0.413    0.039    0.440    0.799
    1.137    1.469    1.810    2.172    2.559    2.976    3.423    3.900
    4.399    4.912    5.428    5.929    6.387    6.800    7.081
CT2033:005           -7.042   -6.538   -5.890   -5.197   -4.465   -3.735
   -3.034   -2.380   -1.784   -1.259   -0.798   -0.391   -0.027    0.309
    0.633    0.960    1.305    1.678    2.081    2.517    2.988    3.494
    4.026    4.576    5.133    5.676    6.176    6.631    6.950
CT2034:360           -7.045   -6.547   -5.916   -5.246   -4.545   -3.857
   -3.203   -2.600   -2.059   -1.587   -1.174   -0.809   -0.477   -0.165
    0.145    0.466    0.811    1.190    1.604    2.057    2.550    3.083
    3.647    4.233    4.829    5.414    5.956    6.454    6.813
