CT2037:360           -8.019   -7.681   -7.192   -6.656   -6.075   -5.490
   -4.925   -4.397   -3.915   -3.487   -3.104   -2.755   -2.426   -2.101
   -1.763   -1.401   -1.004   -0.568   -0.098    0.404    0.930    1.478
    2.041    2.616    3.199    3.787    4.366    4.928    5.426
CT2037:355           -8.084   -7.747   -7.265   -6.737   -6.169   -5.600
   -5.057   -4.552   -4.097   -3.699   -3.345   -3.026   -2.725   -2.426
   -2.111   -1.767   -1.385   -0.957   -0.488    0.019    0.559    1.129
    1.721    2.330    2.952    3.583    4.204    4.809    5.349
CT2037:350           -8.098   -7.769   -7.299   -6.786   -6.236   -5.690
   -5.171   -4.695   -4.269   -3.902   -3.580   -3.291   -3.020   -2.748
   -2.457   -2.134   -1.768   -1.351   -0.885   -0.375    0.178    0.769
    1.389    2.032    2.692    3.363    4.025    4.669    5.243
CT2037:345           -8.157   -7.823   -7.358   -6.853   -6.317   -5.791
   -5.296   -4.846   -4.451   -4.114   -3.824   -3.566   -3.325   -3.080
   -2.814   -2.514   -2.164   -1.757   -1.295   -0.778   -0.212    0.404
    1.055    1.736    2.438    3.154    3.859    4.546    5.159
CT2037:340           -8.151   -7.821   -7.367   -6.878   -6.361   -5.860
   -5.393   -4.976   -4.615   -4.314   -4.059   -3.837   -3.629   -3.416
   -3.178   -2.901   -2.569   -2.172   -1.711   -1.188   -0.604    0.037
    0.722    1.442    2.186    2.945    3.692    4.419    5.065
CT2037:335           -8.146   -7.816   -7.370   -6.893   -6.396   -5.919
   -5.482   -5.097   -4.772   -4.509   -4.293   -4.108   -3.938   -3.758
   -3.550   -3.298   -2.984   -2.594   -2.133   -1.598   -0.994   -0.321
    0.402    1.165    1.955    2.761    3.553    4.322    5.005
CT2037:330           -8.117   -7.786   -7.349   -6.885   -6.406   -5.954
   -5.548   -5.198   -4.910   -4.688   -4.513   -4.370   -4.240   -4.098
   -3.922   -3.695   -3.398   -3.016   -2.551   -2.003   -1.375   -0.670
    0.091    0.897    1.731    2.580    3.412    4.218    4.929
CT2037:325           -8.061   -7.729   -7.299   -6.846   -6.385   -5.958
   -5.581   -5.265   -5.015   -4.834   -4.702   -4.603   -4.514   -4.410
   -4.267   -4.066   -3.786   -3.409   -2.939   -2.374   -1.721   -0.981
   -0.179    0.670    1.550    2.443    3.316    4.161    4.905
CT2037:320           -8.007   -7.668   -7.240   -6.793   -6.345   -5.940
   -5.589   -5.305   -5.090   -4.948   -4.857   -4.798   -4.750   -4.684
   -4.573   -4.398   -4.133   -3.761   -3.286   -2.707   -2.030   -1.259
   -0.422    0.465    1.383    2.312    3.217    4.091    4.855
CT2037:315           -7.891   -7.549   -7.125   -6.685   -6.250   -5.863
   -5.536   -5.280   -5.098   -4.991   -4.937   -4.916   -4.904   -4.872
   -4.790   -4.638   -4.388   -4.021   -3.542   -2.951   -2.254   -1.456
   -0.586    0.336    1.289    2.253    3.191    4.096    4.888
CT2037:310           -7.809   -7.451   -7.020   -6.577   -6.144   -5.766
   -5.454   -5.217   -5.057   -4.976   -4.951   -4.959   -4.977   -4.972
   -4.915   -4.783   -4.549   -4.190   -3.713   -3.116   -2.408   -1.594
   -0.705    0.238    1.212    2.196    3.152    4.071    4.872
CT2037:305           -7.667   -7.299   -6.860   -6.412   -5.978   -5.605
   -5.300   -5.074   -4.929   -4.865   -4.859   -4.887   -4.926   -4.942
   -4.905   -4.791   -4.571   -4.224   -3.754   -3.161   -2.452   -1.632
   -0.735    0.218    1.204    2.200    3.166    4.095    4.904
CT2037:300           -7.554   -7.162   -6.703   -6.237   -5.789   -5.407
   -5.096   -4.867   -4.721   -4.661   -4.660   -4.697   -4.746   -4.775
   -4.752   -4.654   -4.451   -4.120   -3.665   -3.085   -2.388   -1.578
   -0.688    0.260    1.243    2.236    3.198    4.125    4.928
CT2037:295           -7.440   -7.017   -6.530   -6.038   -5.565   -5.161
   -4.830   -4.584   -4.423   -4.351   -4.342   -4.375   -4.424   -4.459
   -4.447   -4.364   -4.181   -3.872   -3.442   -2.888   -2.216   -1.432
   -0.566    0.360    1.322    2.295    3.238    4.144    4.928
CT2037:290           -7.299   -6.843   -6.322   -5.795   -5.289   -4.850
   -4.485   -4.206   -4.015   -3.915   -3.883   -3.899   -3.939   -3.972
   -3.967   -3.899   -3.738   -3.459   -3.063   -2.546   -1.913   -1.166
   -0.337    0.553    1.483    2.427    3.345    4.228    4.993
CT2037:285           -7.155   -6.660   -6.098   -5.529   -4.977   -4.491
   -4.078   -3.750   -3.510   -3.366   -3.295   -3.280   -3.299   -3.324
   -3.324   -3.272   -3.139   -2.899   -2.549   -2.085   -1.507   -0.818
   -0.046    0.790    1.668    2.564    3.436    4.275    4.999
CT2037:280           -6.992   -6.456   -5.848   -5.229   -4.624   -4.078
   -3.602   -3.208   -2.903   -2.696   -2.569   -2.507   -2.491   -2.499
   -2.498   -2.462   -2.362   -2.169   -1.877   -1.478   -0.971   -0.353
    0.351    1.121    1.939    2.783    3.609    4.406    5.098
CT2037:275           -6.755   -6.188   -5.538   -4.872   -4.212   -3.602
   -3.054   -2.584   -2.199   -1.913   -1.714   -1.590   -1.526   -1.506
   -1.499   -1.479   -1.416   -1.281   -1.061   -0.745   -0.326    0.203
    0.820    1.510    2.254    3.032    3.801    4.546    5.197
CT2037:270           -6.579   -5.968   -5.263   -4.539   -3.811   -3.125
   -2.493   -1.931   -1.451   -1.070   -0.779   -0.574   -0.446   -0.384
   -0.362   -0.353   -0.329   -0.260   -0.124    0.095    0.409    0.833
    1.349    1.946    2.606    3.312    4.019    4.710    5.321
CT2037:265           -6.422   -5.762   -5.000   -4.214   -3.416   -2.648
   -1.927   -1.267   -0.683   -0.194    0.201    0.501    0.709    0.826
    0.873    0.877    0.861    0.860    0.901    1.009    1.203    1.506
    1.907    2.398    2.963    3.587    4.224    4.851    5.414
CT2037:260           -6.242   -5.539   -4.724   -3.878   -3.013   -2.167
   -1.359   -0.602    0.086    0.685    1.190    1.594    1.892    2.076
    2.159    2.165    2.115    2.042    1.986    1.977    2.045    2.221
    2.501    2.882    3.349    3.893    4.461    5.029    5.549
CT2037:255           -6.246   -5.471   -4.583   -3.663   -2.720   -1.791
   -0.892   -0.039    0.753    1.462    2.077    2.588    2.982    3.239
    3.366    3.382    3.304    3.165    3.014    2.888    2.826    2.869
    3.021    3.283    3.642    4.091    4.574    5.063    5.513
CT2037:250           -6.078   -5.264   -4.332   -3.364   -2.367   -1.377
   -0.411    0.516    1.390    2.188    2.897    3.500    3.981    4.309
    4.483    4.518    4.424    4.235    4.004    3.779    3.605    3.532
    3.573    3.732    4.001    4.375    4.796    5.231    5.643
CT2037:245           -6.002   -5.143   -4.163   -3.147   -2.101   -1.060
   -0.040    0.944    1.880    2.745    3.526    4.202    4.754    5.143
    5.362    5.419    5.322    5.099    4.811    4.509    4.243    4.072
    4.015    4.084    4.268    4.570    4.928    5.305    5.669
CT2037:240           -5.857   -4.971   -3.962   -2.916   -1.839   -0.767
    0.283    1.298    2.265    3.166    3.985    4.704    5.301    5.732
    5.987    6.070    5.981    5.748    5.432    5.085    4.763    4.527
    4.405    4.409    4.535    4.786    5.101    5.440    5.777
CT2037:235           -5.665   -4.768   -3.748   -2.690   -1.603   -0.522
    0.534    1.552    2.521    3.423    4.247    4.974    5.583    6.033
    6.309    6.413    6.343    6.120    5.805    5.449    5.108    4.844
    4.688    4.658    4.749    4.970    5.260    5.578    5.901
CT2037:230           -5.553   -4.640   -3.607   -2.539   -1.447   -0.369
    0.678    1.680    2.628    3.504    4.301    5.005    5.597    6.040
    6.319    6.438    6.390    6.194    5.906    5.574    5.249    4.992
    4.836    4.798    4.878    5.085    5.361    5.665    5.976
CT2037:225           -5.413   -4.497   -3.466   -2.404   -1.322   -0.263
    0.757    1.723    2.627    3.452    4.195    4.847    5.393    5.805
    6.070    6.192    6.167    6.009    5.769    5.486    5.210    4.994
    4.870    4.856    4.952    5.168    5.451    5.761    6.077
CT2037:220           -5.335   -4.415   -3.387   -2.332   -1.266   -0.233
    0.751    1.671    2.518    3.277    3.949    4.529    5.011    5.371
    5.605    5.719    5.710    5.594    5.411    5.196    4.989    4.838
    4.771    4.801    4.933    5.173    5.472    5.794    6.114
CT2037:215           -5.312   -4.383   -3.358   -2.313   -1.265   -0.263
    0.680    1.548    2.333    3.018    3.611    4.110    4.515    4.810
    5.001    5.095    5.096    5.019    4.896    4.756    4.633    4.565
    4.574    4.670    4.856    5.139    5.471    5.820    6.156
CT2037:210           -5.267   -4.342   -3.332   -2.307   -1.286   -0.321
    0.575    1.388    2.107    2.718    3.229    3.643    3.965    4.190
    4.328    4.393    4.393    4.346    4.278    4.213    4.176    4.198
    4.291    4.465    4.717    5.051    5.423    5.805    6.160
CT2037:205           -5.306   -4.376   -3.374   -2.362   -1.365   -0.434
    0.420    1.182    1.841    2.382    2.818    3.153    3.396    3.550
    3.632    3.662    3.653    3.627    3.605    3.607    3.652    3.762
    3.943    4.198    4.521    4.913    5.330    5.749    6.124
CT2037:200           -5.291   -4.373   -3.391   -2.405   -1.439   -0.546
    0.264    0.975    1.578    2.056    2.422    2.685    2.857    2.944
    2.971    2.962    2.938    2.924    2.938    2.996    3.114    3.308
    3.574    3.911    4.310    4.766    5.235    5.699    6.102
CT2037:195           -5.319   -4.409   -3.446   -2.482   -1.544   -0.686
    0.084    0.752    1.306    1.729    2.037    2.239    2.348    2.376
    2.353    2.307    2.265    2.254    2.292    2.394    2.572    2.836
    3.178    3.588    4.056    4.568    5.084    5.584    6.005
CT2037:190           -5.330   -4.436   -3.496   -2.558   -1.650   -0.826
   -0.092    0.535    1.047    1.424    1.684    1.834    1.893    1.872
    1.807    1.729    1.669    1.658    1.713    1.850    2.077    2.404
    2.813    3.293    3.827    4.401    4.968    5.515    5.968
CT2037:185           -5.365   -4.488   -3.570   -2.656   -1.776   -0.982
   -0.280    0.314    0.790    1.130    1.350    1.460    1.478    1.420
    1.322    1.218    1.141    1.127    1.193    1.353    1.616    1.987
    2.448    2.980    3.566    4.184    4.787    5.363    5.828
CT2037:180           -5.397   -4.539   -3.644   -2.756   -1.902   -1.136
   -0.462    0.103    0.549    0.859    1.048    1.129    1.118    1.034
    0.913    0.792    0.705    0.690    0.765    0.944    1.235    1.645
    2.149    2.729    3.364    4.029    4.676    5.291    5.786
CT2037:175           -5.436   -4.599   -3.728   -2.864   -2.035   -1.294
   -0.645   -0.104    0.318    0.605    0.773    0.833    0.804    0.704
    0.570    0.439    0.348    0.334    0.415    0.607    0.917    1.352
    1.886    2.500    3.170    3.869    4.546    5.188    5.701
CT2037:170           -5.485   -4.669   -3.820   -2.979   -2.174   -1.454
   -0.826   -0.305    0.100    0.371    0.525    0.574    0.537    0.431
    0.295    0.164    0.074    0.064    0.151    0.352    0.676    1.129
    1.685    2.324    3.021    3.750    4.456    5.126    5.663
CT2037:165           -5.538   -4.743   -3.917   -3.098   -2.313   -1.613
   -1.002   -0.495   -0.103    0.160    0.309    0.357    0.322    0.221
    0.092   -0.032   -0.115   -0.118   -0.024    0.184    0.515    0.979
    1.549    2.206    2.925    3.678    4.411    5.110    5.676
CT2037:160           -5.598   -4.825   -4.020   -3.222   -2.457   -1.773
   -1.175   -0.679   -0.292   -0.030    0.123    0.179    0.155    0.068
   -0.047   -0.158   -0.230   -0.226   -0.128    0.082    0.414    0.880
    1.453    2.114    2.841    3.606    4.353    5.066    5.648
CT2037:155           -5.608   -4.867   -4.090   -3.318   -2.575   -1.909
   -1.323   -0.834   -0.448   -0.181   -0.017    0.055    0.050   -0.015
   -0.109   -0.202   -0.260   -0.247   -0.145    0.065    0.395    0.857
    1.429    2.093    2.825    3.601    4.366    5.100    5.709
CT2037:150           -5.676   -4.956   -4.198   -3.444   -2.717   -2.061
   -1.481   -0.991   -0.598   -0.317   -0.133   -0.037   -0.013   -0.050
   -0.118   -0.189   -0.231   -0.211   -0.108    0.097    0.417    0.867
    1.427    2.079    2.804    3.577    4.342    5.078    5.695
CT2037:145           -5.650   -4.970   -4.244   -3.518   -2.813   -2.171
   -1.599   -1.108   -0.707   -0.408   -0.199   -0.073   -0.017   -0.021
   -0.060   -0.106   -0.132   -0.104   -0.002    0.196    0.505    0.940
    1.485    2.126    2.842    3.613    4.382    5.127    5.760
CT2037:140           -5.722   -5.061   -4.351   -3.639   -2.944   -2.306
   -1.732   -1.231   -0.812   -0.488   -0.248   -0.086    0.006    0.038
    0.032    0.011    0.002    0.036    0.137    0.325    0.617    1.032
    1.555    2.176    2.873    3.631    4.390    5.129    5.761
CT2037:135           -5.833   -5.184   -4.483   -3.778   -3.088   -2.448
   -1.865   -1.349   -0.908   -0.554   -0.279   -0.079    0.053    0.122
    0.148    0.153    0.161    0.203    0.302    0.480    0.755    1.150
    1.652    2.251    2.930    3.673    4.423    5.156    5.790
CT2037:130           -5.904   -5.272   -4.583   -3.888   -3.202   -2.560
   -1.968   -1.436   -0.972   -0.588   -0.278   -0.042    0.127    0.231
    0.286    0.315    0.339    0.388    0.485    0.653    0.913    1.287
    1.766    2.342    2.999    3.723    4.457    5.177    5.804
CT2037:125           -6.090   -5.451   -4.756   -4.054   -3.358   -2.703
   -2.093   -1.537   -1.043   -0.625   -0.279   -0.005    0.200    0.336
    0.419    0.470    0.510    0.565    0.663    0.825    1.073    1.430
    1.890    2.446    3.083    3.790    4.510    5.220    5.844
CT2037:120           -6.160   -5.536   -4.850   -4.151   -3.456   -2.793
   -2.169   -1.593   -1.074   -0.625   -0.247    0.059    0.295    0.457
    0.563    0.631    0.682    0.744    0.842    1.000    1.238    1.581
    2.022    2.558    3.174    3.860    4.562    5.255    5.869
CT2037:115           -6.320   -5.692   -4.999   -4.291   -3.584   -2.904
   -2.258   -1.657   -1.107   -0.626   -0.213    0.125    0.389    0.576
    0.701    0.783    0.844    0.911    1.011    1.167    1.400    1.733
    2.161    2.681    3.280    3.949    4.637    5.317    5.926
CT2037:110           -6.593   -5.962   -5.254   -4.528   -3.796   -3.086
   -2.406   -1.765   -1.174   -0.649   -0.194    0.184    0.483    0.699
    0.847    0.948    1.024    1.103    1.213    1.378    1.619    1.957
    2.388    2.910    3.508    4.177    4.865    5.547    6.159
CT2037:105           -6.772   -6.133   -5.413   -4.673   -3.924   -3.192
   -2.487   -1.817   -1.193   -0.634   -0.145    0.265    0.592    0.829
    0.991    1.101    1.180    1.261    1.370    1.533    1.768    2.098
    2.517    3.023    3.603    4.251    4.918    5.579    6.175
CT2037:100           -6.844   -6.216   -5.500   -4.759   -4.003   -3.258
   -2.534   -1.841   -1.189   -0.597   -0.076    0.364    0.717    0.974
    1.150    1.268    1.350    1.430    1.537    1.695    1.924    2.245
    2.653    3.143    3.706    4.335    4.983    5.626    6.208
CT2037:095           -6.964   -6.339   -5.618   -4.870   -4.102   -3.341
   -2.596   -1.877   -1.196   -0.572   -0.018    0.454    0.836    1.115
    1.306    1.434    1.521    1.600    1.704    1.856    2.077    2.387
    2.781    3.255    3.798    4.405    5.031    5.653    6.215
CT2037:090           -7.036   -6.424   -5.707   -4.959   -4.186   -3.413
   -2.652   -1.913   -1.208   -0.556    0.028    0.530    0.939    1.242
    1.452    1.592    1.686    1.767    1.869    2.017    2.230    2.529
    2.911    3.370    3.896    4.485    5.094    5.699    6.249
CT2037:085           -7.017   -6.434   -5.733   -4.996   -4.228   -3.453
   -2.685   -1.934   -1.212   -0.539    0.068    0.595    1.029    1.356
    1.586    1.743    1.849    1.937    2.041    2.187    2.395    2.687
    3.058    3.506    4.020    4.596    5.194    5.790    6.335
CT2037:080           -7.088   -6.518   -5.824   -5.091   -4.323   -3.543
   -2.768   -2.006   -1.271   -0.583    0.043    0.591    1.048    1.399
    1.652    1.829    1.953    2.053    2.164    2.313    2.519    2.805
    3.167    3.602    4.103    4.665    5.249    5.831    6.367
CT2037:075           -7.049   -6.513   -5.842   -5.127   -4.371   -3.599
   -2.827   -2.067   -1.331   -0.639   -0.005    0.554    1.028    1.398
    1.674    1.876    2.021    2.141    2.268    2.427    2.640    2.926
    3.286    3.717    4.212    4.769    5.348    5.928    6.465
CT2037:070           -7.113   -6.593   -5.932   -5.226   -4.476   -3.709
   -2.941   -2.185   -1.452   -0.762   -0.127    0.438    0.921    1.308
    1.606    1.833    2.006    2.151    2.301    2.477    2.701    2.994
    3.355    3.784    4.273    4.822    5.394    5.966    6.497
CT2037:065           -7.250   -6.732   -6.073   -5.370   -4.622   -3.858
   -3.096   -2.346   -1.622   -0.939   -0.311    0.252    0.739    1.139
    1.456    1.709    1.911    2.087    2.264    2.465    2.708    3.012
    3.379    3.808    4.294    4.835    5.397    5.958    6.475
CT2037:060           -7.303   -6.801   -6.157   -5.467   -4.732   -3.981
   -3.233   -2.499   -1.791   -1.126   -0.512    0.040    0.523    0.928
    1.261    1.537    1.770    1.980    2.192    2.424    2.693    3.018
    3.399    3.838    4.328    4.871    5.432    5.991    6.506
CT2037:055           -7.563   -7.040   -6.383   -5.683   -4.944   -4.194
   -3.450   -2.726   -2.032   -1.383   -0.785   -0.246    0.231    0.639
    0.984    1.282    1.544    1.788    2.035    2.300    2.597    2.943
    3.337    3.782    4.272    4.807    5.355    5.897    6.388
CT2037:050           -7.605   -7.099   -6.458   -5.773   -5.050   -4.317
   -3.593   -2.890   -2.220   -1.595   -1.020   -0.500   -0.036    0.369
    0.723    1.038    1.328    1.606    1.889    2.191    2.522    2.896
    3.314    3.776    4.279    4.822    5.375    5.922    6.415
CT2037:045           -7.789   -7.274   -6.629   -5.944   -5.224   -4.499
   -3.787   -3.100   -2.448   -1.844   -1.290   -0.787   -0.336    0.064
    0.423    0.752    1.064    1.371    1.685    2.018    2.378    2.774
    3.208    3.680    4.185    4.722    5.262    5.790    6.255
CT2037:040           -7.823   -7.324   -6.694   -6.023   -5.318   -4.610
   -3.917   -3.251   -2.622   -2.042   -1.510   -1.027   -0.590   -0.196
    0.165    0.506    0.837    1.170    1.515    1.879    2.269    2.693
    3.151    3.643    4.165    4.715    5.265    5.802    6.273
CT2037:035           -7.856   -7.374   -6.758   -6.103   -5.412   -4.720
   -4.046   -3.400   -2.792   -2.234   -1.724   -1.259   -0.836   -0.450
   -0.090    0.257    0.601    0.953    1.319    1.706    2.117    2.560
    3.033    3.534    4.061    4.608    5.150    5.674    6.121
CT2037:030           -7.885   -7.415   -6.812   -6.167   -5.489   -4.811
   -4.152   -3.524   -2.936   -2.397   -1.905   -1.457   -1.047   -0.668
   -0.309    0.042    0.397    0.764    1.149    1.557    1.991    2.456
    2.949    3.470    4.014    4.577    5.132    5.667    6.124
CT2037:025           -7.858   -7.411   -6.826   -6.199   -5.537   -4.875
   -4.233   -3.624   -3.055   -2.537   -2.064   -1.633   -1.237   -0.867
   -0.513   -0.161    0.198    0.574    0.971    1.394    1.843    2.323
    2.831    3.364    3.919    4.488    5.045    5.580    6.030
CT2037:020           -7.881   -7.445   -6.869   -6.250   -5.596   -4.945
   -4.315   -3.720   -3.168   -2.667   -2.211   -1.795   -1.412   -1.052
   -0.703   -0.354    0.008    0.390    0.797    1.232    1.696    2.194
    2.720    3.272    3.845    4.431    5.004    5.555    6.018
CT2037:015           -7.883   -7.460   -6.893   -6.284   -5.640   -5.000
   -4.383   -3.803   -3.267   -2.783   -2.345   -1.946   -1.577   -1.230
   -0.890   -0.546   -0.187    0.198    0.610    1.055    1.532    2.045
    2.588    3.158    3.748    4.351    4.938    5.501    5.974
CT2037:010           -7.901   -7.486   -6.927   -6.325   -5.688   -5.057
   -4.452   -3.885   -3.365   -2.898   -2.478   -2.096   -1.744   -1.411
   -1.083   -0.747   -0.393   -0.009    0.408    0.861    1.351    1.881
    2.444    3.034    3.646    4.269    4.875    5.457    5.945
CT2037:005           -7.901   -7.496   -6.946   -6.353   -5.726   -5.106
   -4.514   -3.963   -3.461   -3.013   -2.611   -2.249   -1.915   -1.598
   -1.284   -0.960   -0.612   -0.229    0.191    0.653    1.158    1.708
    2.293    2.910    3.548    4.198    4.831    5.438    5.953
CT2038:360           -7.914   -7.517   -6.974   -6.390   -5.772   -5.165
   -4.588   -4.053   -3.569   -3.142   -2.762   -2.420   -2.107   -1.809
   -1.511   -1.200   -0.861   -0.482   -0.058    0.413    0.932    1.502
    2.111    2.753    3.417    4.092    4.748    5.377    5.910
