CT2027:360           -2.976   -2.124   -1.268   -0.423    0.389    1.132
    1.806    2.397    2.898    3.296    3.603    3.830    3.991    4.103
    4.192    4.282    4.391    4.535    4.713    4.926    5.166    5.428
    5.701    5.979    6.261    6.545    6.825    7.098    7.338
CT2027:355           -3.135   -2.325   -1.512   -0.711    0.056    0.753
    1.380    1.925    2.382    2.740    3.011    3.207    3.343    3.438
    3.518    3.607    3.725    3.887    4.095    4.347    4.636    4.956
    5.291    5.634    5.979    6.321    6.650    6.964    7.229
CT2027:350           -3.310   -2.546   -1.781   -1.030   -0.315    0.329
    0.903    1.397    1.805    2.118    2.350    2.514    2.626    2.705
    2.780    2.873    3.005    3.194    3.438    3.735    4.080    4.461
    4.864    5.277    5.691    6.098    6.485    6.851    7.152
CT2027:345           -3.494   -2.785   -2.076   -1.383   -0.726   -0.140
    0.377    0.815    1.170    1.436    1.627    1.759    1.847    1.913
    1.986    2.086    2.237    2.454    2.737    3.081    3.478    3.920
    4.386    4.864    5.343    5.809    6.246    6.656    6.982
CT2027:340           -3.701   -3.048   -2.398   -1.764   -1.166   -0.640
   -0.182    0.201    0.505    0.725    0.880    0.982    1.051    1.109
    1.184    1.298    1.472    1.723    2.046    2.438    2.890    3.393
    3.924    4.471    5.019    5.553    6.053    6.519    6.888
CT2027:335           -3.928   -3.331   -2.741   -2.166   -1.629   -1.161
   -0.760   -0.430   -0.174    0.006    0.128    0.206    0.261    0.317
    0.400    0.530    0.730    1.014    1.377    1.814    2.319    2.879
    3.473    4.086    4.704    5.306    5.870    6.398    6.817
CT2027:330           -4.159   -3.626   -3.098   -2.585   -2.109   -1.699
   -1.350   -1.069   -0.854   -0.708   -0.612   -0.550   -0.502   -0.444
   -0.349   -0.200    0.024    0.338    0.736    1.214    1.763    2.374
    3.024    3.697    4.376    5.041    5.665    6.249    6.713
CT2027:325           -4.398   -3.924   -3.457   -3.005   -2.586   -2.228
   -1.927   -1.686   -1.505   -1.383   -1.303   -1.248   -1.200   -1.133
   -1.022   -0.853   -0.604   -0.261    0.169    0.683    1.273    1.932
    2.637    3.371    4.116    4.850    5.545    6.198    6.728
CT2027:320           -4.642   -4.233   -3.828   -3.436   -3.074   -2.764
   -2.504   -2.296   -2.139   -2.032   -1.959   -1.903   -1.847   -1.767
   -1.640   -1.452   -1.182   -0.818   -0.364    0.176    0.798    1.494
    2.240    3.021    3.817    4.604    5.351    6.054    6.626
CT2027:315           -4.942   -4.587   -4.234   -3.893   -3.577   -3.306
   -3.077   -2.892   -2.748   -2.644   -2.566   -2.500   -2.430   -2.332
   -2.187   -1.980   -1.693   -1.311   -0.838   -0.277    0.368    1.093
    1.873    2.692    3.530    4.362    5.152    5.898    6.505
CT2027:310           -5.187   -4.895   -4.601   -4.314   -4.047   -3.814
   -3.613   -3.445   -3.308   -3.201   -3.112   -3.030   -2.939   -2.820
   -2.655   -2.430   -2.126   -1.728   -1.241   -0.663    0.001    0.749
    1.558    2.409    3.284    4.156    4.987    5.773    6.415
CT2027:305           -5.490   -5.250   -5.004   -4.762   -4.533   -4.330
   -4.148   -3.990   -3.852   -3.734   -3.627   -3.521   -3.406   -3.262
   -3.074   -2.830   -2.510   -2.100   -1.602   -1.013   -0.338    0.423
    1.247    2.117    3.012    3.907    4.759    5.563    6.216
CT2027:300           -5.726   -5.544   -5.350   -5.155   -4.967   -4.792
   -4.629   -4.478   -4.337   -4.206   -4.077   -3.945   -3.801   -3.628
   -3.414   -3.146   -2.806   -2.381   -1.870   -1.270   -0.584    0.189
    1.027    1.915    2.831    3.752    4.631    5.464    6.143
CT2027:295           -6.021   -5.883   -5.728   -5.569   -5.411   -5.256
   -5.105   -4.956   -4.808   -4.659   -4.506   -4.344   -4.166   -3.960
   -3.715   -3.420   -3.058   -2.615   -2.092   -1.484   -0.792   -0.014
    0.829    1.724    2.650    3.583    4.477    5.324    6.015
CT2027:290           -6.239   -6.151   -6.039   -5.919   -5.792   -5.659
   -5.520   -5.374   -5.219   -5.054   -4.877   -4.685   -4.474   -4.232
   -3.952   -3.624   -3.235   -2.772   -2.234   -1.617   -0.920   -0.140
    0.706    1.605    2.539    3.483    4.390    5.252    5.961
CT2027:285           -6.461   -6.416   -6.339   -6.251   -6.148   -6.031
   -5.900   -5.755   -5.592   -5.411   -5.210   -4.988   -4.742   -4.462
   -4.144   -3.781   -3.361   -2.875   -2.321   -1.694   -0.993   -0.211
    0.635    1.535    2.473    3.425    4.345    5.222    5.950
CT2027:280           -6.655   -6.650   -6.604   -6.541   -6.459   -6.354
   -6.229   -6.083   -5.912   -5.715   -5.492   -5.242   -4.963   -4.646
   -4.290   -3.892   -3.442   -2.931   -2.361   -1.726   -1.022   -0.244
    0.597    1.492    2.425    3.377    4.299    5.179    5.915
CT2027:275           -6.788   -6.823   -6.805   -6.766   -6.700   -6.604
   -6.482   -6.332   -6.153   -5.941   -5.698   -5.422   -5.112   -4.761
   -4.370   -3.937   -3.456   -2.922   -2.334   -1.688   -0.979   -0.200
    0.640    1.534    2.469    3.427    4.362    5.259    6.023
CT2027:270           -6.948   -7.010   -7.008   -6.980   -6.919   -6.821
   -6.693   -6.534   -6.342   -6.114   -5.850   -5.550   -5.214   -4.834
   -4.414   -3.954   -3.449   -2.896   -2.295   -1.643   -0.934   -0.161
    0.671    1.555    2.478    3.426    4.352    5.244    6.006
CT2027:265           -7.116   -7.188   -7.186   -7.154   -7.083   -6.971
   -6.827   -6.649   -6.438   -6.188   -5.902   -5.580   -5.221   -4.818
   -4.375   -3.893   -3.369   -2.800   -2.188   -1.527   -0.815   -0.040
    0.791    1.673    2.597    3.550    4.487    5.396    6.188
CT2027:260           -7.236   -7.321   -7.318   -7.278   -7.192   -7.058
   -6.890   -6.687   -6.450   -6.177   -5.870   -5.529   -5.153   -4.737
   -4.282   -3.791   -3.261   -2.688   -2.074   -1.416   -0.708    0.058
    0.877    1.746    2.654    3.590    4.512    5.407    6.191
CT2027:255           -7.459   -7.523   -7.488   -7.413   -7.287   -7.110
   -6.898   -6.653   -6.377   -6.071   -5.736   -5.375   -4.984   -4.560
   -4.102   -3.612   -3.083   -2.514   -1.904   -1.249   -0.546    0.214
    1.026    1.887    2.788    3.719    4.642    5.541    6.341
CT2027:250           -7.538   -7.600   -7.546   -7.443   -7.280   -7.058
   -6.799   -6.506   -6.187   -5.844   -5.482   -5.102   -4.704   -4.282
   -3.835   -3.359   -2.848   -2.296   -1.703   -1.064   -0.376    0.368
    1.163    2.004    2.884    3.794    4.697    5.577    6.363
CT2027:245           -7.620   -7.661   -7.570   -7.426   -7.212   -6.934
   -6.616   -6.266   -5.894   -5.508   -5.115   -4.719   -4.318   -3.908
   -3.482   -3.036   -2.558   -2.039   -1.478   -0.869   -0.209    0.507
    1.272    2.084    2.932    3.811    4.683    5.535    6.298
CT2027:240           -7.662   -7.689   -7.564   -7.376   -7.105   -6.760
   -6.371   -5.951   -5.513   -5.072   -4.640   -4.221   -3.815   -3.419
   -3.021   -2.611   -2.173   -1.696   -1.174   -0.600    0.027    0.714
    1.453    2.237    3.059    3.912    4.760    5.590    6.336
CT2027:235           -7.724   -7.729   -7.560   -7.317   -6.981   -6.559
   -6.088   -5.585   -5.071   -4.566   -4.086   -3.640   -3.228   -2.846
   -2.481   -2.115   -1.730   -1.306   -0.834   -0.309    0.275    0.923
    1.624    2.372    3.159    3.976    4.790    5.586    6.298
CT2027:230           -7.735   -7.721   -7.509   -7.215   -6.812   -6.310
   -5.754   -5.164   -4.567   -3.991   -3.458   -2.978   -2.555   -2.188
   -1.856   -1.538   -1.209   -0.845   -0.433    0.038    0.572    1.175
    1.836    2.548    3.303    4.091    4.879    5.651    6.345
CT2027:225           -7.729   -7.696   -7.443   -7.098   -6.630   -6.051
   -5.409   -4.732   -4.049   -3.399   -2.806   -2.288   -1.849   -1.491
   -1.192   -0.921   -0.652   -0.353   -0.007    0.400    0.875    1.425
    2.038    2.707    3.422    4.175    4.930    5.669    6.333
CT2027:220           -7.720   -7.666   -7.374   -6.981   -6.452   -5.800
   -5.078   -4.317   -3.551   -2.826   -2.172   -1.611   -1.151   -0.795
   -0.520   -0.291   -0.076    0.159    0.439    0.781    1.196    1.692
    2.257    2.886    3.566    4.289    5.018    5.736    6.382
CT2027:215           -7.696   -7.625   -7.300   -6.866   -6.287   -5.573
   -4.785   -3.953   -3.116   -2.325   -1.614   -1.011   -0.525   -0.165
    0.095    0.292    0.460    0.638    0.857    1.138    1.492    1.933
    2.451    3.036    3.679    4.370    5.070    5.759    6.379
CT2027:210           -7.676   -7.588   -7.236   -6.770   -6.153   -5.395
   -4.558   -3.674   -2.784   -1.941   -1.185   -0.544   -0.031    0.341
    0.597    0.777    0.914    1.052    1.224    1.454    1.760    2.156
    2.634    3.185    3.798    4.467    5.147    5.818    6.424
CT2027:205           -7.657   -7.555   -7.184   -6.697   -6.057   -5.276
   -4.413   -3.503   -2.586   -1.715   -0.932   -0.265    0.270    0.657
    0.921    1.098    1.224    1.340    1.485    1.684    1.956    2.319
    2.766    3.290    3.879    4.525    5.185    5.836    6.421
CT2027:200           -7.631   -7.519   -7.140   -6.646   -6.002   -5.219
   -4.358   -3.451   -2.537   -1.667   -0.879   -0.202    0.345    0.749
    1.029    1.221    1.357    1.478    1.621    1.814    2.077    2.429
    2.864    3.376    3.954    4.591    5.241    5.882    6.458
CT2027:195           -7.616   -7.497   -7.116   -6.625   -5.992   -5.230
   -4.396   -3.521   -2.641   -1.799   -1.033   -0.368    0.180    0.596
    0.899    1.119    1.285    1.435    1.604    1.818    2.096    2.458
    2.899    3.414    3.992    4.625    5.269    5.904    6.468
CT2027:190           -7.585   -7.464   -7.092   -6.617   -6.011   -5.290
   -4.508   -3.691   -2.871   -2.086   -1.366   -0.733   -0.198    0.225
    0.552    0.810    1.023    1.224    1.444    1.704    2.024    2.419
    2.887    3.421    4.013    4.653    5.299    5.934    6.495
CT2027:185           -7.546   -7.426   -7.070   -6.620   -6.051   -5.386
   -4.672   -3.932   -3.193   -2.485   -1.830   -1.244   -0.736   -0.313
    0.038    0.337    0.608    0.874    1.162    1.489    1.869    2.317
    2.826    3.393    4.008    4.662    5.316    5.954    6.512
CT2027:180           -7.506   -7.389   -7.054   -6.633   -6.109   -5.507
   -4.868   -4.214   -3.566   -2.944   -2.365   -1.836   -1.362   -0.945
   -0.575   -0.234    0.096    0.435    0.800    1.204    1.656    2.166
    2.728    3.336    3.982    4.656    5.323    5.968    6.527
CT2027:175           -7.412   -7.307   -6.999   -6.615   -6.142   -5.607
   -5.048   -4.482   -3.925   -3.392   -2.889   -2.420   -1.984   -1.579
   -1.194   -0.816   -0.431   -0.023    0.417    0.898    1.423    1.997
    2.613    3.265    3.944    4.639    5.318    5.972    6.529
CT2027:170           -7.359   -7.256   -6.970   -6.616   -6.187   -5.711
   -5.222   -4.734   -4.257   -3.801   -3.365   -2.949   -2.547   -2.153
   -1.758   -1.350   -0.917   -0.450    0.056    0.604    1.194    1.827
    2.494    3.187    3.899    4.616    5.311    5.975    6.536
CT2027:165           -7.305   -7.202   -6.933   -6.604   -6.212   -5.787
   -5.356   -4.931   -4.520   -4.125   -3.744   -3.371   -2.997   -2.613
   -2.210   -1.780   -1.312   -0.799   -0.243    0.356    0.995    1.672
    2.376    3.100    3.835    4.567    5.269    5.937    6.493
CT2027:160           -7.230   -7.127   -6.872   -6.565   -6.203   -5.818
   -5.432   -5.055   -4.693   -4.344   -4.003   -3.660   -3.307   -2.930
   -2.521   -2.075   -1.582   -1.038   -0.448    0.186    0.858    1.565
    2.296    3.043    3.796    4.543    5.256    5.934    6.495
CT2027:155           -7.260   -7.131   -6.869   -6.564   -6.214   -5.849
   -5.489   -5.141   -4.807   -4.487   -4.169   -3.845   -3.504   -3.131
   -2.717   -2.260   -1.751   -1.188   -0.579    0.072    0.760    1.479
    2.220    2.974    3.734    4.483    5.198    5.874    6.429
CT2027:150           -7.162   -7.025   -6.769   -6.473   -6.139   -5.794
   -5.455   -5.129   -4.817   -4.517   -4.218   -3.908   -3.576   -3.206
   -2.791   -2.327   -1.808   -1.235   -0.616    0.042    0.733    1.454
    2.196    2.951    3.713    4.466    5.186    5.867    6.427
CT2027:145           -7.103   -6.945   -6.681   -6.383   -6.054   -5.717
   -5.389   -5.076   -4.777   -4.490   -4.203   -3.904   -3.580   -3.214
   -2.798   -2.330   -1.806   -1.227   -0.606    0.052    0.739    1.454
    2.188    2.937    3.694    4.447    5.169    5.853    6.417
CT2027:140           -6.983   -6.810   -6.541   -6.243   -5.918   -5.589
   -5.271   -4.968   -4.681   -4.407   -4.132   -3.845   -3.531   -3.171
   -2.758   -2.290   -1.764   -1.184   -0.563    0.090    0.770    1.474
    2.197    2.935    3.685    4.436    5.157    5.844    6.412
CT2027:135           -6.809   -6.625   -6.354   -6.057   -5.736   -5.415
   -5.107   -4.815   -4.541   -4.280   -4.020   -3.746   -3.445   -3.095
   -2.688   -2.224   -1.700   -1.121   -0.504    0.143    0.814    1.506
    2.217    2.945    3.688    4.436    5.159    5.850    6.425
CT2027:130           -6.667   -6.461   -6.178   -5.872   -5.549   -5.231
   -4.929   -4.646   -4.383   -4.134   -3.887   -3.627   -3.339   -3.000
   -2.604   -2.148   -1.630   -1.059   -0.449    0.189    0.849    1.529
    2.227    2.945    3.680    4.424    5.147    5.839    6.418
CT2027:125           -6.498   -6.269   -5.973   -5.658   -5.332   -5.017
   -4.720   -4.445   -4.192   -3.955   -3.720   -3.473   -3.197   -2.872
   -2.489   -2.047   -1.544   -0.987   -0.392    0.231    0.876    1.542
    2.227    2.934    3.661    4.400    5.120    5.810    6.388
CT2027:120           -6.338   -6.079   -5.763   -5.433   -5.098   -4.781
   -4.486   -4.216   -3.968   -3.738   -3.510   -3.270   -3.004   -2.692
   -2.325   -1.903   -1.421   -0.888   -0.316    0.285    0.910    1.559
    2.232    2.929    3.650    4.387    5.107    5.799    6.380
CT2027:115           -6.154   -5.864   -5.527   -5.180   -4.834   -4.511
   -4.214   -3.944   -3.697   -3.466   -3.239   -3.001   -2.740   -2.439
   -2.090   -1.693   -1.242   -0.743   -0.207    0.361    0.957    1.584
    2.241    2.928    3.641    4.375    5.095    5.787    6.369
CT2027:110           -5.978   -5.651   -5.285   -4.915   -4.552   -4.218
   -3.912   -3.633   -3.378   -3.138   -2.902   -2.657   -2.395   -2.102
   -1.772   -1.404   -0.993   -0.539   -0.050    0.473    1.031    1.628
    2.262    2.934    3.639    4.369    5.086    5.778    6.361
CT2027:105           -5.755   -5.394   -5.002   -4.607   -4.225   -3.875
   -3.554   -3.262   -2.990   -2.734   -2.480   -2.222   -1.953   -1.664
   -1.352   -1.016   -0.650   -0.252    0.180    0.648    1.156    1.715
    2.321    2.974    3.668    4.393    5.110    5.803    6.392
CT2027:100           -5.567   -5.162   -4.733   -4.305   -3.894   -3.518
   -3.174   -2.856   -2.560   -2.276   -1.997   -1.718   -1.435   -1.147
   -0.853   -0.550   -0.233    0.104    0.469    0.872    1.321    1.829
    2.397    3.021    3.695    4.407    5.116    5.804    6.390
CT2027:095           -5.350   -4.902   -4.435   -3.972   -3.528   -3.122
   -2.748   -2.400   -2.071   -1.756   -1.447   -1.142   -0.843   -0.554
   -0.274   -0.004    0.263    0.538    0.834    1.165    1.547    1.998
    2.519    3.107    3.755    4.451    5.149    5.829    6.414
CT2027:090           -5.153   -4.657   -4.145   -3.639   -3.155   -2.711
   -2.299   -1.915   -1.550   -1.199   -0.858   -0.527   -0.211    0.082
    0.348    0.590    0.811    1.025    1.251    1.510    1.820    2.207
    2.673    3.216    3.828    4.499    5.179    5.844    6.421
CT2027:085           -4.946   -4.401   -3.842   -3.290   -2.763   -2.278
   -1.826   -1.402   -1.000   -0.615   -0.244    0.110    0.440    0.736
    0.991    1.207    1.387    1.547    1.709    1.897    2.136    2.454
    2.858    3.348    3.915    4.552    5.204    5.847    6.408
CT2027:080           -4.749   -4.150   -3.541   -2.940   -2.365   -1.834
   -1.339   -0.875   -0.437   -0.022    0.374    0.746    1.088    1.384
    1.629    1.824    1.972    2.086    2.193    2.319    2.491    2.744
    3.085    3.518    4.037    4.637    5.260    5.878    6.425
CT2027:075           -4.525   -3.879   -3.221   -2.572   -1.949   -1.374
   -0.837   -0.336    0.133    0.573    0.986    1.368    1.712    2.005
    2.239    2.416    2.537    2.614    2.676    2.748    2.859    3.047
    3.324    3.696    4.160    4.712    5.295    5.878    6.398
CT2027:070           -4.335   -3.635   -2.924   -2.222   -1.547   -0.924
   -0.344    0.194    0.692    1.151    1.575    1.960    2.301    2.586
    2.808    2.970    3.071    3.122    3.149    3.179    3.241    3.373
    3.592    3.908    4.318    4.825    5.372    5.924    6.425
CT2027:065           -4.114   -3.369   -2.609   -1.858   -1.135   -0.467
    0.154    0.725    1.248    1.720    2.147    2.527    2.858    3.128
    3.335    3.481    3.564    3.594    3.595    3.592    3.613    3.696
    3.862    4.123    4.480    4.938    5.443    5.959    6.434
CT2027:060           -3.939   -3.143   -2.331   -1.527   -0.752   -0.035
    0.628    1.233    1.780    2.263    2.690    3.061    3.376    3.628
    3.816    3.943    4.010    4.024    4.005    3.977    3.967    4.011
    4.132    4.344    4.652    5.065    5.531    6.012    6.466
CT2027:055           -3.740   -2.903   -2.045   -1.194   -0.371    0.390
    1.093    1.730    2.298    2.790    3.214    3.572    3.867    4.095
    4.258    4.364    4.412    4.409    4.374    4.326    4.291    4.303
    4.385    4.553    4.815    5.182    5.607    6.052    6.479
CT2027:050           -3.590   -2.708   -1.802   -0.901   -0.029    0.780
    1.524    2.194    2.786    3.287    3.709    4.053    4.327    4.528
    4.663    4.744    4.770    4.750    4.700    4.637    4.584    4.571
    4.622    4.754    4.976    5.304    5.693    6.105    6.510
CT2027:045           -3.387   -2.478   -1.537   -0.600    0.313    1.161
    1.941    2.641    3.253    3.762    4.179    4.509    4.759    4.930
    5.034    5.085    5.087    5.048    4.982    4.906    4.837    4.805
    4.831    4.932    5.119    5.409    5.763    6.142    6.522
CT2027:040           -3.270   -2.325   -1.345   -0.366    0.589    1.479
    2.296    3.027    3.661    4.181    4.596    4.913    5.140    5.282
    5.355    5.376    5.352    5.293    5.214    5.126    5.047    5.001
    5.009    5.088    5.247    5.508    5.833    6.186    6.548
CT2027:035           -3.054   -2.101   -1.103   -0.103    0.878    1.795
    2.638    3.391    4.040    4.564    4.974    5.276    5.480    5.593
    5.635    5.626    5.577    5.499    5.407    5.311    5.226    5.174
    5.172    5.238    5.380    5.622    5.930    6.267    6.621
CT2027:030           -2.974   -2.000   -0.976    0.052    1.061    2.007
    2.876    3.650    4.313    4.843    5.249    5.538    5.722    5.808
    5.822    5.787    5.715    5.621    5.518    5.417    5.329    5.275
    5.269    5.326    5.457    5.683    5.974    6.295    6.637
CT2027:025           -2.881   -1.897   -0.860    0.181    1.207    2.168
    3.052    3.837    4.507    5.036    5.434    5.708    5.873    5.936
    5.926    5.868    5.778    5.672    5.564    5.462    5.379    5.330
    5.329    5.390    5.520    5.742    6.028    6.345    6.687
CT2027:020           -2.842   -1.852   -0.808    0.241    1.274    2.243
    3.132    3.919    4.587    5.109    5.495    5.754    5.899    5.942
    5.912    5.837    5.734    5.622    5.514    5.418    5.345    5.310
    5.321    5.392    5.529    5.753    6.038    6.353    6.692
CT2027:015           -2.925   -1.919   -0.866    0.190    1.227    2.196
    3.082    3.863    4.522    5.032    5.403    5.644    5.771    5.796
    5.751    5.665    5.556    5.445    5.343    5.260    5.204    5.189
    5.220    5.307    5.455    5.684    5.967    6.276    6.603
CT2027:010           -2.931   -1.936   -0.897    0.144    1.163    2.111
    2.975    3.733    4.367    4.851    5.197    5.416    5.523    5.531
    5.475    5.383    5.276    5.174    5.090    5.032    5.007    5.025
    5.091    5.210    5.388    5.638    5.938    6.260    6.594
CT2027:005           -2.995   -2.016   -0.998    0.018    1.008    1.924
    2.752    3.473    4.070    4.519    4.833    5.024    5.109    5.102
    5.038    4.946    4.847    4.764    4.705    4.680    4.693    4.752
    4.857    5.013    5.219    5.489    5.797    6.122    6.445
CT2028:360           -3.047   -2.095   -1.112   -0.134    0.814    1.682
    2.460    3.130    3.677    4.080    4.354    4.513    4.573    4.553
    4.486    4.401    4.322    4.267    4.248    4.269    4.335    4.450
    4.612    4.821    5.076    5.386    5.727    6.079    6.420
