CT2054:360           -5.951   -5.558   -5.102   -4.636   -4.174   -3.749
   -3.368   -3.039   -2.770   -2.567   -2.421   -2.322   -2.256   -2.203
   -2.138   -2.040   -1.882   -1.645   -1.326   -0.919   -0.423    0.170
    0.844    1.592    2.402    3.263    4.130    4.979    5.734
CT2054:355           -6.022   -5.617   -5.153   -4.679   -4.211   -3.779
   -3.391   -3.053   -2.770   -2.549   -2.378   -2.248   -2.147   -2.056
   -1.953   -1.819   -1.633   -1.377   -1.049   -0.644   -0.159    0.411
    1.056    1.770    2.543    3.366    4.195    5.008    5.727
CT2054:350           -6.026   -5.620   -5.154   -4.678   -4.207   -3.771
   -3.377   -3.031   -2.736   -2.495   -2.300   -2.139   -2.002   -1.872
   -1.731   -1.562   -1.347   -1.073   -0.737   -0.334    0.139    0.689
    1.308    1.991    2.732    3.523    4.321    5.104    5.799
CT2054:345           -6.060   -5.645   -5.171   -4.686   -4.206   -3.762
   -3.359   -3.001   -2.690   -2.429   -2.206   -2.014   -1.841   -1.674
   -1.496   -1.294   -1.055   -0.766   -0.425   -0.026    0.432    0.959
    1.549    2.200    2.903    3.656    4.415    5.159    5.815
CT2054:340           -6.058   -5.639   -5.158   -4.666   -4.179   -3.726
   -3.312   -2.942   -2.615   -2.332   -2.084   -1.860   -1.652   -1.449
   -1.237   -1.006   -0.744   -0.442   -0.097    0.296    0.742    1.249
    1.813    2.435    3.107    3.826    4.553    5.265    5.894
CT2054:335           -6.040   -5.616   -5.129   -4.629   -4.133   -3.670
   -3.244   -2.859   -2.515   -2.211   -1.936   -1.682   -1.442   -1.205
   -0.962   -0.705   -0.424   -0.111    0.236    0.623    1.056    1.544
    2.085    2.679    3.322    4.011    4.707    5.390    5.994
CT2054:330           -6.033   -5.602   -5.105   -4.595   -4.087   -3.611
   -3.170   -2.768   -2.405   -2.078   -1.777   -1.495   -1.225   -0.958
   -0.688   -0.408   -0.112    0.208    0.556    0.936    1.356    1.825
    2.342    2.910    3.524    4.181    4.846    5.498    6.073
CT2054:325           -6.011   -5.573   -5.065   -4.544   -4.023   -3.532
   -3.076   -2.657   -2.273   -1.924   -1.599   -1.291   -0.993   -0.701
   -0.407   -0.108    0.202    0.529    0.877    1.252    1.661    2.114
    2.612    3.158    3.748    4.380    5.021    5.650    6.207
CT2054:320           -6.000   -5.552   -5.032   -4.498   -3.962   -3.456
   -2.982   -2.544   -2.141   -1.770   -1.422   -1.091   -0.770   -0.456
   -0.143    0.171    0.492    0.823    1.170    1.539    1.936    2.373
    2.851    3.373    3.937    4.541    5.152    5.752    6.283
CT2054:315           -6.004   -5.542   -5.006   -4.454   -3.901   -3.376
   -2.883   -2.425   -2.001   -1.610   -1.241   -0.889   -0.549   -0.215
    0.113    0.441    0.771    1.107    1.454    1.818    2.206    2.630
    3.091    3.594    4.136    4.718    5.307    5.885    6.398
CT2054:310           -5.989   -5.516   -4.967   -4.402   -3.833   -3.290
   -2.780   -2.304   -1.862   -1.452   -1.065   -0.696   -0.340    0.008
    0.349    0.686    1.023    1.362    1.708    2.067    2.447    2.857
    3.302    3.784    4.304    4.861    5.425    5.978    6.467
CT2054:305           -6.006   -5.516   -4.948   -4.363   -3.774   -3.212
   -2.681   -2.186   -1.725   -1.298   -0.895   -0.510   -0.140    0.219
    0.571    0.916    1.259    1.601    1.947    2.303    2.676    3.075
    3.507    3.974    4.477    5.016    5.562    6.098    6.572
CT2054:300           -5.989   -5.488   -4.908   -4.309   -3.704   -3.126
   -2.579   -2.067   -1.590   -1.148   -0.732   -0.336    0.044    0.412
    0.771    1.122    1.468    1.811    2.155    2.506    2.871    3.260
    3.678    4.130    4.615    5.135    5.661    6.178    6.632
CT2054:295           -6.028   -5.507   -4.905   -4.285   -3.660   -3.062
   -2.495   -1.965   -1.471   -1.015   -0.586   -0.179    0.210    0.585
    0.948    1.303    1.651    1.993    2.336    2.683    3.041    3.421
    3.828    4.268    4.739    5.245    5.756    6.258    6.698
CT2054:290           -6.010   -5.480   -4.867   -4.234   -3.596   -2.982
   -2.401   -1.857   -1.351   -0.883   -0.445   -0.031    0.363    0.741
    1.106    1.461    1.808    2.148    2.487    2.829    3.181    3.553
    3.952    4.381    4.841    5.334    5.832    6.320    6.745
CT2054:285           -6.057   -5.508   -4.875   -4.223   -3.566   -2.935
   -2.337   -1.777   -1.257   -0.778   -0.332    0.087    0.485    0.864
    1.228    1.581    1.925    2.261    2.596    2.933    3.280    3.647
    4.039    4.460    4.913    5.396    5.884    6.361    6.775
CT2054:280           -6.042   -5.485   -4.843   -4.182   -3.513   -2.871
   -2.261   -1.691   -1.163   -0.678   -0.227    0.193    0.590    0.966
    1.325    1.673    2.011    2.342    2.672    3.006    3.350    3.714
    4.103    4.522    4.971    5.450    5.932    6.402    6.808
CT2054:275           -6.056   -5.489   -4.836   -4.163   -3.482   -2.828
   -2.208   -1.629   -1.094   -0.605   -0.153    0.266    0.658    1.027
    1.379    1.719    2.050    2.376    2.703    3.035    3.380    3.746
    4.138    4.560    5.011    5.492    5.975    6.446    6.852
CT2054:270           -6.046   -5.474   -4.816   -4.136   -3.449   -2.788
   -2.162   -1.579   -1.041   -0.553   -0.106    0.306    0.689    1.047
    1.388    1.718    2.041    2.361    2.686    3.019    3.367    3.738
    4.137    4.565    5.022    5.507    5.992    6.464    6.867
CT2054:265           -6.037   -5.463   -4.800   -4.116   -3.425   -2.760
   -2.132   -1.548   -1.013   -0.532   -0.094    0.306    0.676    1.020
    1.347    1.665    1.980    2.297    2.622    2.960    3.316    3.698
    4.109    4.549    5.018    5.511    6.004    6.483    6.891
CT2054:260           -6.032   -5.457   -4.793   -4.108   -3.415   -2.750
   -2.123   -1.544   -1.016   -0.546   -0.122    0.261    0.612    0.938
    1.249    1.555    1.862    2.178    2.506    2.853    3.221    3.619
    4.045    4.501    4.983    5.489    5.991    6.477    6.890
CT2054:255           -6.035   -5.459   -4.795   -4.110   -3.418   -2.756
   -2.135   -1.564   -1.049   -0.594   -0.190    0.172    0.501    0.807
    1.102    1.395    1.696    2.012    2.347    2.705    3.089    3.505
    3.950    4.424    4.923    5.442    5.954    6.449    6.865
CT2054:250           -6.036   -5.462   -4.800   -4.119   -3.431   -2.776
   -2.165   -1.607   -1.108   -0.674   -0.292    0.045    0.351    0.636
    0.913    1.195    1.492    1.811    2.155    2.528    2.931    3.368
    3.835    4.331    4.850    5.386    5.914    6.422    6.848
CT2054:245           -6.049   -5.476   -4.817   -4.140   -3.458   -2.813
   -2.213   -1.671   -1.191   -0.779   -0.423   -0.110    0.171    0.435
    0.696    0.968    1.261    1.585    1.939    2.328    2.750    3.209
    3.699    4.217    4.757    5.312    5.855    6.377    6.813
CT2054:240           -6.056   -5.486   -4.833   -4.162   -3.490   -2.856
   -2.272   -1.747   -1.288   -0.900   -0.568   -0.279   -0.021    0.223
    0.470    0.733    1.024    1.352    1.716    2.119    2.560    3.041
    3.553    4.093    4.655    5.231    5.793    6.333    6.782
CT2054:235           -6.074   -5.507   -4.859   -4.195   -3.532   -2.911
   -2.341   -1.835   -1.395   -1.029   -0.718   -0.451   -0.213    0.015
    0.250    0.505    0.793    1.124    1.496    1.911    2.367    2.865
    3.398    3.960    4.544    5.141    5.723    6.281    6.746
CT2054:230           -6.084   -5.521   -4.880   -4.225   -3.573   -2.965
   -2.410   -1.921   -1.500   -1.152   -0.860   -0.610   -0.387   -0.172
    0.052    0.300    0.584    0.914    1.290    1.712    2.179    2.691
    3.241    3.822    4.426    5.043    5.646    6.223    6.704
CT2054:225           -6.102   -5.542   -4.907   -4.260   -3.617   -3.021
   -2.480   -2.005   -1.599   -1.265   -0.987   -0.749   -0.537   -0.332
   -0.116    0.125    0.403    0.730    1.105    1.529    2.001    2.524
    3.087    3.685    4.308    4.948    5.572    6.172    6.673
CT2054:220           -6.112   -5.556   -4.928   -4.287   -3.654   -3.069
   -2.541   -2.078   -1.684   -1.361   -1.092   -0.862   -0.657   -0.459
   -0.251   -0.018    0.253    0.572    0.941    1.362    1.834    2.362
    2.934    3.544    4.184    4.842    5.486    6.105    6.624
CT2054:215           -6.114   -5.562   -4.939   -4.306   -3.680   -3.105
   -2.587   -2.134   -1.749   -1.433   -1.169   -0.945   -0.744   -0.552
   -0.350   -0.125    0.136    0.446    0.806    1.220    1.691    2.221
    2.802    3.426    4.083    4.765    5.434    6.080    6.627
CT2054:210           -6.123   -5.572   -4.953   -4.324   -3.704   -3.135
   -2.624   -2.178   -1.799   -1.488   -1.228   -1.008   -0.811   -0.625
   -0.431   -0.216    0.033    0.330    0.678    1.083    1.547    2.075
    2.659    3.292    3.962    4.659    5.347    6.010    6.575
CT2054:205           -6.127   -5.577   -4.959   -4.331   -3.714   -3.149
   -2.642   -2.200   -1.825   -1.518   -1.262   -1.045   -0.854   -0.674
   -0.489   -0.286   -0.050    0.234    0.570    0.964    1.422    1.950
    2.538    3.180    3.865    4.582    5.292    5.979    6.568
CT2054:200           -6.132   -5.581   -4.962   -4.333   -3.716   -3.152
   -2.646   -2.206   -1.833   -1.529   -1.277   -1.066   -0.882   -0.712
   -0.539   -0.350   -0.129    0.140    0.462    0.846    1.297    1.822
    2.413    3.061    3.756    4.486    5.211    5.914    6.518
CT2054:195           -6.135   -5.582   -4.959   -4.327   -3.706   -3.139
   -2.631   -2.191   -1.819   -1.517   -1.270   -1.066   -0.892   -0.735
   -0.577   -0.404   -0.199    0.054    0.364    0.737    1.181    1.704
    2.295    2.948    3.651    4.392    5.129    5.844    6.459
CT2054:190           -6.136   -5.579   -4.951   -4.312   -3.685   -3.111
   -2.598   -2.154   -1.781   -1.481   -1.239   -1.043   -0.881   -0.739
   -0.598   -0.443   -0.255   -0.017    0.280    0.644    1.082    1.602
    2.195    2.853    3.563    4.314    5.062    5.788    6.415
CT2054:185           -6.116   -5.558   -4.925   -4.280   -3.645   -3.064
   -2.543   -2.093   -1.716   -1.417   -1.180   -0.993   -0.844   -0.718
   -0.596   -0.460   -0.290   -0.069    0.214    0.567    0.998    1.514
    2.106    2.764    3.477    4.231    4.983    5.713    6.341
CT2054:180           -6.113   -5.549   -4.906   -4.251   -3.604   -3.009
   -2.477   -2.017   -1.633   -1.331   -1.095   -0.915   -0.776   -0.665
   -0.560   -0.442   -0.291   -0.085    0.184    0.526    0.948    1.460
    2.049    2.707    3.421    4.180    4.936    5.672    6.306
CT2054:175           -6.099   -5.530   -4.878   -4.212   -3.551   -2.943
   -2.397   -1.924   -1.530   -1.221   -0.984   -0.806   -0.675   -0.576
   -0.486   -0.384   -0.250   -0.061    0.193    0.521    0.931    1.434
    2.015    2.667    3.377    4.133    4.887    5.621    6.253
CT2054:170           -6.094   -5.517   -4.853   -4.174   -3.498   -2.874
   -2.311   -1.822   -1.414   -1.095   -0.850   -0.670   -0.540   -0.447
   -0.366   -0.277   -0.157    0.016    0.254    0.566    0.962    1.450
    2.020    2.663    3.365    4.115    4.866    5.597    6.229
CT2054:165           -6.067   -5.485   -4.812   -4.121   -3.432   -2.792
   -2.212   -1.707   -1.283   -0.949   -0.693   -0.504   -0.369   -0.274
   -0.197   -0.114   -0.004    0.155    0.377    0.672    1.048    1.519
    2.072    2.700    3.390    4.132    4.877    5.604    6.238
CT2054:160           -6.061   -5.471   -4.787   -4.084   -3.380   -2.722
   -2.125   -1.602   -1.159   -0.808   -0.535   -0.330   -0.182   -0.078
    0.005    0.088    0.193    0.341    0.546    0.820    1.174    1.621
    2.150    2.755    3.426    4.150    4.882    5.599    6.226
CT2054:155           -5.996   -5.409   -4.722   -4.014   -3.301   -2.632
   -2.021   -1.482   -1.022   -0.652   -0.359   -0.135    0.033    0.154
    0.251    0.342    0.447    0.589    0.780    1.035    1.364    1.784
    2.286    2.867    3.516    4.224    4.944    5.653    6.282
CT2054:150           -5.989   -5.396   -4.700   -3.982   -3.258   -2.576
   -1.950   -1.394   -0.915   -0.524   -0.208    0.042    0.235    0.382
    0.499    0.606    0.718    0.857    1.036    1.270    1.572    1.960
    2.429    2.977    3.595    4.277    4.975    5.665    6.283
CT2054:145           -5.972   -5.375   -4.673   -3.948   -3.216   -2.524
   -1.887   -1.317   -0.821   -0.409   -0.069    0.208    0.431    0.607
    0.752    0.879    1.005    1.146    1.316    1.532    1.808    2.163
    2.597    3.110    3.694    4.346    5.020    5.688    6.293
CT2054:140           -5.964   -5.363   -4.656   -3.926   -3.187   -2.487
   -1.841   -1.259   -0.749   -0.318    0.046    0.351    0.605    0.813
    0.988    1.142    1.285    1.433    1.600    1.802    2.053    2.377
    2.776    3.253    3.801    4.422    5.068    5.713    6.303
CT2054:135           -6.014   -5.399   -4.682   -3.942   -3.194   -2.486
   -1.830   -1.238   -0.714   -0.265    0.121    0.453    0.737    0.978
    1.184    1.366    1.530    1.689    1.856    2.047    2.278    2.572
    2.936    3.375    3.885    4.468    5.081    5.695    6.261
CT2054:130           -6.007   -5.391   -4.672   -3.930   -3.182   -2.472
   -1.814   -1.216   -0.684   -0.223    0.181    0.534    0.845    1.115
    1.351    1.561    1.748    1.921    2.094    2.281    2.499    2.771
    3.107    3.514    3.992    4.546    5.132    5.723    6.274
CT2054:125           -6.048   -5.422   -4.697   -3.950   -3.199   -2.487
   -1.826   -1.225   -0.687   -0.216    0.201    0.572    0.904    1.199
    1.461    1.696    1.906    2.096    2.278    2.465    2.675    2.931
    3.243    3.623    4.072    4.595    5.154    5.720    6.250
CT2054:120           -6.044   -5.417   -4.694   -3.950   -3.202   -2.494
   -1.835   -1.235   -0.696   -0.221    0.203    0.585    0.931    1.244
    1.526    1.783    2.012    2.219    2.413    2.607    2.816    3.063
    3.362    3.724    4.151    4.653    5.192    5.740    6.259
CT2054:115           -6.058   -5.429   -4.706   -3.963   -3.218   -2.513
   -1.858   -1.261   -0.724   -0.249    0.178    0.565    0.919    1.243
    1.539    1.811    2.057    2.279    2.486    2.690    2.904    3.150
    3.443    3.794    4.207    4.694    5.219    5.754    6.264
CT2054:110           -6.056   -5.429   -4.710   -3.972   -3.232   -2.534
   -1.886   -1.295   -0.763   -0.292    0.132    0.518    0.873    1.200
    1.502    1.782    2.039    2.274    2.494    2.710    2.933    3.185
    3.479    3.828    4.236    4.714    5.230    5.757    6.263
CT2054:105           -6.057   -5.432   -4.717   -3.984   -3.251   -2.560
   -1.919   -1.336   -0.812   -0.348    0.069    0.449    0.798    1.121
    1.421    1.703    1.964    2.207    2.439    2.667    2.904    3.167
    3.470    3.824    4.235    4.713    5.228    5.753    6.258
CT2054:100           -6.058   -5.436   -4.726   -3.999   -3.273   -2.591
   -1.959   -1.385   -0.870   -0.417   -0.011    0.357    0.695    1.007
    1.298    1.574    1.834    2.082    2.322    2.562    2.814    3.093
    3.412    3.779    4.201    4.686    5.206    5.735    6.243
CT2054:095           -6.042   -5.426   -4.725   -4.007   -3.290   -2.618
   -1.997   -1.434   -0.932   -0.492   -0.101    0.250    0.571    0.866
    1.142    1.406    1.659    1.905    2.152    2.404    2.673    2.972
    3.311    3.700    4.140    4.641    5.174    5.714    6.231
CT2054:090           -6.045   -5.433   -4.738   -4.026   -3.318   -2.655
   -2.045   -1.495   -1.006   -0.582   -0.208    0.124    0.423    0.696
    0.952    1.198    1.439    1.681    1.929    2.192    2.478    2.800
    3.165    3.579    4.043    4.566    5.117    5.674    6.202
CT2054:085           -6.023   -5.420   -4.734   -4.034   -3.337   -2.686
   -2.089   -1.554   -1.081   -0.676   -0.323   -0.015    0.259    0.507
    0.737    0.961    1.186    1.420    1.669    1.942    2.245    2.593
    2.987    3.434    3.931    4.483    5.061    5.642    6.191
CT2054:080           -6.027   -5.429   -4.750   -4.056   -3.369   -2.730
   -2.146   -1.625   -1.170   -0.785   -0.455   -0.172    0.074    0.292
    0.495    0.694    0.899    1.122    1.369    1.649    1.970    2.344
    2.771    3.251    3.783    4.369    4.975    5.582    6.150
CT2054:075           -6.041   -5.446   -4.773   -4.087   -3.409   -2.781
   -2.211   -1.707   -1.271   -0.907   -0.603   -0.348   -0.132    0.055
    0.227    0.399    0.582    0.792    1.036    1.323    1.661    2.061
    2.521    3.038    3.607    4.228    4.865    5.499    6.084
CT2054:070           -6.046   -5.456   -4.790   -4.112   -3.444   -2.830
   -2.275   -1.789   -1.374   -1.035   -0.758   -0.533   -0.349   -0.195
   -0.054    0.089    0.250    0.446    0.686    0.980    1.336    1.765
    2.260    2.817    3.428    4.088    4.761    5.427    6.036
CT2054:065           -6.096   -5.503   -4.839   -4.165   -3.504   -2.901
   -2.360   -1.890   -1.496   -1.182   -0.934   -0.740   -0.588   -0.468
   -0.360   -0.246   -0.109    0.072    0.307    0.607    0.979    1.435
    1.963    2.558    3.206    3.901    4.603    5.293    5.913
CT2054:060           -6.103   -5.515   -4.858   -4.193   -3.543   -2.952
   -2.428   -1.978   -1.607   -1.319   -1.100   -0.938   -0.821   -0.736
   -0.660   -0.576   -0.461   -0.294   -0.062    0.246    0.638    1.124
    1.689    2.325    3.017    3.753    4.493    5.218    5.863
CT2054:055           -6.113   -5.530   -4.881   -4.224   -3.584   -3.007
   -2.498   -2.067   -1.718   -1.457   -1.267   -1.138   -1.055   -1.004
   -0.962   -0.907   -0.814   -0.659   -0.430   -0.114    0.296    0.810
    1.410    2.083    2.814    3.588    4.359    5.111    5.774
CT2054:050           -6.122   -5.544   -4.902   -4.253   -3.622   -3.057
   -2.562   -2.148   -1.819   -1.582   -1.421   -1.322   -1.272   -1.255
   -1.244   -1.216   -1.144   -1.000   -0.771   -0.446   -0.016    0.526
    1.160    1.871    2.641    3.452    4.257    5.041    5.728
CT2054:045           -6.088   -5.524   -4.893   -4.257   -3.639   -3.086
   -2.606   -2.209   -1.899   -1.684   -1.549   -1.479   -1.460   -1.473
   -1.491   -1.488   -1.434   -1.299   -1.071   -0.736   -0.289    0.279
    0.944    1.689    2.494    3.339    4.175    4.988    5.697
CT2054:040           -6.099   -5.539   -4.915   -4.284   -3.672   -3.128
   -2.656   -2.270   -1.973   -1.775   -1.660   -1.613   -1.619   -1.659
   -1.701   -1.719   -1.680   -1.552   -1.324   -0.981   -0.518    0.070
    0.760    1.532    2.365    3.237    4.098    4.934    5.662
CT2054:035           -6.087   -5.536   -4.920   -4.297   -3.692   -3.154
   -2.690   -2.311   -2.024   -1.838   -1.737   -1.707   -1.733   -1.792
   -1.853   -1.886   -1.858   -1.735   -1.505   -1.156   -0.682   -0.078
    0.631    1.423    2.276    3.170    4.053    4.909    5.654
CT2054:030           -6.098   -5.552   -4.939   -4.321   -3.720   -3.184
   -2.722   -2.346   -2.062   -1.881   -1.787   -1.767   -1.804   -1.874
   -1.946   -1.989   -1.967   -1.847   -1.616   -1.263   -0.783   -0.171
    0.546    1.348    2.213    3.118    4.013    4.880    5.636
CT2054:025           -6.103   -5.562   -4.955   -4.340   -3.742   -3.208
   -2.745   -2.368   -2.082   -1.900   -1.806   -1.787   -1.826   -1.899
   -1.973   -2.017   -1.996   -1.875   -1.643   -1.289   -0.808   -0.194
    0.524    1.327    2.194    3.104    4.005    4.881    5.645
CT2054:020           -6.113   -5.576   -4.973   -4.361   -3.765   -3.229
   -2.764   -2.381   -2.090   -1.900   -1.799   -1.773   -1.804   -1.870
   -1.938   -1.976   -1.950   -1.825   -1.592   -1.240   -0.763   -0.157
    0.552    1.347    2.206    3.110    4.008    4.881    5.646
CT2054:015           -6.109   -5.579   -4.981   -4.374   -3.780   -3.244
   -2.774   -2.385   -2.084   -1.882   -1.767   -1.726   -1.741   -1.792
   -1.844   -1.868   -1.831   -1.701   -1.466   -1.118   -0.651   -0.059
    0.633    1.410    2.253    3.144    4.032    4.897    5.658
CT2054:010           -6.118   -5.592   -4.997   -4.392   -3.799   -3.260
   -2.784   -2.385   -2.071   -1.852   -1.717   -1.653   -1.645   -1.671
   -1.701   -1.705   -1.652   -1.512   -1.276   -0.933   -0.479    0.093
    0.762    1.515    2.334    3.205    4.076    4.928    5.681
CT2054:005           -6.110   -5.591   -5.002   -4.402   -3.811   -3.271
   -2.790   -2.381   -2.052   -1.814   -1.654   -1.563   -1.525   -1.521
   -1.522   -1.501   -1.429   -1.278   -1.040   -0.704   -0.267    0.281
    0.922    1.644    2.432    3.275    4.122    4.952    5.687
CT2055:360           -6.117   -5.601   -5.015   -4.417   -3.827   -3.284
   -2.797   -2.377   -2.031   -1.770   -1.583   -1.461   -1.388   -1.350
   -1.317   -1.266   -1.171   -1.007   -0.766   -0.437   -0.016    0.507
    1.119    1.809    2.566    3.379    4.201    5.008    5.727
