CT2017:360           -6.458   -6.282   -6.096   -5.927   -5.806   -5.768
   -5.794   -5.873   -5.984   -6.098   -6.184   -6.220   -6.188   -6.068
   -5.860   -5.571   -5.199   -4.745   -4.217   -3.614   -2.931   -2.156
   -1.295   -0.353    0.660    1.740    2.835    3.923    4.936
CT2017:355           -6.524   -6.332   -6.130   -5.946   -5.813   -5.768
   -5.794   -5.884   -6.019   -6.173   -6.317   -6.424   -6.476   -6.446
   -6.326   -6.115   -5.801   -5.379   -4.858   -4.235   -3.511   -2.676
   -1.746   -0.732    0.352    1.497    2.651    3.791    4.846
CT2017:350           -6.515   -6.314   -6.099   -5.903   -5.758   -5.707
   -5.735   -5.837   -5.997   -6.196   -6.401   -6.586   -6.727   -6.792
   -6.765   -6.635   -6.383   -5.995   -5.481   -4.840   -4.073   -3.179
   -2.180   -1.094    0.061    1.268    2.477    3.665    4.756
CT2017:345           -6.545   -6.322   -6.083   -5.863   -5.697   -5.631
   -5.653   -5.760   -5.941   -6.179   -6.442   -6.701   -6.928   -7.087
   -7.150   -7.101   -6.910   -6.558   -6.053   -5.396   -4.592   -3.642
   -2.579   -1.425   -0.205    1.062    2.321    3.554    4.676
CT2017:340           -6.510   -6.272   -6.012   -5.770   -5.583   -5.501
   -5.514   -5.623   -5.819   -6.091   -6.405   -6.731   -7.038   -7.284
   -7.432   -7.459   -7.328   -7.012   -6.521   -5.855   -5.021   -4.025
   -2.907   -1.695   -0.417    0.901    2.203    3.474    4.622
CT2017:335           -6.500   -6.238   -5.951   -5.681   -5.465   -5.358
   -5.353   -5.454   -5.655   -5.948   -6.300   -6.678   -7.050   -7.369
   -7.591   -7.686   -7.611   -7.333   -6.860   -6.194   -5.343   -4.315
   -3.157   -1.902   -0.581    0.775    2.110    3.409    4.576
CT2017:330           -6.447   -6.166   -5.854   -5.557   -5.312   -5.177
   -5.149   -5.234   -5.429   -5.730   -6.103   -6.517   -6.936   -7.310
   -7.590   -7.742   -7.717   -7.475   -7.027   -6.371   -5.517   -4.474
   -3.295   -2.014   -0.667    0.714    2.070    3.387    4.566
CT2017:325           -6.338   -6.048   -5.718   -5.398   -5.128   -4.965
   -4.910   -4.972   -5.150   -5.445   -5.823   -6.252   -6.696   -7.104
   -7.425   -7.618   -7.633   -7.427   -7.007   -6.371   -5.529   -4.490
   -3.309   -2.021   -0.665    0.726    2.091    3.417    4.604
CT2017:320           -6.274   -5.965   -5.610   -5.263   -4.961   -4.765
   -4.676   -4.705   -4.855   -5.128   -5.491   -5.913   -6.359   -6.779
   -7.118   -7.335   -7.379   -7.203   -6.813   -6.205   -5.389   -4.373
   -3.210   -1.939   -0.596    0.785    2.141    3.460    4.642
CT2017:315           -6.105   -5.800   -5.436   -5.076   -4.754   -4.532
   -4.413   -4.411   -4.529   -4.771   -5.106   -5.506   -5.935   -6.345
   -6.682   -6.905   -6.962   -6.807   -6.445   -5.869   -5.089   -4.109
   -2.983   -1.747   -0.435    0.919    2.254    3.556    4.727
CT2017:310           -6.014   -5.695   -5.313   -4.933   -4.587   -4.336
   -4.185   -4.147   -4.227   -4.430   -4.726   -5.089   -5.483   -5.863
   -6.178   -6.387   -6.440   -6.295   -5.953   -5.410   -4.671   -3.741
   -2.669   -1.487   -0.227    1.082    2.378    3.645    4.793
CT2017:305           -5.966   -5.631   -5.231   -4.831   -4.462   -4.183
   -4.001   -3.928   -3.969   -4.129   -4.380   -4.695   -5.041   -5.376
   -5.650   -5.826   -5.858   -5.707   -5.376   -4.860   -4.165   -3.292
   -2.286   -1.173    0.017    1.260    2.497    3.710    4.812
CT2017:300           -5.892   -5.546   -5.135   -4.721   -4.337   -4.039
   -3.833   -3.731   -3.737   -3.856   -4.060   -4.323   -4.613   -4.890
   -5.108   -5.234   -5.226   -5.053   -4.718   -4.219   -3.560   -2.742
   -1.803   -0.762    0.355    1.532    2.712    3.874    4.940
CT2017:295           -5.980   -5.597   -5.157   -4.717   -4.309   -3.986
   -3.753   -3.621   -3.592   -3.669   -3.824   -4.031   -4.259   -4.469
   -4.620   -4.684   -4.625   -4.418   -4.071   -3.582   -2.959   -2.201
   -1.336   -0.381    0.647    1.737    2.835    3.919    4.914
CT2017:290           -5.908   -5.519   -5.075   -4.632   -4.220   -3.890
   -3.646   -3.497   -3.443   -3.486   -3.596   -3.748   -3.913   -4.052
   -4.129   -4.121   -4.001   -3.750   -3.380   -2.893   -2.295   -1.587
   -0.787    0.093    1.044    2.060    3.093    4.118    5.069
CT2017:285           -5.981   -5.561   -5.096   -4.636   -4.211   -3.869
   -3.609   -3.440   -3.360   -3.365   -3.428   -3.522   -3.619   -3.682
   -3.682   -3.600   -3.416   -3.119   -2.725   -2.237   -1.664   -1.005
   -0.270    0.535    1.405    2.342    3.301    4.257    5.150
CT2017:280           -5.912   -5.490   -5.027   -4.571   -4.149   -3.807
   -3.543   -3.362   -3.261   -3.233   -3.250   -3.286   -3.315   -3.303
   -3.227   -3.073   -2.828   -2.490   -2.073   -1.586   -1.035   -0.418
    0.260    1.000    1.802    2.672    3.570    4.469    5.316
CT2017:275           -5.838   -5.413   -4.954   -4.501   -4.084   -3.743
   -3.476   -3.283   -3.159   -3.095   -3.063   -3.039   -2.999   -2.913
   -2.764   -2.545   -2.248   -1.875   -1.443   -0.960   -0.431    0.148
    0.776    1.461    2.205    3.019    3.866    4.718    5.529
CT2017:270           -5.772   -5.345   -4.888   -4.439   -4.025   -3.685
   -3.411   -3.203   -3.053   -2.949   -2.865   -2.779   -2.671   -2.516
   -2.302   -2.028   -1.691   -1.297   -0.861   -0.390    0.113    0.654
    1.237    1.872    2.565    3.327    4.124    4.929    5.697
CT2017:265           -5.554   -5.151   -4.715   -4.285   -3.887   -3.554
   -3.278   -3.059   -2.884   -2.741   -2.607   -2.462   -2.291   -2.074
   -1.808   -1.492   -1.129   -0.726   -0.295    0.159    0.636    1.144
    1.692    2.290    2.944    3.670    4.434    5.206    5.948
CT2017:260           -5.485   -5.077   -4.640   -4.208   -3.807   -3.466
   -3.177   -2.933   -2.725   -2.537   -2.348   -2.145   -1.915   -1.646
   -1.338   -0.994   -0.618   -0.218    0.198    0.629    1.076    1.552
    2.066    2.631    3.252    3.943    4.671    5.407    6.111
CT2017:255           -5.485   -5.059   -4.607   -4.162   -3.748   -3.389
   -3.076   -2.802   -2.555   -2.319   -2.079   -1.823   -1.544   -1.235
   -0.899   -0.542   -0.167    0.219    0.612    1.014    1.429    1.872
    2.353    2.883    3.468    4.118    4.800    5.486    6.130
CT2017:250           -5.411   -4.974   -4.512   -4.057   -3.629   -3.252
   -2.913   -2.607   -2.321   -2.042   -1.756   -1.457   -1.141   -0.806
   -0.456   -0.096    0.269    0.637    1.006    1.382    1.772    2.192
    2.652    3.162    3.728    4.356    5.013    5.672    6.283
CT2017:245           -5.731   -5.213   -4.686   -4.171   -3.689   -3.260
   -2.869   -2.510   -2.171   -1.841   -1.510   -1.174   -0.831   -0.481
   -0.131    0.219    0.564    0.905    1.243    1.586    1.942    2.326
    2.749    3.219    3.737    4.306    4.889    5.462    5.960
CT2017:240           -5.658   -5.123   -4.577   -4.039   -3.531   -3.070
   -2.644   -2.247   -1.869   -1.503   -1.143   -0.786   -0.432   -0.084
    0.256    0.588    0.912    1.230    1.546    1.869    2.209    2.580
    2.991    3.450    3.956    4.511    5.075    5.626    6.096
CT2017:235           -5.709   -5.133   -4.545   -3.966   -3.415   -2.908
   -2.434   -1.990   -1.570   -1.170   -0.786   -0.417   -0.063    0.275
    0.597    0.906    1.206    1.500    1.796    2.102    2.427    2.786
    3.187    3.634    4.127    4.663    5.204    5.729    6.163
CT2017:230           -5.646   -5.048   -4.431   -3.820   -3.231   -2.681
   -2.164   -1.678   -1.221   -0.794   -0.395   -0.024    0.321    0.639
    0.935    1.217    1.490    1.762    2.039    2.330    2.645    2.995
    3.388    3.827    4.309    4.832    5.356    5.860    6.268
CT2017:225           -5.281   -4.706   -4.093   -3.477   -2.870   -2.293
   -1.744   -1.226   -0.742   -0.299    0.105    0.471    0.800    1.096
    1.367    1.623    1.875    2.132    2.401    2.692    3.013    3.378
    3.791    4.255    4.770    5.335    5.912    6.479    6.974
CT2017:220           -5.227   -4.626   -3.977   -3.321   -2.669   -2.043
   -1.445   -0.883   -0.363    0.104    0.518    0.880    1.195    1.466
    1.708    1.935    2.159    2.391    2.641    2.916    3.224    3.578
    3.980    4.433    4.934    5.483    6.041    6.587    7.058
CT2017:215           -4.984   -4.385   -3.721   -3.043   -2.359   -1.695
   -1.057   -0.458    0.093    0.579    1.002    1.360    1.661    1.911
    2.128    2.329    2.528    2.741    2.975    3.239    3.542    3.894
    4.298    4.757    5.267    5.830    6.408    6.980    7.490
CT2017:210           -4.933   -4.304   -3.602   -2.882   -2.151   -1.437
   -0.751   -0.108    0.479    0.991    1.427    1.788    2.082    2.316
    2.511    2.687    2.861    3.048    3.259    3.501    3.783    4.116
    4.501    4.941    5.433    5.975    6.531    7.081    7.566
CT2017:205           -4.916   -4.253   -3.510   -2.744   -1.965   -1.202
   -0.469    0.217    0.841    1.379    1.832    2.202    2.495    2.720
    2.901    3.058    3.209    3.371    3.555    3.770    4.024    4.331
    4.689    5.102    5.566    6.080    6.605    7.121    7.569
CT2017:200           -4.867   -4.177   -3.397   -2.592   -1.770   -0.963
   -0.188    0.536    1.192    1.756    2.229    2.611    2.911    3.136
    3.311    3.457    3.591    3.731    3.889    4.076    4.301    4.579
    4.910    5.296    5.735    6.223    6.724    7.216    7.640
CT2017:195           -4.837   -4.117   -3.302   -2.460   -1.598   -0.751
    0.061    0.819    1.505    2.094    2.588    2.987    3.300    3.535
    3.712    3.854    3.977    4.098    4.232    4.389    4.583    4.828
    5.127    5.483    5.893    6.354    6.827    7.292    7.690
CT2017:190           -4.795   -4.051   -3.206   -2.332   -1.437   -0.557
    0.286    1.072    1.783    2.395    2.909    3.329    3.661    3.910
    4.098    4.245    4.363    4.470    4.582    4.712    4.873    5.085
    5.352    5.677    6.058    6.492    6.940    7.380    7.754
CT2017:185           -4.731   -3.970   -3.103   -2.206   -1.286   -0.383
    0.482    1.289    2.019    2.650    3.185    3.625    3.979    4.249
    4.453    4.609    4.729    4.827    4.921    5.027    5.160    5.341
    5.577    5.872    6.225    6.633    7.057    7.475    7.830
CT2017:180           -4.699   -3.920   -3.032   -2.114   -1.174   -0.252
    0.630    1.452    2.196    2.843    3.396    3.857    4.234    4.526
    4.750    4.921    5.048    5.143    5.226    5.313    5.423    5.576
    5.783    6.050    6.374    6.756    7.156    7.551    7.887
CT2017:175           -4.626   -3.841   -2.945   -2.018   -1.068   -0.139
    0.748    1.576    2.327    2.983    3.549    4.028    4.425    4.739
    4.984    5.172    5.309    5.406    5.484    5.559    5.650    5.780
    5.962    6.202    6.499    6.853    7.226    7.595    7.906
CT2017:170           -4.607   -3.811   -2.904   -1.967   -1.011   -0.078
    0.812    1.640    2.394    3.055    3.631    4.124    4.540    4.876
    5.141    5.348    5.500    5.607    5.688    5.759    5.841    5.958
    6.122    6.342    6.618    6.951    7.304    7.655    7.951
CT2017:165           -4.576   -3.775   -2.865   -1.927   -0.972   -0.043
    0.840    1.662    2.411    3.071    3.651    4.152    4.581    4.934
    5.219    5.445    5.614    5.733    5.822    5.897    5.976    6.083
    6.233    6.434    6.687    6.996    7.325    7.650    7.920
CT2017:160           -4.571   -3.765   -2.854   -1.916   -0.965   -0.044
    0.830    1.641    2.381    3.035    3.614    4.120    4.558    4.925
    5.228    5.472    5.661    5.798    5.903    5.989    6.075    6.182
    6.328    6.520    6.762    7.057    7.373    7.686    7.947
CT2017:155           -4.643   -3.822   -2.902   -1.960   -1.009   -0.095
    0.769    1.570    2.298    2.945    3.519    4.025    4.468    4.846
    5.162    5.424    5.632    5.789    5.912    6.013    6.109    6.221
    6.364    6.549    6.780    7.060    7.360    7.657    7.901
CT2017:150           -4.653   -3.833   -2.917   -1.981   -1.041   -0.140
    0.708    1.492    2.205    2.839    3.403    3.904    4.346    4.728
    5.054    5.330    5.555    5.733    5.876    5.996    6.109    6.232
    6.381    6.568    6.797    7.074    7.371    7.665    7.908
CT2017:145           -4.749   -3.915   -2.993   -2.055   -1.117   -0.224
    0.613    1.384    2.084    2.704    3.257    3.750    4.187    4.569
    4.900    5.185    5.425    5.621    5.785    5.927    6.058    6.196
    6.357    6.551    6.785    7.066    7.366    7.664    7.910
CT2017:140           -4.774   -3.945   -3.031   -2.101   -1.173   -0.294
    0.529    1.284    1.967    2.571    3.109    3.586    4.012    4.385
    4.712    5.000    5.248    5.459    5.640    5.801    5.953    6.109
    6.285    6.492    6.736    7.026    7.335    7.641    7.894
CT2017:135           -4.855   -4.022   -3.107   -2.179   -1.256   -0.383
    0.430    1.173    1.843    2.431    2.952    3.412    3.819    4.177
    4.494    4.776    5.026    5.245    5.442    5.623    5.796    5.975
    6.172    6.400    6.663    6.971    7.297    7.620    7.889
CT2017:130           -4.895   -4.070   -3.163   -2.242   -1.327   -0.464
    0.339    1.071    1.726    2.297    2.797    3.233    3.616    3.949
    4.244    4.511    4.754    4.976    5.183    5.382    5.577    5.781
    6.005    6.258    6.546    6.878    7.226    7.568    7.852
CT2017:125           -5.016   -4.187   -3.278   -2.357   -1.442   -0.581
    0.218    0.943    1.588    2.142    2.620    3.030    3.382    3.683
    3.949    4.191    4.418    4.636    4.849    5.063    5.281    5.513
    5.767    6.050    6.367    6.724    7.093    7.453    7.745
CT2017:120           -5.072   -4.254   -3.354   -2.440   -1.532   -0.677
    0.115    0.831    1.462    1.997    2.449    2.826    3.141    3.402
    3.630    3.840    4.045    4.254    4.471    4.701    4.946    5.212
    5.505    5.830    6.188    6.583    6.985    7.376    7.689
CT2017:115           -5.165   -4.355   -3.462   -2.554   -1.651   -0.801
   -0.015    0.691    1.309    1.823    2.247    2.588    2.860    3.076
    3.260    3.432    3.609    3.805    4.024    4.270    4.543    4.849
    5.187    5.558    5.962    6.397    6.833    7.252    7.581
CT2017:110           -5.242   -4.446   -3.565   -2.667   -1.774   -0.932
   -0.157    0.536    1.135    1.624    2.014    2.315    2.541    2.708
    2.844    2.975    3.124    3.306    3.529    3.795    4.104    4.458
    4.849    5.277    5.735    6.220    6.698    7.153    7.507
CT2017:105           -5.276   -4.508   -3.648   -2.771   -1.895   -1.071
   -0.314    0.357    0.931    1.387    1.738    1.993    2.169    2.285
    2.373    2.465    2.587    2.760    2.992    3.285    3.636    4.045
    4.498    4.989    5.509    6.047    6.571    7.065    7.445
CT2017:100           -5.373   -4.624   -3.782   -2.922   -2.064   -1.260
   -0.526    0.119    0.660    1.079    1.385    1.592    1.717    1.783
    1.827    1.885    1.986    2.160    2.409    2.737    3.139    3.609
    4.130    4.687    5.270    5.861    6.427    6.957    7.361
CT2017:095           -5.437   -4.718   -3.905   -3.073   -2.243   -1.470
   -0.769   -0.162    0.338    0.709    0.965    1.119    1.192    1.211
    1.219    1.251    1.345    1.529    1.807    2.180    2.640    3.177
    3.766    4.389    5.029    5.667    6.268    6.826    7.244
CT2017:090           -5.550   -4.856   -4.069   -3.265   -2.466   -1.727
   -1.066   -0.503   -0.052    0.266    0.469    0.571    0.598    0.580
    0.563    0.586    0.689    0.901    1.222    1.652    2.177    2.784
    3.441    4.126    4.822    5.503    6.137    6.722    7.158
CT2017:085           -5.586   -4.934   -4.189   -3.428   -2.673   -1.982
   -1.372   -0.864   -0.471   -0.210   -0.062   -0.008   -0.019   -0.061
   -0.084   -0.050    0.080    0.336    0.714    1.207    1.800    2.474
    3.194    3.936    4.680    5.399    6.065    6.678    7.139
CT2017:080           -5.711   -5.090   -4.378   -3.654   -2.940   -2.296
   -1.738   -1.285   -0.948   -0.739   -0.636   -0.616   -0.647   -0.689
   -0.696   -0.630   -0.453   -0.140    0.299    0.855    1.507    2.234
    2.998    3.775    4.546    5.283    5.962    6.586    7.056
CT2017:075           -5.737   -5.165   -4.503   -3.828   -3.167   -2.579
   -2.080   -1.684   -1.400   -1.236   -1.164   -1.158   -1.184   -1.201
   -1.163   -1.040   -0.798   -0.417    0.086    0.699    1.400    2.165
    2.959    3.761    4.552    5.309    6.012    6.665    7.177
CT2017:070           -5.866   -5.327   -4.704   -4.071   -3.456   -2.917
   -2.467   -2.118   -1.874   -1.735   -1.669   -1.648   -1.639   -1.598
   -1.490   -1.289   -0.971   -0.525    0.030    0.679    1.398    2.165
    2.951    3.739    4.513    5.254    5.944    6.588    7.101
CT2017:065           -6.015   -5.505   -4.918   -4.323   -3.750   -3.256
   -2.848   -2.534   -2.312   -2.174   -2.087   -2.020   -1.942   -1.814
   -1.609   -1.313   -0.911   -0.403    0.190    0.852    1.563    2.304
    3.056    3.806    4.547    5.263    5.938    6.576    7.101
CT2017:060           -6.143   -5.667   -5.119   -4.565   -4.035   -3.581
   -3.207   -2.916   -2.700   -2.543   -2.409   -2.269   -2.095   -1.855
   -1.535   -1.135   -0.651   -0.093    0.518    1.167    1.839    2.523
    3.210    3.896    4.578    5.249    5.892    6.507    7.028
CT2017:055           -6.325   -5.873   -5.356   -4.834   -4.338   -3.915
   -3.562   -3.279   -3.051   -2.854   -2.652   -2.417   -2.128   -1.762
   -1.320   -0.814   -0.254    0.342    0.952    1.566    2.176    2.780
    3.382    3.986    4.595    5.208    5.809    6.390    6.898
CT2017:050           -6.444   -6.025   -5.543   -5.058   -4.596   -4.201
   -3.865   -3.583   -3.334   -3.087   -2.808   -2.472   -2.064   -1.572
   -1.012   -0.408    0.219    0.840    1.438    2.007    2.545    3.062
    3.575    4.095    4.632    5.192    5.757    6.314    6.820
CT2017:045           -6.569   -6.180   -5.730   -5.277   -4.845   -4.471
   -4.146   -3.859   -3.584   -3.285   -2.932   -2.502   -1.986   -1.383
   -0.721   -0.035    0.644    1.279    1.858    2.378    2.846    3.279
    3.706    4.146    4.614    5.122    5.651    6.181    6.679
CT2017:040           -6.671   -6.310   -5.892   -5.468   -5.064   -4.709
   -4.392   -4.098   -3.800   -3.458   -3.043   -2.538   -1.939   -1.251
   -0.513    0.233    0.948    1.590    2.152    2.632    3.044    3.413
    3.776    4.158    4.577    5.052    5.561    6.082    6.588
CT2017:035           -6.765   -6.431   -6.040   -5.644   -5.264   -4.926
   -4.617   -4.320   -4.007   -3.637   -3.183   -2.630   -1.981   -1.243
   -0.463    0.316    1.048    1.691    2.238    2.692    3.069    3.398
    3.721    4.068    4.458    4.914    5.414    5.930    6.445
CT2017:030           -6.848   -6.539   -6.173   -5.801   -5.443   -5.121
   -4.822   -4.528   -4.212   -3.832   -3.364   -2.797   -2.133   -1.383
   -0.595    0.188    0.920    1.559    2.100    2.545    2.913    3.234
    3.550    3.894    4.285    4.748    5.260    5.793    6.331
CT2017:025           -6.932   -6.641   -6.297   -5.946   -5.607   -5.302
   -5.016   -4.732   -4.424   -4.053   -3.598   -3.047   -2.404   -1.679
   -0.915   -0.156    0.558    1.188    1.727    2.179    2.561    2.901
    3.240    3.609    4.025    4.514    5.053    5.613    6.177
CT2017:020           -6.997   -6.724   -6.399   -6.069   -5.750   -5.463
   -5.195   -4.929   -4.643   -4.300   -3.880   -3.373   -2.780   -2.110
   -1.399   -0.686   -0.005    0.609    1.150    1.622    2.037    2.423
    2.813    3.234    3.703    4.243    4.829    5.433    6.037
CT2017:015           -7.070   -6.808   -6.497   -6.182   -5.880   -5.612
   -5.365   -5.125   -4.870   -4.570   -4.203   -3.761   -3.241   -2.648
   -2.012   -1.362   -0.727   -0.135    0.410    0.907    1.370    1.819
    2.281    2.776    3.318    3.924    4.571    5.231    5.881
CT2017:010           -7.113   -6.862   -6.566   -6.267   -5.984   -5.738
   -5.517   -5.311   -5.098   -4.852   -4.554   -4.191   -3.761   -3.261
   -2.714   -2.141   -1.561   -0.995   -0.448    0.080    0.598    1.122
    1.669    2.254    2.885    3.574    4.294    5.022    5.725
CT2017:005           -7.115   -6.877   -6.596   -6.314   -6.051   -5.831
   -5.642   -5.476   -5.314   -5.133   -4.913   -4.641   -4.309   -3.912
   -3.462   -2.972   -2.453   -1.916   -1.368   -0.808   -0.231    0.375
    1.017    1.702    2.432    3.215    4.019    4.824    5.587
CT2018:360           -7.135   -6.900   -6.628   -6.357   -6.110   -5.913
   -5.757   -5.633   -5.526   -5.415   -5.278   -5.102   -4.875   -4.584
   -4.233   -3.829   -3.372   -2.866   -2.318   -1.727   -1.091   -0.404
    0.334    1.121    1.954    2.833    3.723    4.607    5.429
