CT2007:360           -7.348   -7.435   -7.532   -7.655   -7.841   -8.122
   -8.477   -8.888   -9.325   -9.738  -10.076  -10.294  -10.356  -10.213
   -9.859   -9.307   -8.552   -7.606   -6.510   -5.286   -3.962   -2.568
   -1.146    0.268    1.643    2.926    4.087    5.150    5.964
CT2007:355           -7.538   -7.676   -7.823   -7.997   -8.231   -8.556
   -8.948   -9.388   -9.842  -10.261  -10.595  -10.803  -10.852  -10.695
  -10.332   -9.775   -9.023   -8.084   -6.997   -5.783   -4.465   -3.069
   -1.636   -0.202    1.203    2.527    3.736    4.850    5.719
CT2007:350           -7.692   -7.870   -8.054   -8.261   -8.522   -8.867
   -9.271   -9.714  -10.164  -10.571  -10.890  -11.082  -11.120  -10.960
  -10.602  -10.061   -9.330   -8.418   -7.358   -6.168   -4.869   -3.482
   -2.049   -0.603    0.824    2.181    3.430    4.589    5.510
CT2007:345           -7.889   -8.083   -8.276   -8.488   -8.750   -9.086
   -9.474   -9.895  -10.318  -10.697  -10.989  -11.163  -11.192  -11.038
  -10.700  -10.189   -9.498   -8.629   -7.611   -6.457   -5.187   -3.817
   -2.392   -0.943    0.497    1.876    3.157    4.352    5.318
CT2007:340           -7.981   -8.194   -8.393   -8.604   -8.854   -9.167
   -9.524   -9.908  -10.291  -10.632  -10.894  -11.049  -11.074  -10.935
  -10.629  -10.162   -9.523   -8.709   -7.744   -6.637   -5.404   -4.061
   -2.652   -1.210    0.231    1.623    2.923    4.142    5.145
CT2007:335           -8.142   -8.345   -8.522   -8.706   -8.920   -9.186
   -9.491   -9.818  -10.145  -10.436  -10.660  -10.794  -10.815  -10.694
  -10.424  -10.007   -9.428   -8.677   -7.772   -6.721   -5.535   -4.230
   -2.850   -1.429   -0.003    1.383    2.684    3.910    4.930
CT2007:330           -8.177   -8.379   -8.538   -8.694   -8.868   -9.082
   -9.327   -9.592   -9.857  -10.094  -10.278  -10.386  -10.403  -10.298
  -10.064   -9.697   -9.177   -8.490   -7.650   -6.659   -5.529   -4.272
   -2.932   -1.543   -0.141    1.230    2.527    3.755    4.795
CT2007:325           -8.245   -8.426   -8.548   -8.660   -8.780   -8.929
   -9.103   -9.295   -9.490   -9.665   -9.799   -9.876   -9.879   -9.782
   -9.573   -9.247   -8.781   -8.156   -7.383   -6.460   -5.397   -4.204
   -2.922   -1.585   -0.226    1.114    2.390    3.606    4.653
CT2007:320           -8.230   -8.395   -8.483   -8.554   -8.619   -8.703
   -8.807   -8.925   -9.047   -9.157   -9.237   -9.272   -9.249   -9.144
   -8.946   -8.646   -8.222   -7.655   -6.949   -6.103   -5.121   -4.008
   -2.803   -1.536   -0.237    1.058    2.305    3.502    4.553
CT2007:315           -8.250   -8.381   -8.422   -8.440   -8.444   -8.458
   -8.487   -8.529   -8.577   -8.616   -8.632   -8.614   -8.548   -8.416
   -8.208   -7.915   -7.519   -7.001   -6.364   -5.601   -4.713   -3.699
   -2.592   -1.414   -0.194    1.041    2.245    3.412    4.459
CT2007:310           -8.194   -8.301   -8.302   -8.274   -8.224   -8.177
   -8.140   -8.112   -8.089   -8.058   -8.008   -7.926   -7.805   -7.627
   -7.389   -7.085   -6.702   -6.225   -5.653   -4.979   -4.197   -3.298
   -2.305   -1.233   -0.104    1.060    2.214    3.345    4.387
CT2007:305           -8.212   -8.272   -8.222   -8.138   -8.030   -7.920
   -7.819   -7.726   -7.636   -7.537   -7.417   -7.267   -7.079   -6.842
   -6.558   -6.226   -5.842   -5.398   -4.889   -4.306   -3.636   -2.863
   -1.996   -1.043   -0.020    1.061    2.152    3.235    4.255
CT2007:300           -8.125   -8.155   -8.066   -7.942   -7.789   -7.633
   -7.484   -7.341   -7.199   -7.044   -6.864   -6.650   -6.396   -6.097
   -5.759   -5.392   -4.997   -4.576   -4.121   -3.621   -3.058   -2.405
   -1.660   -0.821    0.102    1.108    2.145    3.189    4.201
CT2007:295           -8.047   -8.041   -7.913   -7.749   -7.556   -7.362
   -7.175   -6.996   -6.815   -6.619   -6.393   -6.128   -5.820   -5.466
   -5.080   -4.678   -4.269   -3.863   -3.452   -3.023   -2.552   -2.006
   -1.370   -0.635    0.197    1.132    2.118    3.124    4.123
CT2007:290           -7.933   -7.895   -7.734   -7.538   -7.315   -7.094
   -6.885   -6.684   -6.484   -6.267   -6.018   -5.725   -5.384   -4.996
   -4.578   -4.151   -3.732   -3.335   -2.954   -2.575   -2.172   -1.706
   -1.153   -0.496    0.267    1.149    2.099    3.079    4.076
CT2007:285           -7.772   -7.707   -7.520   -7.299   -7.055   -6.819
   -6.600   -6.395   -6.195   -5.981   -5.734   -5.442   -5.100   -4.706
   -4.282   -3.849   -3.429   -3.038   -2.674   -2.321   -1.954   -1.530
   -1.022   -0.407    0.319    1.176    2.114    3.091    4.106
CT2007:280           -7.634   -7.536   -7.320   -7.073   -6.810   -6.564
   -6.344   -6.146   -5.962   -5.771   -5.552   -5.291   -4.980   -4.616
   -4.217   -3.804   -3.398   -3.018   -2.660   -2.314   -1.954   -1.539
   -1.042   -0.439    0.275    1.124    2.059    3.036    4.060
CT2007:275           -7.528   -7.389   -7.140   -6.864   -6.580   -6.326
   -6.108   -5.925   -5.767   -5.615   -5.447   -5.243   -4.994   -4.691
   -4.347   -3.980   -3.607   -3.241   -2.884   -2.525   -2.143   -1.702
   -1.176   -0.548    0.191    1.062    2.019    3.020    4.072
CT2007:270           -7.369   -7.196   -6.917   -6.617   -6.318   -6.061
   -5.852   -5.691   -5.570   -5.472   -5.371   -5.248   -5.087   -4.876
   -4.617   -4.323   -4.001   -3.662   -3.306   -2.926   -2.506   -2.015
   -1.437   -0.758    0.026    0.935    1.924    2.954    4.028
CT2007:265           -7.255   -7.039   -6.725   -6.395   -6.073   -5.808
   -5.604   -5.463   -5.380   -5.340   -5.315   -5.284   -5.227   -5.125
   -4.972   -4.769   -4.517   -4.214   -3.864   -3.461   -2.993   -2.437
   -1.788   -1.039   -0.190    0.773    1.806    2.874    3.972
CT2007:260           -7.080   -6.827   -6.481   -6.123   -5.781   -5.508
   -5.308   -5.188   -5.143   -5.162   -5.217   -5.284   -5.340   -5.359
   -5.324   -5.227   -5.057   -4.804   -4.470   -4.049   -3.535   -2.912
   -2.184   -1.355   -0.429    0.600    1.689    2.805    3.935
CT2007:255           -6.901   -6.610   -6.231   -5.842   -5.475   -5.188
   -4.987   -4.881   -4.867   -4.941   -5.071   -5.233   -5.400   -5.542
   -5.629   -5.646   -5.568   -5.375   -5.070   -4.644   -4.095   -3.412
   -2.613   -1.706   -0.706    0.388    1.528    2.685    3.832
CT2007:250           -6.713   -6.383   -5.966   -5.542   -5.145   -4.837
   -4.626   -4.525   -4.533   -4.651   -4.848   -5.096   -5.366   -5.623
   -5.830   -5.959   -5.977   -5.853   -5.586   -5.168   -4.596   -3.864
   -2.999   -2.018   -0.942    0.223    1.424    2.633    3.813
CT2007:245           -6.531   -6.158   -5.700   -5.236   -4.802   -4.464
   -4.234   -4.126   -4.145   -4.295   -4.545   -4.867   -5.228   -5.591
   -5.909   -6.146   -6.261   -6.212   -5.995   -5.601   -5.026   -4.264
   -3.353   -2.315   -1.179    0.043    1.291    2.538    3.733
CT2007:240           -6.335   -5.921   -5.421   -4.915   -4.439   -4.065
   -3.806   -3.681   -3.697   -3.865   -4.152   -4.532   -4.969   -5.422
   -5.838   -6.175   -6.381   -6.409   -6.250   -5.889   -5.325   -4.549
   -3.606   -2.524   -1.335   -0.060    1.236    2.526    3.747
CT2007:235           -6.215   -5.745   -5.191   -4.631   -4.103   -3.680
   -3.379   -3.222   -3.219   -3.388   -3.695   -4.113   -4.607   -5.133
   -5.633   -6.057   -6.349   -6.453   -6.357   -6.043   -5.506   -4.737
   -3.785   -2.682   -1.463   -0.156    1.167    2.479    3.704
CT2007:230           -6.017   -5.507   -4.909   -4.304   -3.728   -3.258
   -2.912   -2.716   -2.685   -2.841   -3.152   -3.592   -4.123   -4.702
   -5.267   -5.764   -6.131   -6.307   -6.275   -6.014   -5.516   -4.769
   -3.824   -2.714   -1.480   -0.150    1.195    2.528    3.762
CT2007:225           -5.977   -5.399   -4.737   -4.070   -3.432   -2.901
   -2.497   -2.249   -2.175   -2.300   -2.595   -3.032   -3.577   -4.186
   -4.795   -5.345   -5.774   -6.015   -6.048   -5.849   -5.405   -4.702
   -3.789   -2.702   -1.482   -0.161    1.175    2.495    3.703
CT2007:220           -5.787   -5.170   -4.468   -3.759   -3.075   -2.495
   -2.041   -1.744   -1.624   -1.711   -1.976   -2.394   -2.931   -3.546
   -4.174   -4.756   -5.229   -5.523   -5.616   -5.478   -5.094   -4.444
   -3.576   -2.524   -1.329   -0.023    1.303    2.613    3.810
CT2007:215           -5.690   -5.021   -4.269   -3.510   -2.776   -2.144
   -1.637   -1.286   -1.114   -1.151   -1.370   -1.749   -2.254   -2.849
   -3.470   -4.059   -4.554   -4.889   -5.034   -4.958   -4.642   -4.059
   -3.255   -2.259   -1.111    0.157    1.451    2.731    3.897
CT2007:210           -5.515   -4.812   -4.027   -3.234   -2.463   -1.791
   -1.240   -0.842   -0.620   -0.604   -0.769   -1.094   -1.548   -2.099
   -2.687   -3.258   -3.755   -4.113   -4.301   -4.283   -4.037   -3.530
   -2.801   -1.874   -0.789    0.428    1.677    2.918    4.050
CT2007:205           -5.373   -4.631   -3.812   -2.986   -2.181   -1.473
   -0.882   -0.441   -0.170   -0.097   -0.200   -0.457   -0.842   -1.326
   -1.857   -2.387   -2.863   -3.226   -3.443   -3.476   -3.297   -2.868
   -2.219   -1.371   -0.357    0.801    2.002    3.201    4.305
CT2007:200           -5.214   -4.442   -3.596   -2.744   -1.915   -1.178
   -0.556   -0.078    0.238    0.366    0.329    0.146   -0.159   -0.563
   -1.021   -1.491   -1.929   -2.283   -2.518   -2.595   -2.481   -2.134
   -1.575   -0.817    0.110    1.188    2.319    3.452    4.501
CT2007:195           -5.026   -4.228   -3.362   -2.490   -1.642   -0.884
   -0.237    0.273    0.630    0.811    0.840    0.734    0.515    0.200
   -0.173   -0.570   -0.957   -1.287   -1.524   -1.631   -1.572   -1.299
   -0.824   -0.154    0.687    1.688    2.752    3.826    4.833
CT2007:190           -4.881   -4.054   -3.164   -2.271   -1.402   -0.624
    0.047    0.588    0.985    1.219    1.313    1.285    1.152    0.927
    0.641    0.321   -0.007   -0.305   -0.537   -0.666   -0.655   -0.454
   -0.065    0.511    1.255    2.162    3.138    4.130    5.066
CT2007:185           -4.514   -3.696   -2.811   -1.920   -1.052   -0.268
    0.416    0.979    1.409    1.689    1.843    1.885    1.831    1.692
    1.489    1.245    0.979    0.722    0.506    0.369    0.347    0.493
    0.813    1.310    1.974    2.805    3.715    4.650    5.551
CT2007:180           -4.377   -3.528   -2.616   -1.701   -0.809   -0.000
    0.712    1.310    1.782    2.116    2.332    2.445    2.468    2.408
    2.282    2.108    1.899    1.680    1.480    1.336    1.282    1.372
    1.618    2.029    2.598    3.331    4.147    4.991    5.810
CT2007:175           -4.147   -3.281   -2.352   -1.418   -0.506    0.327
    1.069    1.703    2.219    2.606    2.882    3.061    3.154    3.164
    3.106    2.994    2.835    2.651    2.470    2.322    2.245    2.289
    2.471    2.806    3.291    3.938    4.671    5.436    6.193
CT2007:170           -4.009   -3.109   -2.146   -1.178   -0.232    0.639
    1.423    2.103    2.672    3.118    3.457    3.700    3.858    3.931
    3.931    3.870    3.753    3.596    3.427    3.274    3.171    3.167
    3.285    3.541    3.937    4.488    5.127    5.800    6.471
CT2007:165           -4.065   -3.094   -2.069   -1.041   -0.036    0.893
    1.737    2.480    3.115    3.627    4.033    4.342    4.562    4.692
    4.742    4.723    4.638    4.499    4.334    4.167    4.033    3.978
    4.026    4.197    4.496    4.942    5.471    6.032    6.592
CT2007:160           -3.931   -2.922   -1.854   -0.782    0.271    1.252
    2.153    2.958    3.656    4.233    4.703    5.072    5.348    5.527
    5.618    5.631    5.570    5.443    5.277    5.096    4.932    4.828
    4.814    4.911    5.127    5.483    5.922    6.395    6.872
CT2007:155           -3.925   -2.858   -1.730   -0.596    0.520    1.569
    2.540    3.416    4.186    4.834    5.370    5.800    6.128    6.349
    6.473    6.510    6.462    6.336    6.159    5.954    5.751    5.593
    5.510    5.524    5.648    5.904    6.238    6.603    6.968
CT2007:150           -3.808   -2.700   -1.525   -0.340    0.834    1.947
    2.985    3.932    4.774    5.490    6.091    6.577    6.952    7.210
    7.360    7.413    7.370    7.239    7.048    6.817    6.578    6.371
    6.228    6.175    6.224    6.401    6.655    6.941    7.231
CT2007:145           -3.680   -2.540   -1.321   -0.087    1.144    2.320
    3.428    4.446    5.360    6.146    6.808    7.348    7.766    8.054
    8.221    8.282    8.236    8.093    7.880    7.621    7.343    7.088
    6.888    6.771    6.751    6.854    7.033    7.244    7.457
CT2007:140           -3.589   -2.413   -1.147    0.138    1.426    2.668
    3.844    4.934    5.919    6.772    7.496    8.086    8.543    8.855
    9.033    9.093    9.036    8.874    8.636    8.345    8.031    7.732
    7.483    7.311    7.233    7.274    7.390    7.537    7.687
CT2007:135           -3.439   -2.244   -0.945    0.379    1.715    3.012
    4.250    5.404    6.456    7.372    8.152    8.789    9.281    9.613
    9.797    9.853    9.783    9.601    9.340    9.025    8.684    8.358
    8.080    7.880    7.772    7.785    7.876    8.001    8.139
CT2007:130           -3.382   -2.160   -0.825    0.539    1.920    3.269
    4.563    5.777    6.888    7.861    8.691    9.369    9.890   10.236
   10.421   10.466   10.376   10.169    9.881    9.538    9.169    8.815
    8.508    8.275    8.133    8.107    8.156    8.237    8.326
CT2007:125           -3.240   -2.012   -0.662    0.723    2.132    3.516
    4.849    6.107    7.263    8.281    9.152    9.864   10.409   10.769
   10.955   10.993   10.889   10.665   10.360   10.004    9.626    9.267
    8.960    8.729    8.590    8.570    8.629    8.723    8.835
CT2007:120           -3.223   -1.982   -0.614    0.791    2.222    3.631
    4.992    6.280    7.469    8.519    9.421   10.159   10.724   11.094
   11.282   11.313   11.197   10.958   10.639   10.270    9.884    9.520
    9.207    8.971    8.824    8.791    8.830    8.901    8.981
CT2007:115           -3.214   -1.968   -0.594    0.817    2.254    3.670
    5.041    6.340    7.542    8.609    9.528   10.283   10.863   11.244
   11.439   11.472   11.356   11.115   10.795   10.428   10.047    9.691
    9.390    9.164    9.026    8.996    9.033    9.097    9.163
CT2007:110           -3.239   -1.996   -0.626    0.778    2.207    3.613
    4.973    6.263    7.460    8.526    9.448   10.210   10.801   11.195
   11.402   11.448   11.344   11.115   10.808   10.456   10.092    9.756
    9.474    9.268    9.145    9.124    9.163    9.223    9.272
CT2007:105           -3.383   -2.136   -0.771    0.624    2.037    3.421
    4.756    6.021    7.195    8.244    9.156    9.917   10.514   10.921
   11.147   11.216   11.136   10.932   10.649   10.321    9.980    9.665
    9.403    9.210    9.094    9.068    9.086    9.115    9.106
CT2007:100           -3.450   -2.222   -0.884    0.481    1.858    3.199
    4.489    5.708    6.840    7.854    8.742    9.490   10.089   10.511
   10.765   10.868   10.829   10.668   10.430   10.145    9.847    9.575
    9.352    9.197    9.115    9.114    9.150    9.190    9.178
CT2007:095           -3.592   -2.384   -1.076    0.254    1.587    2.877
    4.112    5.275    6.353    7.321    8.175    8.904    9.499    9.935
   10.217   10.360   10.369   10.260   10.074    9.840    9.590    9.362
    9.179    9.057    9.001    9.014    9.050    9.079    9.033
CT2007:090           -3.701   -2.527   -1.261    0.022    1.302    2.532
    3.702    4.801    5.817    6.732    7.546    8.249    8.835    9.283
    9.594    9.780    9.842    9.794    9.671    9.501    9.314    9.145
    9.018    8.947    8.937    8.987    9.051    9.103    9.064
CT2007:085           -3.930   -2.790   -1.564   -0.323    0.910    2.086
    3.201    4.243    5.205    6.073    6.850    7.529    8.107    8.565
    8.905    9.134    9.252    9.271    9.221    9.126    9.016    8.921
    8.866    8.863    8.915    9.019    9.127    9.217    9.201
CT2007:080           -4.079   -2.985   -1.809   -0.622    0.553    1.669
    2.723    3.704    4.609    5.425    6.158    6.805    7.364    7.819
    8.172    8.430    8.593    8.668    8.683    8.659    8.621    8.598
    8.611    8.670    8.778    8.926    9.071    9.190    9.191
CT2007:075           -4.252   -3.206   -2.082   -0.949    0.170    1.230
    2.229    3.157    4.010    4.780    5.472    6.085    6.618    7.061
    7.416    7.691    7.887    8.011    8.088    8.135    8.174    8.228
    8.315    8.443    8.611    8.810    8.996    9.150    9.175
CT2007:070           -4.437   -3.445   -2.377   -1.299   -0.234    0.774
    1.723    2.604    3.413    4.140    4.792    5.368    5.869    6.288
    6.633    6.913    7.131    7.298    7.432    7.550    7.668    7.804
    7.971    8.172    8.405    8.657    8.885    9.075    9.124
CT2007:065           -4.728   -3.779   -2.758   -1.726   -0.707    0.258
    1.167    2.010    2.781    3.470    4.082    4.618    5.081    5.468
    5.792    6.065    6.297    6.500    6.689    6.877    7.075    7.295
    7.542    7.817    8.112    8.410    8.671    8.887    8.946
CT2007:060           -4.948   -4.060   -3.099   -2.125   -1.161   -0.244
    0.620    1.421    2.152    2.798    3.366    3.856    4.273    4.621
    4.917    5.180    5.422    5.661    5.907    6.171    6.457    6.771
    7.110    7.468    7.837    8.194    8.505    8.763    8.854
CT2007:055           -5.320   -4.476   -3.561   -2.636   -1.717   -0.843
   -0.021    0.739    1.428    2.031    2.551    2.991    3.360    3.666
    3.933    4.182    4.436    4.710    5.015    5.355    5.729    6.135
    6.562    6.998    7.432    7.836    8.178    8.458    8.551
CT2007:050           -5.574   -4.798   -3.951   -3.091   -2.236   -1.421
   -0.655    0.051    0.685    1.231    1.695    2.080    2.398    2.663
    2.905    3.149    3.421    3.741    4.113    4.538    5.009    5.518
    6.044    6.571    7.086    7.556    7.953    8.281    8.413
CT2007:045           -5.847   -5.141   -4.367   -3.579   -2.794   -2.048
   -1.349   -0.709   -0.141    0.342    0.743    1.072    1.342    1.574
    1.800    2.050    2.351    2.724    3.170    3.685    4.257    4.870
    5.498    6.121    6.721    7.264    7.725    8.112    8.297
CT2007:040           -6.130   -5.499   -4.802   -4.093   -3.389   -2.722
   -2.103   -1.542   -1.050   -0.640   -0.304   -0.030    0.199    0.408
    0.632    0.900    1.241    1.675    2.198    2.802    3.471    4.185
    4.910    5.624    6.306    6.919    7.440    7.881    8.111
CT2007:035           -6.247   -5.720   -5.127   -4.522   -3.920   -3.356
   -2.837   -2.374   -1.973   -1.646   -1.377   -1.155   -0.958   -0.756
   -0.518   -0.215    0.180    0.686    1.294    1.993    2.765    3.587
    4.422    5.245    6.034    6.751    7.376    7.924    8.271
CT2007:030           -6.545   -6.097   -5.590   -5.076   -4.570   -4.107
   -3.690   -3.327   -3.021   -2.773   -2.568   -2.388   -2.210   -2.003
   -1.737   -1.390   -0.935   -0.359    0.325    1.106    1.964    2.872
    3.794    4.700    5.566    6.354    7.042    7.650    8.047
CT2007:025           -6.716   -6.364   -5.962   -5.555   -5.162   -4.814
   -4.513   -4.262   -4.058   -3.895   -3.751   -3.607   -3.439   -3.213
   -2.907   -2.503   -1.982   -1.331   -0.568    0.295    1.237    2.234
    3.246    4.244    5.204    6.085    6.868    7.571    8.069
CT2007:020           -7.009   -6.734   -6.420   -6.108   -5.819   -5.583
   -5.395   -5.253   -5.149   -5.067   -4.980   -4.865   -4.699   -4.448
   -4.095   -3.633   -3.044   -2.324   -1.491   -0.558    0.454    1.522
    2.606    3.677    4.709    5.659    6.507    7.271    7.825
CT2007:015           -7.225   -7.037   -6.819   -6.608   -6.427   -6.306
   -6.234   -6.205   -6.202   -6.200   -6.170   -6.084   -5.919   -5.642
   -5.243   -4.722   -4.068   -3.280   -2.382   -1.384   -0.308    0.824
    1.976    3.115    4.217    5.235    6.148    6.976    7.587
CT2007:010           -7.495   -7.374   -7.237   -7.113   -7.028   -7.010
   -7.045   -7.119   -7.210   -7.284   -7.308   -7.250   -7.088   -6.789
   -6.348   -5.773   -5.059   -4.210   -3.250   -2.193   -1.057    0.135
    1.348    2.552    3.719    4.803    5.779    6.667    7.335
CT2007:005           -7.605   -7.575   -7.531   -7.502   -7.517   -7.602
   -7.740   -7.913   -8.095   -8.244   -8.323   -8.299   -8.147   -7.835
   -7.365   -6.747   -5.983   -5.079   -4.064   -2.953   -1.762   -0.514
    0.757    2.023    3.253    4.402    5.442    6.393    7.121
CT2008:360           -7.830   -7.855   -7.873   -7.909   -7.995   -8.157
   -8.373   -8.624   -8.879   -9.090   -9.217   -9.225   -9.090   -8.775
   -8.286   -7.640   -6.838   -5.893   -4.833   -3.676   -2.439   -1.142
    0.180    1.499    2.785    3.990    5.087    6.094    6.876
