CT2010:360           -9.253   -9.357   -9.385   -9.404   -9.445   -9.544
   -9.696   -9.889  -10.099  -10.287  -10.414  -10.445  -10.354  -10.107
   -9.704   -9.159   -8.474   -7.661   -6.747   -5.742   -4.654   -3.484
   -2.249   -0.959    0.371    1.721    3.048    4.342    5.511
CT2010:355           -9.596   -9.717   -9.773   -9.825   -9.904  -10.050
  -10.251  -10.497  -10.760  -10.999  -11.174  -11.249  -11.197  -10.979
  -10.596  -10.060   -9.372   -8.542   -7.598   -6.551   -5.409   -4.175
   -2.870   -1.509   -0.112    1.299    2.679    4.019    5.225
CT2010:350           -9.737   -9.895   -9.986  -10.073  -10.186  -10.363
  -10.596  -10.872  -11.166  -11.437  -11.647  -11.759  -11.746  -11.570
  -11.227  -10.727  -10.066   -9.247   -8.298   -7.227   -6.045   -4.755
   -3.385   -1.956   -0.492    0.981    2.416    3.807    5.057
CT2010:345           -9.815  -10.007  -10.124  -10.233  -10.362  -10.549
  -10.787  -11.066  -11.363  -11.642  -11.867  -12.005  -12.030  -11.903
  -11.617  -11.175  -10.564   -9.781   -8.848   -7.771   -6.562   -5.225
   -3.798   -2.304   -0.774    0.762    2.257    3.707    5.016
CT2010:340           -9.899  -10.109  -10.234  -10.345  -10.468  -10.640
  -10.857  -11.112  -11.386  -11.650  -11.872  -12.026  -12.085  -12.013
  -11.795  -11.426  -10.884  -10.156   -9.259   -8.197   -6.979   -5.614
   -4.148   -2.611   -1.037    0.539    2.069    3.551    4.890
CT2010:335           -9.835  -10.076  -10.213  -10.328  -10.441  -10.589
  -10.773  -10.988  -11.224  -11.458  -11.668  -11.829  -11.919  -11.902
  -11.756  -11.467  -11.001  -10.335   -9.481   -8.438   -7.219   -5.835
   -4.337   -2.763   -1.150    0.467    2.039    3.567    4.959
CT2010:330           -9.865  -10.107  -10.233  -10.329  -10.412  -10.516
  -10.648  -10.808  -10.990  -11.183  -11.369  -11.531  -11.647  -11.681
  -11.604  -11.389  -10.997  -10.392   -9.582   -8.567   -7.359   -5.975
   -4.470   -2.888   -1.266    0.358    1.939    3.476    4.881
CT2010:325           -9.875  -10.111  -10.219  -10.292  -10.340  -10.397
  -10.474  -10.576  -10.703  -10.853  -11.015  -11.175  -11.312  -11.389
  -11.367  -11.213  -10.877  -10.318   -9.543   -8.551   -7.359   -5.984
   -4.490   -2.918   -1.306    0.309    1.884    3.418    4.828
CT2010:320           -9.856  -10.083  -10.172  -10.220  -10.235  -10.248
  -10.277  -10.329  -10.410  -10.525  -10.669  -10.828  -10.981  -11.087
  -11.101  -10.982  -10.676  -10.139   -9.380   -8.401   -7.224   -5.870
   -4.401   -2.857   -1.275    0.314    1.870    3.391    4.799
CT2010:315           -9.830  -10.041  -10.109  -10.133  -10.119  -10.098
  -10.090  -10.107  -10.158  -10.254  -10.389  -10.551  -10.713  -10.832
  -10.855  -10.739  -10.429   -9.883   -9.117   -8.139   -6.974   -5.646
   -4.215   -2.715   -1.178    0.373    1.901    3.400    4.802
CT2010:310           -9.769   -9.965  -10.017  -10.024   -9.992   -9.952
   -9.927   -9.931   -9.974  -10.070  -10.210  -10.378  -10.545  -10.658
  -10.662  -10.516  -10.167   -9.582   -8.786   -7.796   -6.639   -5.343
   -3.960   -2.517   -1.037    0.466    1.956    3.426    4.814
CT2010:305           -9.671   -9.853   -9.894   -9.892   -9.854   -9.813
   -9.791   -9.804   -9.863   -9.978  -10.137  -10.316  -10.480  -10.570
  -10.529  -10.322   -9.904   -9.254   -8.408   -7.392   -6.238   -4.974
   -3.640   -2.255   -0.832    0.623    2.081    3.527    4.909
CT2010:300           -9.572   -9.735   -9.766   -9.760   -9.725   -9.698
   -9.699   -9.741   -9.835   -9.986  -10.173  -10.365  -10.521  -10.575
  -10.472  -10.185   -9.679   -8.950   -8.045   -6.998   -5.844   -4.612
   -3.328   -2.003   -0.641    0.764    2.182    3.595    4.958
CT2010:295           -9.491   -9.628   -9.649   -9.640   -9.614   -9.609
   -9.643   -9.728   -9.870  -10.065  -10.286  -10.493  -10.637  -10.648
  -10.476  -10.103   -9.505   -8.693   -7.728   -6.647   -5.491   -4.284
   -3.043   -1.769   -0.458    0.902    2.283    3.664    5.000
CT2010:290           -9.353   -9.467   -9.482   -9.476   -9.467   -9.495
   -9.573   -9.711   -9.907  -10.153  -10.410  -10.633  -10.769  -10.741
  -10.508  -10.058   -9.380   -8.498   -7.479   -6.367   -5.203   -4.010
   -2.796   -1.555   -0.277    1.052    2.407    3.764    5.080
CT2010:285           -9.233   -9.317   -9.322   -9.316   -9.321   -9.380
   -9.500   -9.686   -9.934  -10.226  -10.516  -10.756  -10.888  -10.835
  -10.559  -10.057   -9.324   -8.393   -7.335   -6.198   -5.021   -3.828
   -2.622   -1.394   -0.133    1.177    2.509    3.841    5.124
CT2010:280           -9.056   -9.110   -9.104   -9.097   -9.115   -9.202
   -9.359   -9.589   -9.880  -10.211  -10.532  -10.791  -10.930  -10.872
  -10.582  -10.062   -9.308   -8.355   -7.277   -6.121   -4.926   -3.717
   -2.496   -1.256    0.013    1.323    2.648    3.968    5.230
CT2010:275           -8.793   -8.826   -8.814   -8.808   -8.838   -8.948
   -9.134   -9.395   -9.719  -10.079  -10.425  -10.704  -10.862  -10.821
  -10.549  -10.045   -9.306   -8.363   -7.284   -6.118   -4.903   -3.664
   -2.411   -1.142    0.149    1.468    2.791    4.099    5.334
CT2010:270           -8.577   -8.568   -8.531   -8.508   -8.531   -8.644
   -8.839   -9.111   -9.447   -9.819  -10.180  -10.477  -10.659  -10.653
  -10.423   -9.966   -9.271   -8.362   -7.303   -6.136   -4.902   -3.629
   -2.336   -1.027    0.295    1.631    2.956    4.257    5.467
CT2010:265           -8.245   -8.208   -8.151   -8.111   -8.124   -8.231
   -8.420   -8.689   -9.021   -9.392   -9.757  -10.067  -10.276  -10.312
  -10.140   -9.749   -9.120   -8.266   -7.244   -6.093   -4.851   -3.552
   -2.224   -0.881    0.469    1.816    3.137    4.425    5.605
CT2010:260           -7.992   -7.899   -7.797   -7.717   -7.694   -7.769
   -7.929   -8.169   -8.474   -8.822   -9.171   -9.479   -9.702   -9.775
   -9.658   -9.335   -8.780   -7.994   -7.025   -5.907   -4.679   -3.374
   -2.031   -0.671    0.691    2.040    3.350    4.621    5.768
CT2010:255           -7.686   -7.539   -7.387   -7.258   -7.189   -7.218
   -7.332   -7.524   -7.782   -8.087   -8.400   -8.686   -8.903   -8.994
   -8.917   -8.653   -8.170   -7.459   -6.560   -5.500   -4.316   -3.040
   -1.716   -0.370    0.979    2.309    3.595    4.836    5.946
CT2010:250           -7.401   -7.185   -6.968   -6.775   -6.641   -6.605
   -6.651   -6.775   -6.965   -7.203   -7.456   -7.692   -7.876   -7.956
   -7.894   -7.669   -7.247   -6.613   -5.800   -4.827   -3.724   -2.519
   -1.257    0.036    1.339    2.627    3.872    5.072    6.138
CT2010:245           -7.095   -6.808   -6.519   -6.252   -6.041   -5.926
   -5.890   -5.929   -6.031   -6.182   -6.351   -6.510   -6.631   -6.669
   -6.594   -6.384   -6.010   -5.456   -4.743   -3.884   -2.901   -1.811
   -0.654    0.547    1.770    2.993    4.180    5.328    6.345
CT2010:240           -6.788   -6.423   -6.052   -5.702   -5.405   -5.197
   -5.065   -5.004   -5.003   -5.048   -5.113   -5.173   -5.204   -5.176
   -5.062   -4.848   -4.512   -4.037   -3.436   -2.714   -1.881   -0.942
    0.073    1.147    2.262    3.399    4.515    5.599    6.561
CT2010:235           -6.479   -6.033   -5.576   -5.137   -4.746   -4.437
   -4.200   -4.029   -3.914   -3.843   -3.790   -3.737   -3.666   -3.555
   -3.389   -3.161   -2.855   -2.459   -1.978   -1.406   -0.743    0.022
    0.872    1.798    2.786    3.822    4.855    5.864    6.766
CT2010:230           -6.162   -5.634   -5.089   -4.558   -4.069   -3.657
   -3.311   -3.027   -2.795   -2.605   -2.434   -2.267   -2.093   -1.899
   -1.681   -1.437   -1.159   -0.842   -0.479   -0.058    0.435    1.022
    1.704    2.478    3.337    4.270    5.219    6.155    6.997
CT2010:225           -5.821   -5.215   -4.586   -3.967   -3.385   -2.872
   -2.420   -2.027   -1.685   -1.383   -1.105   -0.838   -0.575   -0.314
   -0.056    0.196    0.441    0.683    0.936    1.219    1.556    1.983
    2.510    3.146    3.883    4.720    5.589    6.454    7.238
CT2010:220           -5.510   -4.823   -4.109   -3.402   -2.728   -2.119
   -1.569   -1.076   -0.635   -0.239    0.128    0.472    0.798    1.103
    1.379    1.623    1.830    2.002    2.161    2.330    2.541    2.837
    3.239    3.759    4.396    5.148    5.946    6.745    7.471
CT2010:215           -5.107   -4.362   -3.582   -2.806   -2.058   -1.371
   -0.741   -0.169    0.347    0.812    1.237    1.628    1.985    2.301
    2.571    2.789    2.952    3.063    3.148    3.233    3.355    3.561
    3.877    4.317    4.881    5.570    6.310    7.056    7.731
CT2010:210           -4.816   -3.997   -3.144   -2.295   -1.473   -0.715
   -0.017    0.619    1.192    1.702    2.159    2.567    2.926    3.228
    3.469    3.649    3.766    3.827    3.859    3.892    3.963    4.120
    4.388    4.781    5.298    5.942    6.635    7.333    7.956
CT2010:205           -4.481   -3.606   -2.696   -1.791   -0.915   -0.105
    0.640    1.315    1.918    2.446    2.907    3.306    3.641    3.907
    4.103    4.236    4.306    4.327    4.327    4.336    4.389    4.530
    4.782    5.156    5.648    6.258    6.909    7.560    8.125
CT2010:200           -4.221   -3.283   -2.316   -1.357   -0.432    0.418
    1.195    1.894    2.510    3.037    3.485    3.856    4.154    4.374
    4.521    4.607    4.638    4.633    4.620    4.629    4.689    4.844
    5.107    5.487    5.976    6.571    7.198    7.817    8.336
CT2010:195           -4.009   -3.010   -1.991   -0.985   -0.021    0.858
    1.656    2.363    2.978    3.491    3.913    4.249    4.505    4.678
    4.779    4.823    4.825    4.804    4.790    4.810    4.891    5.069
    5.353    5.745    6.236    6.815    7.411    7.989    8.448
CT2010:190           -3.788   -2.738   -1.678   -0.636    0.356    1.253
    2.058    2.765    3.369    3.861    4.255    4.557    4.775    4.909
    4.975    4.991    4.974    4.950    4.945    4.984    5.093    5.301
    5.612    6.023    6.522    7.096    7.674    8.226    8.643
CT2010:185           -3.569   -2.478   -1.387   -0.318    0.694    1.600
    2.408    3.108    3.700    4.173    4.544    4.821    5.012    5.121
    5.166    5.168    5.145    5.124    5.131    5.188    5.319    5.549
    5.878    6.300    6.801    7.363    7.918    8.440    8.812
CT2010:180           -3.391   -2.261   -1.140   -0.046    0.983    1.898
    2.709    3.407    3.993    4.456    4.817    5.083    5.266    5.368
    5.410    5.413    5.395    5.383    5.400    5.470    5.612    5.851
    6.183    6.604    7.096    7.640    8.169    8.659    8.990
CT2010:175           -3.143   -1.996   -0.861    0.244    1.281    2.200
    3.012    3.712    4.297    4.763    5.127    5.400    5.592    5.706
    5.761    5.777    5.772    5.770    5.795    5.867    6.007    6.238
    6.559    6.963    7.435    7.955    8.456    8.917    9.214
CT2010:170           -3.010   -1.832   -0.673    0.452    1.507    2.441
    3.268    3.982    4.585    5.072    5.460    5.760    5.981    6.126
    6.210    6.251    6.264    6.270    6.294    6.355    6.475    6.678
    6.964    7.331    7.764    8.243    8.702    9.121    9.374
CT2010:165           -2.839   -1.645   -0.473    0.667    1.736    2.687
    3.534    4.273    4.906    5.429    5.859    6.204    6.471    6.661
    6.786    6.860    6.894    6.907    6.924    6.964    7.051    7.211
    7.450    7.768    8.154    8.589    9.010    9.392    9.615
CT2010:160           -2.745   -1.529   -0.335    0.826    1.919    2.897
    3.776    4.553    5.231    5.805    6.292    6.697    7.025    7.271
    7.443    7.553    7.608    7.622    7.622    7.628    7.666    7.766
    7.939    8.189    8.509    8.883    9.248    9.577    9.755
CT2010:155           -2.666   -1.431   -0.217    0.966    2.084    3.096
    4.015    4.840    5.574    6.211    6.767    7.242    7.639    7.949
    8.173    8.322    8.397    8.411    8.390    8.358    8.344    8.380
    8.484    8.665    8.919    9.237    9.554    9.843    9.992
CT2010:150           -2.612   -1.360   -0.125    1.082    2.229    3.277
    4.242    5.120    5.914    6.620    7.248    7.796    8.263    8.635
    8.909    9.092    9.183    9.191    9.145    9.070    8.995    8.960
    8.986    9.088    9.266    9.513    9.768   10.001   10.105
CT2010:145           -2.587   -1.320   -0.064    1.167    2.345    3.434
    4.446    5.380    6.238    7.012    7.710    8.329    8.863    9.292
    9.611    9.826    9.930    9.931    9.862    9.746    9.617    9.515
    9.469    9.496    9.600    9.780    9.976   10.156   10.220
CT2010:140           -2.573   -1.294   -0.020    1.234    2.442    3.569
    4.628    5.614    6.530    7.366    8.127    8.807    9.396    9.873
   10.230   10.469   10.584   10.580   10.490   10.342   10.166   10.006
    9.895    9.853    9.889   10.005   10.145   10.272   10.298
CT2010:135           -2.559   -1.277    0.010    1.281    2.514    3.675
    4.773    5.804    6.768    7.654    8.464    9.190    9.822   10.333
   10.717   10.974   11.097   11.091   10.988   10.815   10.604   10.397
   10.230   10.127   10.098   10.149   10.227   10.297   10.271
CT2010:130           -2.587   -1.300   -0.000    1.288    2.544    3.735
    4.866    5.932    6.932    7.854    8.698    9.455   10.114   10.649
   11.052   11.324   11.457   11.455   11.350   11.168   10.940   10.706
   10.504   10.360   10.285   10.290   10.326   10.357   10.304
CT2010:125           -2.666   -1.373   -0.062    1.242    2.518    3.732
    4.887    5.976    6.998    7.939    8.799    9.571   10.243   10.791
   11.205   11.489   11.633   11.642   11.545   11.367   11.137   10.892
   10.671   10.498   10.390   10.357   10.356   10.353   10.273
CT2010:120           -2.736   -1.447   -0.132    1.179    2.464    3.688
    4.853    5.950    6.976    7.917    8.777    9.547   10.218   10.767
   11.187   11.480   11.640   11.666   11.589   11.428   11.212   10.973
   10.750   10.568   10.442   10.388   10.366   10.343   10.251
CT2010:115           -2.916   -1.618   -0.292    1.029    2.324    3.555
    4.723    5.818    6.835    7.764    8.609    9.364   10.024   10.568
   10.991   11.296   11.473   11.524   11.474   11.342   11.152   10.934
   10.724   10.547   10.420   10.359   10.328   10.297   10.203
CT2010:110           -3.032   -1.747   -0.430    0.884    2.173    3.395
    4.548    5.624    6.617    7.517    8.333    9.061    9.700   10.231
   10.651   10.964   11.160   11.238   11.222   11.126   10.972   10.785
   10.600   10.441   10.325   10.267   10.239   10.209   10.121
CT2010:105           -3.085   -1.834   -0.542    0.749    2.016    3.213
    4.339    5.382    6.338    7.199    7.974    8.666    9.274    9.785
   10.199   10.516   10.730   10.836   10.856   10.800   10.686   10.538
   10.388   10.257   10.163   10.120   10.103   10.084   10.008
CT2010:100           -3.247   -2.019   -0.746    0.526    1.773    2.946
    4.041    5.050    5.967    6.785    7.519    8.171    8.747    9.235
    9.637    9.956   10.183   10.316   10.371   10.356   10.287   10.184
   10.076    9.983    9.921    9.906    9.914    9.919    9.867
CT2010:095           -3.150   -2.002   -0.791    0.425    1.620    2.744
    3.790    4.748    5.614    6.381    7.064    7.669    8.203    8.659
    9.040    9.351    9.584    9.737    9.821    9.844    9.819    9.761
    9.698    9.649    9.627    9.647    9.685    9.718    9.691
CT2010:090           -3.350   -2.234   -1.052    0.137    1.304    2.397
    3.410    4.332    5.158    5.884    6.524    7.088    7.582    8.005
    8.362    8.659    8.892    9.058    9.167    9.226    9.244    9.237
    9.225    9.228    9.257    9.324    9.406    9.483    9.497
CT2010:085           -3.362   -2.323   -1.200   -0.067    1.052    2.099
    3.067    3.945    4.727    5.407    6.001    6.518    6.966    7.347
    7.669    7.941    8.161    8.330    8.456    8.544    8.601    8.640
    8.679    8.734    8.814    8.929    9.055    9.172    9.219
CT2010:080           -3.590   -2.592   -1.504   -0.404    0.685    1.703
    2.642    3.489    4.239    4.883    5.438    5.912    6.315    6.652
    6.936    7.176    7.378    7.544    7.681    7.794    7.891    7.981
    8.078    8.195    8.339    8.517    8.703    8.879    8.982
CT2010:075           -3.907   -2.940   -1.879   -0.804    0.261    1.257
    2.174    2.998    3.722    4.335    4.852    5.283    5.640    5.929
    6.168    6.371    6.546    6.700    6.842    6.976    7.108    7.246
    7.401    7.580    7.787    8.027    8.272    8.502    8.653
CT2010:070           -4.157   -3.240   -2.220   -1.182   -0.149    0.821
    1.713    2.513    3.210    3.791    4.271    4.658    4.965    5.203
    5.392    5.551    5.695    5.835    5.978    6.131    6.299    6.489
    6.706    6.955    7.235    7.549    7.865    8.166    8.384
CT2010:065           -4.593   -3.695   -2.696   -1.676   -0.660    0.296
    1.176    1.961    2.640    3.196    3.642    3.988    4.248    4.435
    4.574    4.691    4.802    4.924    5.067    5.239    5.442    5.684
    5.964    6.283    6.638    7.026    7.415    7.787    8.071
CT2010:060           -4.865   -4.026   -3.076   -2.101   -1.123   -0.197
    0.657    1.419    2.073    2.599    3.009    3.312    3.524    3.659
    3.748    3.820    3.898    4.004    4.148    4.337    4.577    4.872
    5.217    5.608    6.039    6.506    6.973    7.421    7.780
CT2010:055           -5.252   -4.457   -3.546   -2.609   -1.664   -0.765
    0.065    0.804    1.435    1.933    2.309    2.573    2.741    2.829
    2.874    2.907    2.955    3.046    3.190    3.397    3.669    4.013
    4.415    4.870    5.368    5.900    6.427    6.933    7.339
CT2010:050           -5.544   -4.817   -3.967   -3.087   -2.192   -1.336
   -0.544    0.161    0.759    1.224    1.566    1.793    1.922    1.972
    1.982    1.985    2.014    2.099    2.252    2.482    2.794    3.190
    3.655    4.180    4.753    5.363    5.969    6.553    7.035
CT2010:045           -5.966   -5.289   -4.490   -3.660   -2.814   -2.003
   -1.253   -0.587   -0.026    0.404    0.712    0.907    1.005    1.028
    1.014    1.000    1.020    1.108    1.275    1.530    1.877    2.319
    2.836    3.417    4.046    4.711    5.368    5.999    6.517
CT2010:040           -6.273   -5.672   -4.948   -4.191   -3.414   -2.669
   -1.981   -1.372   -0.863   -0.479   -0.210   -0.047    0.027    0.033
    0.012   -0.001    0.030    0.138    0.334    0.627    1.019    1.515
    2.092    2.738    3.437    4.175    4.906    5.612    6.206
CT2010:035           -6.692   -6.150   -5.490   -4.799   -4.092   -3.417
   -2.798   -2.255   -1.806   -1.473   -1.245   -1.112   -1.054   -1.050
   -1.061   -1.052   -0.990   -0.843   -0.602   -0.259    0.188    0.743
    1.385    2.099    2.870    3.686    4.498    5.288    5.972
CT2010:030           -7.007   -6.545   -5.971   -5.368   -4.751   -4.167
   -3.637   -3.180   -2.810   -2.543   -2.366   -2.266   -2.224   -2.214
   -2.201   -2.156   -2.047   -1.846   -1.548   -1.147   -0.642   -0.029
    0.671    1.447    2.282    3.164    4.045    4.904    5.661
CT2010:025           -7.360   -6.971   -6.478   -5.961   -5.436   -4.948
   -4.515   -4.151   -3.868   -3.673   -3.550   -3.482   -3.448   -3.422
   -3.370   -3.270   -3.094   -2.819   -2.446   -1.970   -1.391   -0.705
    0.071    0.926    1.845    2.822    3.807    4.778    5.663
CT2010:020           -7.668   -7.360   -6.957   -6.535   -6.111   -5.729
   -5.404   -5.145   -4.959   -4.845   -4.783   -4.752   -4.728   -4.683
   -4.589   -4.429   -4.181   -3.830   -3.382   -2.834   -2.188   -1.439
   -0.604    0.310    1.289    2.327    3.375    4.411    5.363
CT2010:015           -7.981   -7.747   -7.430   -7.099   -6.774   -6.497
   -6.278   -6.125   -6.034   -6.001   -5.998   -6.001   -5.985   -5.917
   -5.777   -5.554   -5.230   -4.799   -4.270   -3.646   -2.928   -2.111
   -1.208   -0.225    0.826    1.940    3.069    4.190    5.239
CT2010:010           -8.266   -8.106   -7.872   -7.630   -7.400   -7.225
   -7.109   -7.056   -7.057   -7.100   -7.153   -7.189   -7.180   -7.094
   -6.913   -6.633   -6.244   -5.743   -5.146   -4.456   -3.675   -2.798
   -1.837   -0.797    0.312    1.485    2.673    3.853    4.962
CT2010:005           -8.514   -8.424   -8.268   -8.107   -7.965   -7.883
   -7.859   -7.893   -7.975   -8.083   -8.183   -8.246   -8.244   -8.143
   -7.932   -7.610   -7.171   -6.616   -5.965   -5.220   -4.386   -3.455
   -2.438   -1.342   -0.178    1.050    2.292    3.526    4.690
CT2011:360           -8.759   -8.728   -8.637   -8.544   -8.473   -8.463
   -8.512   -8.615   -8.757   -8.912   -9.047   -9.130   -9.134   -9.027
   -8.799   -8.454   -7.987   -7.400   -6.714   -5.930   -5.053   -4.074
   -3.006   -1.856   -0.636    0.646    1.942    3.228    4.444
