CT2019:360           -8.468   -8.628   -8.734   -8.827   -8.917   -8.999
   -9.050   -9.041   -8.934   -8.683   -8.280   -7.727   -7.040   -6.235
   -5.358   -4.447   -3.528   -2.627   -1.753   -0.910   -0.097    0.687
    1.452    2.204    2.949    3.692    4.428    5.152    5.831
CT2019:355           -8.572   -8.781   -8.958   -9.133   -9.323   -9.530
   -9.724   -9.873   -9.935   -9.853   -9.609   -9.194   -8.615   -7.877
   -7.025   -6.098   -5.126   -4.137   -3.150   -2.176   -1.221   -0.290
    0.620    1.511    2.386    3.241    4.072    4.878    5.612
CT2019:350           -8.659   -8.905   -9.138   -9.381   -9.656   -9.972
  -10.297  -10.593  -10.814  -10.894  -10.803  -10.519  -10.042   -9.365
   -8.531   -7.586   -6.559   -5.487   -4.399   -3.310   -2.232   -1.174
   -0.137    0.880    1.874    2.838    3.765    4.658    5.457
CT2019:345           -8.772   -9.030   -9.294   -9.579   -9.914  -10.313
  -10.739  -11.155  -11.511  -11.731  -11.773  -11.608  -11.223  -10.602
   -9.787   -8.828   -7.758   -6.620   -5.451   -4.272   -3.098   -1.940
   -0.800    0.319    1.415    2.477    3.493    4.468    5.331
CT2019:340           -8.793   -9.063   -9.349   -9.663  -10.038  -10.494
  -10.992  -11.496  -11.952  -12.281  -12.431  -12.364  -12.060  -11.496
  -10.710   -9.756   -8.668   -7.492   -6.275   -5.040   -3.803   -2.576
   -1.363   -0.167    1.009    2.149    3.239    4.283    5.200
CT2019:335           -8.815   -9.076   -9.358   -9.672  -10.055  -10.528
  -11.056  -11.602  -12.112  -12.505  -12.727  -12.732  -12.496  -11.988
  -11.246  -10.319   -9.244   -8.068   -6.840   -5.585   -4.319   -3.055
   -1.796   -0.546    0.689    1.892    3.044    4.149    5.118
CT2019:330           -8.767   -9.012   -9.277   -9.573   -9.937  -10.395
  -10.912  -11.455  -11.972  -12.386  -12.642  -12.692  -12.511  -12.062
  -11.380  -10.510   -9.484   -8.348   -7.150   -5.913   -4.655   -3.385
   -2.110   -0.834    0.435    1.680    2.874    4.021    5.028
CT2019:325           -8.669   -8.889   -9.120   -9.378   -9.697  -10.106
  -10.574  -11.071  -11.551  -11.944  -12.197  -12.267  -12.126  -11.738
  -11.130  -10.341   -9.398   -8.338   -7.206   -6.023   -4.805   -3.558
   -2.293   -1.014    0.267    1.533    2.754    3.928    4.962
CT2019:320           -8.554   -8.735   -8.913   -9.111   -9.361   -9.691
  -10.076  -10.491  -10.897  -11.234  -11.455  -11.521  -11.407  -11.078
  -10.553   -9.863   -9.025   -8.069   -7.031   -5.930   -4.777   -3.579
   -2.345   -1.086    0.188    1.457    2.687    3.874    4.924
CT2019:315           -8.390   -8.525   -8.640   -8.766   -8.931   -9.164
   -9.444   -9.754  -10.062  -10.319  -10.488  -10.534  -10.435  -10.161
   -9.720   -9.136   -8.416   -7.579   -6.653   -5.651   -4.583   -3.450
   -2.268   -1.046    0.202    1.459    2.684    3.871    4.930
CT2019:310           -8.219   -8.297   -8.336   -8.378   -8.446   -8.568
   -8.731   -8.923   -9.119   -9.285   -9.389   -9.403   -9.309   -9.080
   -8.719   -8.236   -7.634   -6.918   -6.110   -5.217   -4.244   -3.192
   -2.077   -0.910    0.295    1.520    2.724    3.895    4.949
CT2019:305           -8.028   -8.044   -8.002   -7.954   -7.920   -7.928
   -7.972   -8.045   -8.129   -8.200   -8.234   -8.210   -8.111   -7.915
   -7.619   -7.225   -6.729   -6.127   -5.433   -4.649   -3.777   -2.814
   -1.777   -0.676    0.472    1.654    2.824    3.970    5.011
CT2019:300           -7.818   -7.767   -7.643   -7.506   -7.373   -7.272
   -7.204   -7.164   -7.143   -7.124   -7.089   -7.022   -6.910   -6.732
   -6.483   -6.160   -5.751   -5.248   -4.658   -3.978   -3.207   -2.338
   -1.387   -0.366    0.713    1.838    2.961    4.067    5.084
CT2019:295           -7.638   -7.512   -7.303   -7.075   -6.845   -6.642
   -6.471   -6.330   -6.213   -6.112   -6.011   -5.898   -5.762   -5.588
   -5.366   -5.090   -4.747   -4.325   -3.824   -3.239   -2.564   -1.791
   -0.933    0.002    1.001    2.056    3.121    4.176    5.155
CT2019:290           -7.408   -7.216   -6.931   -6.625   -6.312   -6.024
   -5.767   -5.543   -5.348   -5.176   -5.016   -4.856   -4.690   -4.504
   -4.289   -4.039   -3.739   -3.377   -2.949   -2.446   -1.861   -1.180
   -0.414    0.432    1.348    2.330    3.332    4.331    5.272
CT2019:285           -7.243   -6.975   -6.613   -6.228   -5.838   -5.476
   -5.146   -4.853   -4.593   -4.361   -4.147   -3.941   -3.738   -3.528
   -3.304   -3.059   -2.782   -2.461   -2.089   -1.656   -1.151   -0.559
    0.115    0.869    1.697    2.596    3.525    4.455    5.340
CT2019:280           -7.013   -6.684   -6.260   -5.816   -5.367   -4.950
   -4.570   -4.227   -3.920   -3.643   -3.384   -3.137   -2.895   -2.653
   -2.407   -2.152   -1.881   -1.582   -1.248   -0.868   -0.429    0.086
    0.678    1.349    2.094    2.918    3.778    4.647    5.484
CT2019:275           -6.955   -6.541   -6.043   -5.530   -5.022   -4.554
   -4.129   -3.746   -3.401   -3.087   -2.791   -2.506   -2.227   -1.951
   -1.677   -1.403   -1.124   -0.836   -0.529   -0.192    0.187    0.627
    1.135    1.714    2.363    3.089    3.850    4.618    5.353
CT2019:270           -6.738   -6.271   -5.727   -5.173   -4.630   -4.136
   -3.688   -3.286   -2.922   -2.588   -2.268   -1.956   -1.646   -1.338
   -1.033   -0.732   -0.435   -0.141    0.158    0.473    0.816    1.207
    1.657    2.172    2.756    3.415    4.114    4.823    5.508
CT2019:265           -6.686   -6.143   -5.540   -4.935   -4.353   -3.831
   -3.363   -2.945   -2.569   -2.222   -1.887   -1.555   -1.222   -0.887
   -0.554   -0.227    0.090    0.396    0.696    0.998    1.314    1.665
    2.061    2.515    3.028    3.611    4.228    4.854    5.450
CT2019:260           -6.493   -5.905   -5.269   -4.636   -4.034   -3.501
   -3.027   -2.609   -2.234   -1.886   -1.549   -1.211   -0.866   -0.514
   -0.160    0.190    0.530    0.853    1.164    1.469    1.778    2.110
    2.479    2.896    3.367    3.902    4.470    5.046    5.596
CT2019:255           -6.247   -5.626   -4.966   -4.313   -3.698   -3.160
   -2.686   -2.272   -1.904   -1.564   -1.233   -0.897   -0.550   -0.190
    0.178    0.545    0.905    1.249    1.580    1.901    2.222    2.558
    2.926    3.337    3.797    4.319    4.878    5.449    6.005
CT2019:250           -6.081   -5.422   -4.734   -4.057   -3.426   -2.879
   -2.402   -1.989   -1.626   -1.294   -0.973   -0.647   -0.309    0.047
    0.414    0.785    1.153    1.509    1.853    2.187    2.517    2.858
    3.223    3.623    4.064    4.559    5.084    5.618    6.134
CT2019:245           -5.823   -5.142   -4.437   -3.746   -3.104   -2.550
   -2.069   -1.657   -1.298   -0.977   -0.668   -0.357   -0.035    0.306
    0.663    1.028    1.397    1.761    2.119    2.471    2.822    3.184
    3.567    3.981    4.433    4.935    5.466    6.007    6.536
CT2019:240           -5.678   -4.962   -4.230   -3.514   -2.850   -2.278
   -1.783   -1.361   -0.999   -0.681   -0.383   -0.089    0.212    0.529
    0.862    1.209    1.564    1.923    2.283    2.642    3.005    3.379
    3.772    4.191    4.640    5.130    5.641    6.156    6.652
CT2019:235           -5.426   -4.696   -3.948   -3.218   -2.538   -1.949
   -1.439   -1.005   -0.636   -0.320   -0.033    0.241    0.516    0.802
    1.105    1.423    1.756    2.102    2.456    2.819    3.192    3.579
    3.986    4.417    4.875    5.365    5.869    6.374    6.854
CT2019:230           -5.299   -4.537   -3.759   -2.998   -2.287   -1.668
   -1.129   -0.670   -0.282    0.041    0.324    0.583    0.832    1.086
    1.352    1.636    1.939    2.262    2.603    2.960    3.334    3.728
    4.144    4.581    5.042    5.527    6.019    6.507    6.958
CT2019:225           -5.064   -4.292   -3.498   -2.718   -1.983   -1.336
   -0.768   -0.282    0.126    0.459    0.740    0.984    1.208    1.427
    1.655    1.898    2.165    2.459    2.778    3.122    3.490    3.884
    4.303    4.744    5.205    5.685    6.165    6.635    7.059
CT2019:220           -4.951   -4.149   -3.323   -2.509   -1.736   -1.048
   -0.439    0.085    0.524    0.878    1.165    1.403    1.608    1.796
    1.987    2.191    2.420    2.681    2.973    3.298    3.654    4.042
    4.458    4.898    5.358    5.832    6.301    6.757    7.157
CT2019:215           -4.995   -4.140   -3.262   -2.397   -1.572   -0.830
   -0.169    0.403    0.883    1.265    1.569    1.808    2.001    2.164
    2.320    2.486    2.675    2.899    3.158    3.455    3.787    4.155
    4.552    4.974    5.412    5.861    6.296    6.711    7.052
CT2019:210           -4.899   -4.017   -3.109   -2.211   -1.347   -0.562
    0.144    0.760    1.279    1.691    2.013    2.257    2.442    2.586
    2.715    2.848    3.004    3.195    3.424    3.693    4.001    4.350
    4.730    5.138    5.565    6.001    6.422    6.821    7.142
CT2019:205           -5.040   -4.095   -3.130   -2.174   -1.255   -0.413
    0.348    1.017    1.583    2.033    2.382    2.641    2.829    2.964
    3.075    3.184    3.312    3.473    3.671    3.908    4.184    4.501
    4.851    5.228    5.625    6.030    6.415    6.776    7.045
CT2019:200           -4.973   -4.009   -3.019   -2.037   -1.086   -0.209
    0.591    1.298    1.902    2.383    2.757    3.033    3.230    3.365
    3.468    3.565    3.675    3.814    3.987    4.196    4.443    4.729
    5.050    5.400    5.773    6.158    6.525    6.867    7.117
CT2019:195           -4.963   -3.975   -2.961   -1.953   -0.974   -0.066
    0.766    1.507    2.144    2.656    3.057    3.356    3.571    3.718
    3.827    3.925    4.029    4.155    4.308    4.490    4.704    4.956
    5.241    5.557    5.900    6.257    6.600    6.918    7.143
CT2019:190           -4.935   -3.935   -2.907   -1.884   -0.888    0.040
    0.893    1.656    2.317    2.855    3.282    3.609    3.850    4.021
    4.152    4.265    4.376    4.498    4.637    4.795    4.978    5.193
    5.441    5.722    6.033    6.364    6.685    6.982    7.190
CT2019:185           -4.869   -3.872   -2.843   -1.819   -0.819    0.113
    0.973    1.746    2.420    2.976    3.428    3.783    4.058    4.265
    4.430    4.571    4.701    4.829    4.960    5.098    5.251    5.430
    5.640    5.885    6.163    6.469    6.769    7.049    7.244
CT2019:180           -4.883   -3.882   -2.851   -1.825   -0.825    0.107
    0.967    1.742    2.422    2.992    3.466    3.854    4.169    4.421
    4.630    4.811    4.970    5.110    5.239    5.362    5.488    5.631
    5.804    6.014    6.260    6.540    6.818    7.080    7.261
CT2019:175           -4.853   -3.863   -2.842   -1.827   -0.839    0.080
    0.928    1.693    2.368    2.945    3.436    3.853    4.209    4.510
    4.770    4.996    5.190    5.351    5.485    5.599    5.706    5.824
    5.969    6.153    6.378    6.644    6.915    7.174    7.363
CT2019:170           -4.906   -3.920   -2.907   -1.901   -0.926   -0.022
    0.810    1.560    2.227    2.804    3.309    3.752    4.146    4.493
    4.802    5.073    5.303    5.486    5.629    5.739    5.832    5.930
    6.051    6.212    6.414    6.661    6.918    7.164    7.346
CT2019:165           -4.670   -3.727   -2.758   -1.796   -0.865   -0.006
    0.784    1.497    2.133    2.692    3.191    3.642    4.056    4.433
    4.775    5.079    5.336    5.537    5.688    5.797    5.881    5.963
    6.067    6.209    6.395    6.630    6.880    7.126    7.320
CT2019:160           -4.755   -3.821   -2.866   -1.920   -1.008   -0.170
    0.598    1.290    1.910    2.459    2.957    3.417    3.847    4.249
    4.619    4.951    5.234    5.457    5.625    5.747    5.839    5.925
    6.030    6.170    6.353    6.585    6.833    7.078    7.273
CT2019:155           -4.616   -3.736   -2.826   -1.923   -1.052   -0.252
    0.480    1.141    1.734    2.263    2.749    3.202    3.632    4.039
    4.419    4.765    5.065    5.307    5.496    5.641    5.755    5.862
    5.986    6.144    6.343    6.591    6.858    7.123    7.342
CT2019:150           -4.721   -3.853   -2.959   -2.073   -1.220   -0.440
    0.272    0.913    1.487    2.000    2.471    2.912    3.331    3.731
    4.107    4.454    4.760    5.015    5.223    5.392    5.534    5.669
    5.820    6.001    6.220    6.484    6.764    7.042    7.271
CT2019:145           -4.705   -3.873   -3.011   -2.156   -1.332   -0.578
    0.108    0.725    1.276    1.767    2.215    2.632    3.028    3.405
    3.761    4.095    4.396    4.658    4.884    5.080    5.256    5.429
    5.618    5.835    6.088    6.381    6.688    6.990    7.242
CT2019:140           -4.817   -3.998   -3.150   -2.309   -1.500   -0.762
   -0.092    0.509    1.042    1.511    1.935    2.324    2.688    3.033
    3.359    3.668    3.955    4.217    4.456    4.678    4.889    5.105
    5.339    5.599    5.891    6.219    6.556    6.885    7.155
CT2019:135           -4.939   -4.132   -3.296   -2.466   -1.669   -0.943
   -0.285    0.302    0.818    1.265    1.661    2.016    2.342    2.645
    2.932    3.207    3.471    3.726    3.974    4.219    4.468    4.730
    5.014    5.325    5.666    6.036    6.411    6.772    7.067
CT2019:130           -5.051   -4.258   -3.432   -2.613   -1.825   -1.109
   -0.461    0.112    0.611    1.035    1.400    1.717    1.998    2.252
    2.491    2.724    2.959    3.200    3.452    3.718    4.004    4.315
    4.654    5.022    5.418    5.838    6.254    6.653    6.974
CT2019:125           -5.218   -4.427   -3.603   -2.785   -1.999   -1.285
   -0.643   -0.078    0.407    0.808    1.142    1.418    1.650    1.850
    2.035    2.221    2.419    2.641    2.893    3.178    3.499    3.859
    4.255    4.682    5.135    5.606    6.065    6.499    6.840
CT2019:120           -5.330   -4.550   -3.733   -2.921   -2.138   -1.427
   -0.789   -0.233    0.237    0.614    0.913    1.145    1.325    1.466
    1.593    1.725    1.883    2.084    2.333    2.637    2.994    3.407
    3.863    4.354    4.870    5.397    5.904    6.380    6.749
CT2019:115           -5.506   -4.724   -3.903   -3.085   -2.296   -1.580
   -0.940   -0.387    0.074    0.430    0.697    0.885    1.012    1.094
    1.161    1.239    1.356    1.534    1.781    2.102    2.495    2.960
    3.476    4.031    4.610    5.194    5.748    6.267    6.663
CT2019:110           -5.617   -4.846   -4.028   -3.211   -2.419   -1.699
   -1.057   -0.506   -0.055    0.281    0.517    0.663    0.737    0.761
    0.769    0.795    0.871    1.027    1.271    1.608    2.036    2.549
    3.122    3.736    4.373    5.009    5.607    6.163    6.583
CT2019:105           -5.677   -4.923   -4.112   -3.298   -2.505   -1.781
   -1.136   -0.586   -0.142    0.178    0.387    0.496    0.525    0.498
    0.455    0.435    0.476    0.615    0.858    1.212    1.673    2.234
    2.862    3.535    4.232    4.924    5.574    6.180    6.644
CT2019:100           -5.787   -5.045   -4.235   -3.418   -2.618   -1.885
   -1.232   -0.676   -0.231    0.080    0.272    0.355    0.350    0.283
    0.200    0.145    0.158    0.282    0.524    0.889    1.373    1.966
    2.631    3.344    4.078    4.803    5.480    6.108    6.587
CT2019:095           -5.761   -5.052   -4.261   -3.456   -2.660   -1.926
   -1.268   -0.709   -0.263    0.045    0.228    0.296    0.271    0.182
    0.076   -0.001   -0.003    0.113    0.355    0.729    1.229    1.846
    2.539    3.281    4.046    4.800    5.507    6.164    6.675
CT2019:090           -5.869   -5.174   -4.384   -3.577   -2.773   -2.027
   -1.356   -0.782   -0.323   -0.004    0.186    0.260    0.237    0.147
    0.040   -0.039   -0.044    0.070    0.312    0.686    1.188    1.808
    2.504    3.250    4.017    4.774    5.481    6.139    6.650
CT2019:085           -6.021   -5.331   -4.539   -3.726   -2.911   -2.149
   -1.459   -0.865   -0.384   -0.042    0.173    0.271    0.274    0.209
    0.123    0.061    0.069    0.189    0.429    0.796    1.286    1.889
    2.568    3.294    4.043    4.781    5.472    6.114    6.614
CT2019:080           -6.128   -5.454   -4.668   -3.855   -3.035   -2.260
   -1.553   -0.936   -0.427   -0.050    0.205    0.349    0.401    0.384
    0.344    0.321    0.356    0.488    0.728    1.081    1.546    2.115
    2.756    3.443    4.153    4.857    5.519    6.137    6.622
CT2019:075           -6.455   -5.760   -4.952   -4.118   -3.273   -2.472
   -1.733   -1.078   -0.524   -0.093    0.225    0.439    0.566    0.626
    0.656    0.692    0.769    0.920    1.156    1.486    1.910    2.424
    3.002    3.625    4.271    4.917    5.527    6.099    6.549
CT2019:070           -6.565   -5.892   -5.095   -4.267   -3.422   -2.609
   -1.850   -1.164   -0.566   -0.075    0.318    0.619    0.842    0.998
    1.118    1.230    1.359    1.534    1.766    2.066    2.437    2.882
    3.383    3.926    4.496    5.075    5.631    6.157    6.581
CT2019:065           -6.790   -6.122   -5.325   -4.495   -3.642   -2.812
   -2.027   -1.301   -0.648   -0.082    0.402    0.810    1.148    1.423
    1.652    1.854    2.047    2.250    2.476    2.739    3.046    3.407
    3.814    4.263    4.743    5.245    5.737    6.211    6.606
CT2019:060           -6.910   -6.269   -5.492   -4.676   -3.829   -2.994
   -2.190   -1.430   -0.723   -0.079    0.504    1.029    1.496    1.902
    2.252    2.556    2.820    3.053    3.272    3.493    3.728    3.994
    4.298    4.641    5.023    5.440    5.865    6.282    6.646
CT2019:055           -7.023   -6.415   -5.664   -4.868   -4.034   -3.199
   -2.381   -1.589   -0.830   -0.108    0.578    1.225    1.827    2.372
    2.852    3.265    3.604    3.871    4.085    4.263    4.425    4.595
    4.794    5.033    5.317    5.653    6.014    6.381    6.724
CT2019:050           -7.153   -6.581   -5.857   -5.086   -4.269   -3.439
   -2.612   -1.795   -0.988   -0.192    0.592    1.357    2.092    2.774
    3.382    3.904    4.320    4.623    4.834    4.973    5.066    5.145
    5.242    5.380    5.569    5.825    6.123    6.438    6.754
CT2019:045           -7.279   -6.747   -6.058   -5.317   -4.525   -3.708
   -2.881   -2.046   -1.202   -0.343    0.527    1.397    2.252    3.059
    3.786    4.409    4.899    5.240    5.455    5.565    5.602    5.605
    5.618    5.671    5.780    5.970    6.216    6.488    6.785
CT2019:040           -7.418   -6.926   -6.276   -5.571   -4.809   -4.012
   -3.193   -2.351   -1.481   -0.574    0.364    1.320    2.273    3.183
    4.008    4.717    5.272    5.650    5.877    5.973    5.975    5.926
    5.880    5.871    5.921    6.061    6.268    6.509    6.792
CT2019:035           -7.565   -7.116   -6.508   -5.843   -5.118   -4.349
   -3.546   -2.707   -1.824   -0.885    0.101    1.119    2.141    3.125
    4.020    4.791    5.397    5.808    6.053    6.152    6.142    6.071
    5.996    5.954    5.972    6.082    6.264    6.485    6.756
CT2019:030           -7.708   -7.305   -6.744   -6.126   -5.445   -4.711
   -3.934   -3.108   -2.224   -1.269   -0.255    0.798    1.860    2.885
    3.819    4.625    5.261    5.699    5.966    6.085    6.091    6.031
    5.963    5.924    5.942    6.051    6.232    6.452    6.728
CT2019:025           -7.873   -7.514   -7.002   -6.433   -5.800   -5.107
   -4.363   -3.558   -2.683   -1.725   -0.702    0.363    1.438    2.472
    3.413    4.226    4.871    5.324    5.615    5.765    5.809    5.789
    5.758    5.753    5.797    5.924    6.117    6.347    6.627
CT2019:020           -8.013   -7.701   -7.244   -6.731   -6.154   -5.512
   -4.810   -4.037   -3.183   -2.236   -1.220   -0.161    0.903    1.922
    2.843    3.638    4.274    4.733    5.048    5.239    5.340    5.387
    5.425    5.485    5.588    5.762    5.995    6.258    6.563
CT2019:015           -8.178   -7.911   -7.507   -7.051   -6.533   -5.947
   -5.295   -4.562   -3.740   -2.817   -1.821   -0.784    0.253    1.237
    2.122    2.882    3.495    3.953    4.289    4.526    4.694    4.822
    4.947    5.090    5.267    5.501    5.779    6.080    6.404
CT2019:010           -8.304   -8.084   -7.738   -7.344   -6.892   -6.372
   -5.781   -5.104   -4.328   -3.444   -2.483   -1.482   -0.484    0.457
    1.297    2.019    2.606    3.062    3.422    3.711    3.954    4.177
    4.404    4.649    4.922    5.237    5.584    5.943    6.309
CT2019:005           -8.433   -8.255   -7.965   -7.632   -7.249   -6.800
   -6.281   -5.671   -4.958   -4.129   -3.219   -2.266   -1.315   -0.419
    0.379    1.067    1.636    2.096    2.486    2.830    3.154    3.477
    3.812    4.167    4.545    4.954    5.381    5.813    6.233
CT2020:360           -8.535   -8.398   -8.163   -7.891   -7.578   -7.208
   -6.770   -6.242   -5.608   -4.854   -4.012   -3.120   -2.222   -1.372
   -0.608    0.057    0.619    1.095    1.522    1.925    2.329    2.748
    3.189    3.651    4.134    4.636    5.144    5.648    6.119
