CT2047:360           -7.227   -6.760   -6.276   -5.810   -5.396   -5.080
   -4.851   -4.705   -4.632   -4.612   -4.613   -4.607   -4.571   -4.475
   -4.305   -4.052   -3.707   -3.264   -2.737   -2.132   -1.455   -0.714
    0.075    0.898    1.745    2.601    3.435    4.239    4.939
CT2047:355           -7.299   -6.834   -6.354   -5.892   -5.483   -5.172
   -4.947   -4.804   -4.731   -4.708   -4.705   -4.694   -4.653   -4.555
   -4.385   -4.138   -3.801   -3.368   -2.849   -2.250   -1.576   -0.833
   -0.038    0.794    1.649    2.512    3.350    4.156    4.852
CT2047:350           -7.327   -6.865   -6.387   -5.925   -5.515   -5.199
   -4.966   -4.811   -4.723   -4.682   -4.658   -4.627   -4.570   -4.462
   -4.291   -4.050   -3.727   -3.314   -2.818   -2.239   -1.583   -0.851
   -0.064    0.767    1.624    2.490    3.332    4.141    4.840
CT2047:345           -7.337   -6.876   -6.394   -5.926   -5.505   -5.173
   -4.920   -4.740   -4.621   -4.546   -4.488   -4.425   -4.341   -4.217
   -4.040   -3.806   -3.502   -3.117   -2.655   -2.113   -1.490   -0.787
   -0.022    0.792    1.636    2.494    3.328    4.132    4.825
CT2047:340           -7.351   -6.886   -6.392   -5.908   -5.467   -5.108
   -4.821   -4.603   -4.441   -4.320   -4.215   -4.110   -3.991   -3.843
   -3.658   -3.429   -3.145   -2.794   -2.373   -1.875   -1.298   -0.636
    0.093    0.876    1.696    2.535    3.355    4.147    4.832
CT2047:335           -7.287   -6.825   -6.322   -5.825   -5.361   -4.971
   -4.646   -4.382   -4.170   -3.996   -3.840   -3.688   -3.530   -3.355
   -3.157   -2.932   -2.666   -2.348   -1.969   -1.520   -0.993   -0.380
    0.305    1.051    1.842    2.660    3.467    4.250    4.938
CT2047:330           -7.288   -6.814   -6.290   -5.765   -5.268   -4.834
   -4.460   -4.142   -3.872   -3.640   -3.427   -3.225   -3.024   -2.820
   -2.608   -2.383   -2.134   -1.847   -1.511   -1.113   -0.643   -0.087
    0.543    1.237    1.982    2.763    3.539    4.295    4.965
CT2047:325           -7.225   -6.746   -6.204   -5.655   -5.124   -4.647
   -4.223   -3.850   -3.522   -3.232   -2.964   -2.713   -2.472   -2.239
   -2.011   -1.782   -1.545   -1.284   -0.985   -0.635   -0.218    0.280
    0.853    1.494    2.192    2.935    3.681    4.415    5.076
CT2047:320           -7.214   -6.720   -6.150   -5.568   -4.996   -4.471
   -3.992   -3.562   -3.175   -2.827   -2.506   -2.207   -1.928   -1.666
   -1.422   -1.188   -0.958   -0.718   -0.452   -0.145    0.218    0.658
    1.170    1.751    2.392    3.085    3.790    4.487    5.122
CT2047:315           -7.203   -6.690   -6.091   -5.475   -4.861   -4.287
   -3.755   -3.268   -2.825   -2.423   -2.053   -1.712   -1.396   -1.108
   -0.846   -0.604   -0.377   -0.152    0.087    0.357    0.674    1.059
    1.513    2.036    2.621    3.266    3.929    4.591    5.202
CT2047:310           -7.185   -6.654   -6.027   -5.379   -4.725   -4.105
   -3.522   -2.984   -2.489   -2.039   -1.626   -1.246   -0.899   -0.587
   -0.308   -0.057    0.170    0.385    0.603    0.842    1.118    1.452
    1.851    2.317    2.846    3.440    4.059    4.680    5.262
CT2047:305           -7.204   -6.648   -5.988   -5.304   -4.609   -3.943
   -3.312   -2.725   -2.184   -1.690   -1.238   -0.825   -0.449   -0.114
    0.182    0.443    0.674    0.883    1.087    1.301    1.544    1.837
    2.188    2.605    3.086    3.634    4.215    4.802    5.361
CT2047:300           -7.182   -6.610   -5.926   -5.213   -4.486   -3.781
   -3.111   -2.484   -1.903   -1.374   -0.890   -0.449   -0.051    0.303
    0.613    0.884    1.118    1.324    1.517    1.713    1.928    2.185
    2.496    2.869    3.304    3.808    4.348    4.898    5.427
CT2047:295           -7.211   -6.615   -5.902   -5.159   -4.398   -3.657
   -2.951   -2.288   -1.673   -1.113   -0.602   -0.138    0.279    0.648
    0.969    1.249    1.488    1.694    1.881    2.063    2.258    2.489
    2.767    3.103    3.499    3.964    4.465    4.979    5.478
CT2047:290           -7.189   -6.580   -5.849   -5.085   -4.301   -3.535
   -2.802   -2.112   -1.472   -0.890   -0.360    0.119    0.550    0.929
    1.259    1.546    1.790    1.997    2.182    2.358    2.542    2.755
    3.010    3.319    3.685    4.118    4.588    5.071    5.544
CT2047:285           -7.201   -6.576   -5.826   -5.042   -4.237   -3.449
   -2.695   -1.985   -1.326   -0.728   -0.185    0.305    0.744    1.130
    1.466    1.759    2.008    2.220    2.407    2.583    2.762    2.964
    3.204    3.494    3.836    4.242    4.683    5.137    5.582
CT2047:280           -7.182   -6.548   -5.788   -4.992   -4.174   -3.374
   -2.607   -1.885   -1.217   -0.611   -0.062    0.432    0.875    1.264
    1.604    1.902    2.158    2.376    2.570    2.751    2.933    3.134
    3.368    3.647    3.974    4.361    4.783    5.216    5.640
CT2047:275           -7.186   -6.543   -5.772   -4.967   -4.138   -3.329
   -2.555   -1.827   -1.155   -0.547    0.002    0.497    0.940    1.330
    1.674    1.977    2.241    2.470    2.675    2.867    3.057    3.263
    3.499    3.775    4.097    4.473    4.882    5.302    5.714
CT2047:270           -7.172   -6.525   -5.750   -4.940   -4.109   -3.298
   -2.523   -1.798   -1.128   -0.525    0.020    0.510    0.950    1.340
    1.686    1.995    2.268    2.508    2.726    2.930    3.132    3.347
    3.588    3.865    4.183    4.553    4.952    5.361    5.760
CT2047:265           -7.193   -6.538   -5.757   -4.943   -4.109   -3.298
   -2.526   -1.805   -1.142   -0.545   -0.007    0.477    0.913    1.303
    1.652    1.968    2.251    2.504    2.736    2.955    3.170    3.397
    3.646    3.930    4.251    4.621    5.018    5.423    5.817
CT2047:260           -7.184   -6.529   -5.749   -4.937   -4.107   -3.302
   -2.538   -1.827   -1.175   -0.589   -0.061    0.416    0.847    1.236
    1.588    1.910    2.202    2.467    2.712    2.944    3.172    3.410
    3.670    3.960    4.287    4.658    5.055    5.459    5.848
CT2047:255           -7.203   -6.543   -5.763   -4.953   -4.127   -3.329
   -2.574   -1.874   -1.233   -0.658   -0.140    0.330    0.757    1.145
    1.499    1.827    2.127    2.402    2.658    2.902    3.143    3.392
    3.663    3.964    4.300    4.679    5.081    5.490    5.881
CT2047:250           -7.199   -6.541   -5.767   -4.962   -4.145   -3.357
   -2.615   -1.927   -1.300   -0.737   -0.229    0.233    0.655    1.041
    1.396    1.727    2.033    2.314    2.579    2.832    3.082    3.343
    3.625    3.938    4.285    4.675    5.086    5.501    5.895
CT2047:245           -7.207   -6.551   -5.781   -4.983   -4.174   -3.397
   -2.667   -1.992   -1.378   -0.828   -0.330    0.124    0.540    0.923
    1.277    1.607    1.914    2.199    2.469    2.728    2.988    3.259
    3.554    3.881    4.242    4.646    5.069    5.494    5.893
CT2047:240           -7.206   -6.554   -5.791   -5.002   -4.203   -3.438
   -2.721   -2.060   -1.459   -0.921   -0.434    0.010    0.418    0.794
    1.143    1.470    1.774    2.059    2.330    2.595    2.863    3.147
    3.457    3.801    4.181    4.603    5.043    5.483    5.892
CT2047:235           -7.206   -6.558   -5.803   -5.022   -4.234   -3.482
   -2.779   -2.132   -1.544   -1.020   -0.545   -0.112    0.285    0.651
    0.991    1.309    1.607    1.888    2.159    2.428    2.704    3.001
    3.328    3.692    4.094    4.537    4.996    5.454    5.872
CT2047:230           -7.207   -6.563   -5.815   -5.043   -4.266   -3.527
   -2.836   -2.203   -1.630   -1.120   -0.659   -0.241    0.142    0.494
    0.820    1.125    1.413    1.688    1.958    2.231    2.517    2.830
    3.178    3.565    3.993    4.463    4.946    5.426    5.859
CT2047:225           -7.183   -6.547   -5.809   -5.049   -4.284   -3.559
   -2.883   -2.266   -1.709   -1.215   -0.771   -0.371   -0.006    0.327
    0.634    0.923    1.198    1.464    1.732    2.010    2.308    2.640
    3.012    3.428    3.886    4.386    4.898    5.403    5.856
CT2047:220           -7.182   -6.549   -5.818   -5.065   -4.310   -3.596
   -2.934   -2.331   -1.790   -1.313   -0.889   -0.510   -0.167    0.142
    0.427    0.696    0.955    1.212    1.478    1.761    2.072    2.426
    2.824    3.271    3.761    4.293    4.833    5.365    5.835
CT2047:215           -7.149   -6.524   -5.802   -5.060   -4.316   -3.615
   -2.967   -2.379   -1.856   -1.400   -0.998   -0.644   -0.328   -0.046
    0.213    0.458    0.700    0.947    1.210    1.500    1.827    2.204
    2.632    3.111    3.635    4.201    4.771    5.330    5.818
CT2047:210           -7.144   -6.520   -5.801   -5.064   -4.326   -3.635
   -2.997   -2.424   -1.917   -1.481   -1.104   -0.777   -0.491   -0.239
   -0.009    0.211    0.433    0.670    0.932    1.230    1.574    1.977
    2.436    2.948    3.508    4.106    4.706    5.291    5.796
CT2047:205           -7.148   -6.522   -5.804   -5.068   -4.334   -3.648
   -3.019   -2.457   -1.966   -1.551   -1.199   -0.901   -0.647   -0.428
   -0.229   -0.036    0.165    0.391    0.652    0.958    1.319    1.747
    2.234    2.778    3.368    3.994    4.617    5.220    5.733
CT2047:200           -7.139   -6.510   -5.790   -5.054   -4.321   -3.639
   -3.016   -2.464   -1.987   -1.591   -1.264   -0.995   -0.773   -0.587
   -0.420   -0.254   -0.073    0.143    0.403    0.718    1.097    1.549
    2.067    2.642    3.263    3.918    4.565    5.189    5.716
CT2047:195           -7.155   -6.517   -5.790   -5.048   -4.311   -3.626
   -3.004   -2.456   -1.988   -1.608   -1.301   -1.058   -0.866   -0.711
   -0.574   -0.435   -0.274   -0.070    0.188    0.509    0.901    1.374
    1.914    2.513    3.157    3.832    4.494    5.130    5.659
CT2047:190           -7.142   -6.497   -5.764   -5.015   -4.271   -3.581
   -2.957   -2.409   -1.945   -1.575   -1.283   -1.060   -0.891   -0.764
   -0.653   -0.537   -0.395   -0.204    0.048    0.372    0.773    1.259
    1.817    2.435    3.099    3.790    4.467    5.115    5.650
CT2047:185           -7.125   -6.473   -5.731   -4.972   -4.219   -3.519
   -2.886   -2.332   -1.865   -1.495   -1.209   -0.996   -0.843   -0.733
   -0.643   -0.548   -0.424   -0.248   -0.006    0.311    0.712    1.202
    1.767    2.394    3.067    3.767    4.450    5.103    5.640
CT2047:180           -7.109   -6.447   -5.693   -4.921   -4.153   -3.438
   -2.790   -2.221   -1.742   -1.362   -1.070   -0.856   -0.704   -0.602
   -0.524   -0.444   -0.338   -0.180    0.044    0.347    0.735    1.218
    1.777    2.402    3.073    3.773    4.455    5.107    5.641
CT2047:175           -7.051   -6.385   -5.622   -4.839   -4.056   -3.325
   -2.657   -2.068   -1.567   -1.168   -0.858   -0.628   -0.466   -0.360
   -0.284   -0.214   -0.124    0.014    0.215    0.494    0.860    1.322
    1.866    2.478    3.140    3.835    4.515    5.166    5.702
CT2047:170           -7.035   -6.357   -5.577   -4.776   -3.972   -3.216
   -2.521   -1.903   -1.372   -0.941   -0.601   -0.343   -0.158   -0.036
    0.046    0.114    0.190    0.305    0.477    0.722    1.053    1.482
    1.994    2.578    3.217    3.891    4.554    5.190    5.714
CT2047:165           -6.943   -6.263   -5.475   -4.662   -3.841   -3.062
   -2.341   -1.692   -1.126   -0.658   -0.280    0.014    0.232    0.379
    0.477    0.549    0.617    0.712    0.854    1.063    1.355    1.745
    2.222    2.775    3.389    4.046    4.700    5.331    5.864
CT2047:160           -6.927   -6.234   -5.427   -4.593   -3.749   -2.941
   -2.187   -1.502   -0.896   -0.385    0.038    0.375    0.633    0.812
    0.931    1.013    1.078    1.153    1.265    1.434    1.679    2.020
    2.448    2.955    3.526    4.147    4.769    5.373    5.886
CT2047:155           -6.869   -6.169   -5.349   -4.499   -3.633   -2.800
   -2.015   -1.295   -0.651   -0.097    0.370    0.752    1.052    1.268
    1.415    1.514    1.582    1.647    1.736    1.871    2.074    2.367
    2.748    3.210    3.741    4.331    4.931    5.519    6.031
CT2047:150           -6.853   -6.140   -5.303   -4.433   -3.546   -2.686
   -1.871   -1.118   -0.436    0.157    0.666    1.091    1.432    1.686
    1.865    1.986    2.065    2.126    2.196    2.301    2.462    2.705
    3.032    3.440    3.919    4.463    5.023    5.576    6.062
CT2047:145           -6.854   -6.126   -5.271   -4.382   -3.473   -2.588
   -1.747   -0.964   -0.250    0.379    0.926    1.389    1.771    2.064
    2.279    2.429    2.527    2.593    2.655    2.738    2.864    3.062
    3.338    3.694    4.124    4.624    5.148    5.671    6.140
CT2047:140           -6.839   -6.100   -5.232   -4.328   -3.402   -2.499
   -1.636   -0.830   -0.092    0.565    1.143    1.640    2.059    2.390
    2.642    2.826    2.949    3.027    3.088    3.154    3.250    3.405
    3.631    3.934    4.311    4.763    5.246    5.733    6.175
CT2047:135           -6.851   -6.097   -5.215   -4.297   -3.356   -2.436
   -1.557   -0.732    0.026    0.705    1.309    1.837    2.290    2.660
    2.951    3.172    3.325    3.422    3.488    3.543    3.614    3.732
    3.912    4.167    4.496    4.905    5.351    5.805    6.226
CT2047:130           -6.840   -6.078   -5.187   -4.261   -3.311   -2.382
   -1.493   -0.658    0.113    0.808    1.432    1.986    2.470    2.877
    3.207    3.465    3.650    3.768    3.841    3.889    3.939    4.023
    4.162    4.373    4.657    5.026    5.437    5.859    6.258
CT2047:125           -6.843   -6.071   -5.173   -4.240   -3.284   -2.350
   -1.455   -0.614    0.164    0.870    1.510    2.086    2.598    3.038
    3.405    3.699    3.915    4.053    4.135    4.180    4.213    4.270
    4.377    4.551    4.801    5.137    5.520    5.919    6.301
CT2047:120           -6.836   -6.060   -5.159   -4.224   -3.267   -2.333
   -1.439   -0.598    0.183    0.895    1.545    2.137    2.671    3.139
    3.536    3.860    4.102    4.258    4.349    4.392    4.415    4.453
    4.535    4.683    4.905    5.217    5.577    5.955    6.321
CT2047:115           -6.828   -6.049   -5.148   -4.215   -3.261   -2.331
   -1.442   -0.606    0.172    0.884    1.538    2.139    2.688    3.174
    3.593    3.939    4.201    4.372    4.472    4.519    4.539    4.568
    4.639    4.774    4.984    5.283    5.632    6.000    6.361
CT2047:110           -6.826   -6.047   -5.147   -4.217   -3.269   -2.347
   -1.467   -0.639    0.130    0.835    1.487    2.088    2.640    3.134
    3.562    3.920    4.194    4.377    4.487    4.542    4.567    4.599
    4.671    4.805    5.011    5.306    5.650    6.012    6.366
CT2047:105           -6.803   -6.029   -5.137   -4.215   -3.278   -2.369
   -1.503   -0.689    0.065    0.757    1.396    1.987    2.531    3.020
    3.446    3.805    4.084    4.275    4.397    4.466    4.507    4.556
    4.644    4.791    5.010    5.313    5.664    6.032    6.391
CT2047:100           -6.808   -6.035   -5.148   -4.234   -3.307   -2.411
   -1.560   -0.764   -0.028    0.645    1.264    1.834    2.358    2.830
    3.243    3.593    3.870    4.068    4.203    4.291    4.357    4.433
    4.547    4.720    4.959    5.278    5.640    6.016    6.379
CT2047:095           -6.770   -6.009   -5.136   -4.236   -3.326   -2.449
   -1.619   -0.846   -0.134    0.511    1.102    1.643    2.138    2.582
    2.971    3.305    3.575    3.777    3.927    4.041    4.139    4.251
    4.402    4.610    4.880    5.224    5.605    5.997    6.370
CT2047:090           -6.781   -6.023   -5.158   -4.268   -3.370   -2.510
   -1.700   -0.951   -0.266    0.350    0.908    1.414    1.873    2.283
    2.644    2.956    3.216    3.422    3.589    3.730    3.865    4.019
    4.213    4.462    4.768    5.142    5.546    5.958    6.342
CT2047:085           -6.747   -6.004   -5.155   -4.282   -3.403   -2.565
   -1.780   -1.058   -0.404    0.178    0.699    1.166    1.586    1.958
    2.287    2.576    2.824    3.033    3.217    3.386    3.559    3.758
    3.997    4.289    4.636    5.042    5.473    5.907    6.305
CT2047:080           -6.762   -6.026   -5.186   -4.325   -3.461   -2.642
   -1.880   -1.184   -0.560   -0.013    0.471    0.900    1.280    1.616
    1.914    2.181    2.418    2.631    2.831    3.029    3.239    3.481
    3.767    4.103    4.490    4.931    5.391    5.850    6.265
CT2047:075           -6.746   -6.024   -5.201   -4.357   -3.512   -2.717
   -1.980   -1.313   -0.720   -0.207    0.240    0.630    0.974    1.275
    1.545    1.791    2.019    2.235    2.450    2.675    2.920    3.204
    3.532    3.910    4.337    4.812    5.302    5.787    6.221
CT2047:070           -6.767   -6.054   -5.243   -4.413   -3.585   -2.810
   -2.097   -1.457   -0.894   -0.413    0.000    0.356    0.667    0.938
    1.183    1.412    1.633    1.854    2.085    2.334    2.612    2.932
    3.300    3.717    4.181    4.690    5.210    5.721    6.175
CT2047:065           -6.773   -6.074   -5.279   -4.467   -3.660   -2.907
   -2.219   -1.607   -1.073   -0.623   -0.241    0.085    0.366    0.612
    0.837    1.053    1.270    1.496    1.741    2.013    2.319    2.674
    3.077    3.529    4.028    4.568    5.115    5.653    6.126
CT2047:060           -6.799   -6.111   -5.332   -4.537   -3.750   -3.021
   -2.358   -1.772   -1.265   -0.843   -0.488   -0.189    0.069    0.295
    0.505    0.711    0.926    1.159    1.419    1.711    2.045    2.429
    2.865    3.350    3.879    4.449    5.023    5.585    6.079
CT2047:055           -6.832   -6.156   -5.394   -4.618   -3.853   -3.148
   -2.511   -1.952   -1.472   -1.076   -0.745   -0.468   -0.230   -0.019
    0.180    0.382    0.598    0.840    1.114    1.426    1.784    2.196
    2.660    3.173    3.729    4.324    4.921    5.504    6.013
CT2047:050           -6.862   -6.201   -5.459   -4.705   -3.964   -3.286
   -2.678   -2.146   -1.694   -1.323   -1.015   -0.757   -0.534   -0.334
   -0.140    0.061    0.283    0.536    0.827    1.161    1.543    1.982
    2.473    3.014    3.597    4.216    4.836    5.441    5.969
CT2047:045           -6.894   -6.250   -5.529   -4.799   -4.086   -3.439
   -2.861   -2.361   -1.938   -1.593   -1.307   -1.065   -0.855   -0.662
   -0.469   -0.263   -0.032    0.236    0.546    0.903    1.310    1.775
    2.292    2.856    3.461    4.101    4.739    5.360    5.900
CT2047:040           -6.927   -6.300   -5.602   -4.899   -4.217   -3.602
   -3.059   -2.593   -2.202   -1.886   -1.622   -1.399   -1.199   -1.009
   -0.812   -0.597   -0.351   -0.061    0.273    0.657    1.092    1.585
    2.129    2.719    3.348    4.008    4.666    5.306    5.863
CT2047:035           -6.947   -6.340   -5.670   -4.997   -4.349   -3.772
   -3.267   -2.840   -2.486   -2.201   -1.964   -1.759   -1.570   -1.382
   -1.178   -0.949   -0.681   -0.366   -0.003    0.412    0.878    1.401
    1.971    2.585    3.234    3.912    4.584    5.237    5.803
CT2047:030           -6.979   -6.391   -5.747   -5.103   -4.489   -3.950
   -3.486   -3.099   -2.784   -2.534   -2.326   -2.141   -1.963   -1.775
   -1.562   -1.314   -1.020   -0.673   -0.275    0.175    0.677    1.231
    1.831    2.470    3.142    3.839    4.528    5.197    5.775
CT2047:025           -7.007   -6.438   -5.822   -5.209   -4.629   -4.130
   -3.707   -3.363   -3.088   -2.875   -2.697   -2.534   -2.368   -2.179
   -1.955   -1.686   -1.364   -0.983   -0.548   -0.061    0.476    1.062
    1.688    2.350    3.039    3.748    4.446    5.119    5.699
CT2047:020           -7.035   -6.484   -5.892   -5.307   -4.760   -4.298
   -3.915   -3.610   -3.376   -3.197   -3.048   -2.905   -2.750   -2.560
   -2.323   -2.033   -1.681   -1.264   -0.792   -0.267    0.305    0.923
    1.578    2.264    2.973    3.698    4.408    5.094    5.682
CT2047:015           -7.082   -6.546   -5.975   -5.414   -4.896   -4.466
   -4.117   -3.847   -3.645   -3.496   -3.370   -3.243   -3.096   -2.903
   -2.654   -2.344   -1.966   -1.520   -1.017   -0.462    0.138    0.780
    1.453    2.153    2.872    3.599    4.307    4.986    5.559
CT2047:010           -7.103   -6.580   -6.028   -5.489   -4.995   -4.592
   -4.271   -4.028   -3.851   -3.723   -3.612   -3.494   -3.347   -3.148
   -2.886   -2.559   -2.160   -1.690   -1.163   -0.585    0.037    0.699
    1.391    2.106    2.837    3.575    4.290    4.976    5.553
CT2047:005           -7.141   -6.626   -6.088   -5.563   -5.086   -4.701
   -4.397   -4.169   -4.005   -3.885   -3.777   -3.657   -3.504   -3.295
   -3.021   -2.681   -2.269   -1.788   -1.251   -0.664   -0.034    0.634
    1.331    2.049    2.782    3.516    4.225    4.902    5.464
CT2048:360           -7.151   -6.645   -6.116   -5.602   -5.136   -4.759
   -4.462   -4.238   -4.074   -3.948   -3.831   -3.698   -3.531   -3.307
   -3.020   -2.670   -2.253   -1.771   -1.236   -0.652   -0.026    0.639
    1.335    2.053    2.786    3.521    4.231    4.906    5.468
