CT2030:360           -4.799   -4.048   -3.250   -2.456   -1.694   -1.018
   -0.434    0.046    0.419    0.678    0.851    0.959    1.026    1.081
    1.151    1.255    1.413    1.633    1.913    2.249    2.639    3.082
    3.568    4.090    4.643    5.219    5.791    6.346    6.827
CT2030:355           -4.732   -3.967   -3.164   -2.370   -1.616   -0.958
   -0.398    0.052    0.390    0.613    0.750    0.824    0.863    0.894
    0.946    1.039    1.190    1.411    1.697    2.045    2.452    2.916
    3.425    3.973    4.551    5.151    5.744    6.319    6.816
CT2030:350           -4.659   -3.890   -3.093   -2.308   -1.570   -0.937
   -0.408    0.006    0.307    0.492    0.594    0.636    0.648    0.658
    0.695    0.778    0.927    1.151    1.447    1.811    2.239    2.729
    3.267    3.844    4.451    5.077    5.693    6.288    6.801
CT2030:345           -4.633   -3.859   -3.066   -2.291   -1.571   -0.964
   -0.467   -0.087    0.178    0.329    0.399    0.415    0.404    0.396
    0.421    0.497    0.644    0.873    1.179    1.560    2.011    2.528
    3.095    3.702    4.337    4.989    5.627    6.242    6.769
CT2030:340           -4.658   -3.884   -3.098   -2.336   -1.634   -1.051
   -0.581   -0.229    0.007    0.133    0.181    0.179    0.154    0.136
    0.155    0.229    0.377    0.615    0.934    1.335    1.811    2.359
    2.960    3.603    4.273    4.957    5.625    6.267    6.816
CT2030:335           -4.770   -3.982   -3.196   -2.439   -1.751   -1.189
   -0.742   -0.415   -0.201   -0.094   -0.062   -0.075   -0.109   -0.134
   -0.120   -0.050    0.096    0.335    0.660    1.070    1.560    2.124
    2.742    3.401    4.086    4.779    5.448    6.087    6.621
CT2030:330           -4.759   -3.983   -3.218   -2.484   -1.823   -1.290
   -0.871   -0.569   -0.376   -0.285   -0.262   -0.282   -0.319   -0.345
   -0.332   -0.263   -0.115    0.126    0.457    0.876    1.379    1.961
    2.600    3.281    3.988    4.702    5.392    6.050    6.599
CT2030:325           -4.861   -4.082   -3.326   -2.605   -1.962   -1.448
   -1.048   -0.761   -0.580   -0.495   -0.474   -0.492   -0.526   -0.547
   -0.531   -0.459   -0.310   -0.066    0.267    0.691    1.200    1.791
    2.442    3.135    3.854    4.580    5.278    5.941    6.489
CT2030:320           -4.880   -4.120   -3.387   -2.692   -2.075   -1.585
   -1.206   -0.936   -0.765   -0.685   -0.662   -0.675   -0.702   -0.715
   -0.692   -0.614   -0.460   -0.214    0.122    0.550    1.065    1.664
    2.325    3.031    3.765    4.506    5.220    5.899    6.461
CT2030:315           -4.866   -4.131   -3.427   -2.761   -2.172   -1.708
   -1.349   -1.093   -0.931   -0.852   -0.827   -0.833   -0.849   -0.851
   -0.816   -0.728   -0.566   -0.312    0.032    0.467    0.991    1.602
    2.278    3.004    3.761    4.531    5.277    5.993    6.599
CT2030:310           -4.910   -4.197   -3.518   -2.877   -2.314   -1.871
   -1.529   -1.286   -1.130   -1.051   -1.022   -1.020   -1.025   -1.015
   -0.968   -0.869   -0.697   -0.436   -0.087    0.353    0.881    1.498
    2.180    2.913    3.680    4.462    5.221    5.949    6.568
CT2030:305           -4.995   -4.298   -3.638   -3.018   -2.476   -2.051
   -1.723   -1.490   -1.339   -1.261   -1.227   -1.217   -1.212   -1.189
   -1.128   -1.015   -0.831   -0.558   -0.199    0.249    0.785    1.409
    2.099    2.842    3.620    4.415    5.188    5.932    6.567
CT2030:300           -5.056   -4.381   -3.747   -3.152   -2.634   -2.229
   -1.919   -1.698   -1.556   -1.481   -1.446   -1.431   -1.418   -1.384
   -1.310   -1.182   -0.982   -0.695   -0.323    0.136    0.681    1.313
    2.011    2.762    3.549    4.355    5.139    5.894    6.539
CT2030:295           -5.215   -4.547   -3.925   -3.344   -2.840   -2.450
   -2.152   -1.941   -1.806   -1.735   -1.700   -1.682   -1.662   -1.617
   -1.529   -1.385   -1.169   -0.866   -0.479   -0.008    0.548    1.186
    1.890    2.645    3.435    4.242    5.026    5.777    6.414
CT2030:290           -5.289   -4.643   -4.044   -3.485   -3.002   -2.631
   -2.349   -2.153   -2.029   -1.965   -1.935   -1.918   -1.894   -1.841
   -1.741   -1.581   -1.346   -1.024   -0.619   -0.130    0.441    1.092
    1.807    2.573    3.373    4.190    4.984    5.744    6.389
CT2030:285           -5.378   -4.752   -4.172   -3.631   -3.166   -2.810
   -2.543   -2.358   -2.245   -2.190   -2.165   -2.150   -2.125   -2.066
   -1.955   -1.782   -1.529   -1.187   -0.762   -0.255    0.332    0.998
    1.725    2.502    3.312    4.137    4.938    5.706    6.357
CT2030:280           -5.460   -4.853   -4.290   -3.765   -3.314   -2.970
   -2.713   -2.538   -2.432   -2.384   -2.365   -2.353   -2.329   -2.267
   -2.148   -1.963   -1.695   -1.336   -0.893   -0.367    0.237    0.918
    1.658    2.446    3.266    4.099    4.906    5.680    6.335
CT2030:275           -5.541   -4.952   -4.402   -3.888   -3.445   -3.107
   -2.854   -2.682   -2.580   -2.533   -2.517   -2.508   -2.486   -2.423
   -2.301   -2.109   -1.831   -1.458   -0.998   -0.456    0.164    0.860
    1.614    2.413    3.242    4.083    4.898    5.680    6.344
CT2030:270           -5.628   -5.053   -4.512   -4.003   -3.562   -3.222
   -2.965   -2.787   -2.679   -2.629   -2.611   -2.602   -2.581   -2.521
   -2.400   -2.207   -1.924   -1.543   -1.074   -0.520    0.112    0.818
    1.581    2.386    3.219    4.062    4.879    5.661    6.326
CT2030:265           -5.744   -5.175   -4.632   -4.119   -3.668   -3.314
   -3.040   -2.846   -2.721   -2.658   -2.630   -2.616   -2.594   -2.536
   -2.419   -2.228   -1.947   -1.564   -1.091   -0.530    0.110    0.824
    1.592    2.403    3.241    4.088    4.911    5.700    6.380
CT2030:260           -5.833   -5.274   -4.729   -4.209   -3.744   -3.369
   -3.070   -2.849   -2.698   -2.612   -2.566   -2.542   -2.515   -2.459
   -2.348   -2.166   -1.893   -1.517   -1.049   -0.493    0.143    0.853
    1.616    2.420    3.250    4.090    4.905    5.689    6.366
CT2030:255           -5.973   -5.410   -4.850   -4.311   -3.819   -3.409
   -3.072   -2.810   -2.619   -2.496   -2.421   -2.375   -2.336   -2.275
   -2.168   -1.995   -1.735   -1.374   -0.920   -0.379    0.243    0.939
    1.690    2.481    3.301    4.133    4.945    5.729    6.414
CT2030:250           -6.065   -5.507   -4.937   -4.379   -3.858   -3.409
   -3.026   -2.715   -2.474   -2.305   -2.189   -2.111   -2.050   -1.980
   -1.873   -1.710   -1.467   -1.131   -0.705   -0.194    0.397    1.063
    1.784    2.548    3.343    4.155    4.952    5.724    6.403
CT2030:245           -6.183   -5.625   -5.038   -4.454   -3.897   -3.399
   -2.960   -2.589   -2.286   -2.058   -1.889   -1.766   -1.671   -1.581
   -1.469   -1.313   -1.092   -0.787   -0.402    0.065    0.609    1.229
    1.907    2.634    3.397    4.185    4.964    5.722    6.397
CT2030:240           -6.283   -5.729   -5.125   -4.516   -3.921   -3.371
   -2.872   -2.433   -2.061   -1.764   -1.531   -1.352   -1.212   -1.093
   -0.969   -0.819   -0.621   -0.356   -0.022    0.387    0.869    1.430
    2.054    2.733    3.456    4.215    4.973    5.716    6.385
CT2030:235           -6.356   -5.813   -5.198   -4.568   -3.936   -3.335
   -2.774   -2.267   -1.820   -1.449   -1.144   -0.901   -0.709   -0.554
   -0.415   -0.270   -0.097    0.122    0.396    0.736    1.146    1.635
    2.195    2.818    3.496    4.221    4.953    5.674    6.330
CT2030:230           -6.469   -5.931   -5.301   -4.647   -3.977   -3.323
   -2.700   -2.121   -1.599   -1.150   -0.771   -0.460   -0.211   -0.017
    0.141    0.284    0.431    0.604    0.817    1.086    1.421    1.839
    2.335    2.906    3.541    4.237    4.951    5.659    6.311
CT2030:225           -6.483   -5.972   -5.346   -4.685   -3.991   -3.298
   -2.624   -1.986   -1.398   -0.880   -0.433   -0.061    0.240    0.470
    0.646    0.787    0.910    1.039    1.196    1.399    1.666    2.020
    2.460    2.985    3.587    4.263    4.966    5.669    6.325
CT2030:220           -6.610   -6.110   -5.478   -4.803   -4.085   -3.355
   -2.635   -1.944   -1.299   -0.722   -0.218    0.206    0.550    0.811
    1.001    1.141    1.246    1.341    1.451    1.602    1.816    2.119
    2.516    3.007    3.584    4.245    4.939    5.639    6.296
CT2030:215           -6.613   -6.149   -5.536   -4.871   -4.151   -3.406
   -2.664   -1.944   -1.265   -0.652   -0.114    0.342    0.713    0.993
    1.193    1.332    1.427    1.503    1.588    1.711    1.897    2.179
    2.559    3.042    3.618    4.289    5.001    5.722    6.410
CT2030:210           -6.750   -6.306   -5.703   -5.044   -4.323   -3.572
   -2.820   -2.088   -1.395   -0.767   -0.215    0.253    0.634    0.920
    1.124    1.264    1.357    1.429    1.510    1.628    1.811    2.091
    2.474    2.962    3.546    4.226    4.948    5.679    6.374
CT2030:205           -6.836   -6.423   -5.845   -5.208   -4.507   -3.771
   -3.034   -2.315   -1.636   -1.022   -0.482   -0.026    0.346    0.627
    0.830    0.975    1.078    1.166    1.268    1.412    1.624    1.937
    2.353    2.875    3.493    4.207    4.961    5.724    6.450
CT2030:200           -6.979   -6.594   -6.043   -5.433   -4.761   -4.056
   -3.352   -2.669   -2.027   -1.450   -0.946   -0.521   -0.175    0.090
    0.288    0.440    0.563    0.683    0.827    1.020    1.286    1.653
    2.123    2.694    3.356    4.106    4.890    5.676    6.416
CT2030:195           -7.150   -6.789   -6.268   -5.691   -5.056   -4.397
   -3.743   -3.114   -2.529   -2.009   -1.560   -1.182   -0.873   -0.632
   -0.440   -0.279   -0.127    0.040    0.246    0.511    0.855    1.302
    1.848    2.489    3.213    4.014    4.838    5.659    6.420
CT2030:190           -7.289   -6.962   -6.481   -5.949   -5.366   -4.766
   -4.177   -3.620   -3.108   -2.661   -2.279   -1.961   -1.700   -1.488
   -1.306   -1.132   -0.946   -0.722   -0.443   -0.092    0.346    0.888
    1.524    2.248    3.043    3.899    4.765    5.619    6.396
CT2030:185           -7.507   -7.198   -6.749   -6.255   -5.720   -5.180
   -4.660   -4.177   -3.743   -3.374   -3.065   -2.810   -2.599   -2.419
   -2.247   -2.061   -1.838   -1.553   -1.193   -0.747   -0.206    0.441
    1.177    1.989    2.860    3.773    4.679    5.564    6.350
CT2030:180           -7.633   -7.359   -6.955   -6.511   -6.034   -5.561
   -5.116   -4.711   -4.359   -4.069   -3.834   -3.644   -3.485   -3.338
   -3.177   -2.980   -2.720   -2.373   -1.931   -1.387   -0.739    0.016
    0.854    1.758    2.707    3.679    4.629    5.545    6.344
CT2030:175           -7.836   -7.579   -7.204   -6.797   -6.366   -5.951
   -5.568   -5.231   -4.949   -4.728   -4.558   -4.425   -4.312   -4.195
   -4.044   -3.836   -3.541   -3.134   -2.614   -1.978   -1.228   -0.370
    0.565    1.554    2.575    3.598    4.583    5.526    6.331
CT2030:170           -7.941   -7.714   -7.378   -7.012   -6.629   -6.266
   -5.940   -5.662   -5.439   -5.276   -5.158   -5.072   -4.997   -4.903
   -4.760   -4.542   -4.215   -3.756   -3.166   -2.447   -1.608   -0.661
    0.357    1.419    2.499    3.566    4.580    5.542    6.350
CT2030:165           -8.089   -7.876   -7.563   -7.224   -6.872   -6.544
   -6.255   -6.015   -5.828   -5.701   -5.616   -5.557   -5.503   -5.422
   -5.278   -5.046   -4.690   -4.185   -3.538   -2.754   -1.845   -0.830
    0.251    1.367    2.491    3.587    4.621    5.596    6.407
CT2030:160           -8.163   -7.972   -7.682   -7.368   -7.040   -6.736
   -6.469   -6.248   -6.079   -5.964   -5.890   -5.838   -5.786   -5.701
   -5.546   -5.295   -4.913   -4.374   -3.688   -2.861   -1.910   -0.855
    0.259    1.401    2.543    3.648    4.684    5.657    6.458
CT2030:155           -8.237   -8.056   -7.778   -7.474   -7.156   -6.858
   -6.592   -6.368   -6.192   -6.065   -5.974   -5.902   -5.828   -5.718
   -5.538   -5.262   -4.854   -4.291   -3.583   -2.739   -1.775   -0.713
    0.404    1.544    2.681    3.777    4.802    5.763    6.551
CT2030:150           -8.277   -8.105   -7.833   -7.532   -7.213   -6.905
   -6.624   -6.378   -6.173   -6.010   -5.877   -5.761   -5.642   -5.487
   -5.266   -4.956   -4.524   -3.948   -3.239   -2.403   -1.457   -0.421
    0.665    1.773    2.877    3.942    4.937    5.871    6.634
CT2030:145           -8.275   -8.109   -7.836   -7.531   -7.200   -6.872
   -6.562   -6.277   -6.025   -5.806   -5.611   -5.429   -5.242   -5.025
   -4.751   -4.399   -3.943   -3.364   -2.669   -1.864   -0.962    0.020
    1.049    2.100    3.149    4.166    5.119    6.015    6.747
CT2030:140           -8.277   -8.108   -7.825   -7.504   -7.150   -6.788
   -6.435   -6.100   -5.785   -5.496   -5.223   -4.960   -4.692   -4.400
   -4.064   -3.667   -3.188   -2.612   -1.943   -1.185   -0.346    0.562
    1.513    2.487    3.464    4.417    5.316    6.162    6.857
CT2030:135           -8.243   -8.069   -7.769   -7.428   -7.046   -6.644
   -6.243   -5.849   -5.467   -5.100   -4.744   -4.393   -4.040   -3.670
   -3.270   -2.828   -2.328   -1.760   -1.124   -0.421    0.345    1.169
    2.030    2.915    3.807    4.684    5.516    6.301    6.947
CT2030:130           -8.208   -8.019   -7.696   -7.327   -6.908   -6.462
   -6.007   -5.551   -5.099   -4.654   -4.216   -3.781   -3.345   -2.901
   -2.440   -1.957   -1.439   -0.879   -0.276    0.374    1.069    1.808
    2.581    3.377    4.184    4.986    5.751    6.476    7.076
CT2030:125           -8.147   -7.941   -7.592   -7.192   -6.735   -6.242
   -5.734   -5.219   -4.701   -4.185   -3.672   -3.163   -2.655   -2.148
   -1.638   -1.121   -0.590   -0.039    0.534    1.135    1.765    2.427
    3.116    3.825    4.548    5.268    5.960    6.617    7.160
CT2030:120           -8.077   -7.848   -7.468   -7.033   -6.536   -5.997
   -5.437   -4.866   -4.288   -3.709   -3.133   -2.562   -1.997   -1.441
   -0.893   -0.350    0.190    0.732    1.281    1.843    2.421    3.020
    3.639    4.275    4.924    5.575    6.202    6.801    7.297
CT2030:115           -8.015   -7.754   -7.338   -6.864   -6.325   -5.739
   -5.130   -4.507   -3.877   -3.245   -2.617   -1.997   -1.390   -0.798
   -0.225    0.332    0.876    1.408    1.937    2.467    3.004    3.551
    4.111    4.683    5.264    5.848    6.412    6.949    7.391
CT2030:110           -7.916   -7.626   -7.176   -6.666   -6.087   -5.458
   -4.806   -4.137   -3.462   -2.787   -2.118   -1.463   -0.825   -0.210
    0.378    0.941    1.483    2.005    2.516    3.021    3.525    4.032
    4.546    5.068    5.596    6.125    6.637    7.124    7.524
CT2030:105           -7.856   -7.525   -7.032   -6.479   -5.857   -5.186
   -4.490   -3.780   -3.065   -2.352   -1.651   -0.967   -0.307    0.321
    0.916    1.480    2.015    2.524    3.016    3.498    3.973    4.445
    4.920    5.398    5.878    6.358    6.820    7.258    7.613
CT2030:100           -7.735   -7.371   -6.843   -6.255   -5.596   -4.888
   -4.157   -3.413   -2.666   -1.924   -1.198   -0.494    0.180    0.817
    1.414    1.974    2.499    2.993    3.466    3.924    4.373    4.816
    5.258    5.701    6.146    6.587    7.011    7.411    7.731
CT2030:095           -7.623   -7.222   -6.656   -6.030   -5.335   -4.593
   -3.830   -3.057   -2.283   -1.519   -0.774   -0.057    0.627    1.268
    1.863    2.416    2.930    3.408    3.861    4.296    4.718    5.133
    5.546    5.958    6.370    6.779    7.169    7.536    7.823
CT2030:090           -7.488   -7.052   -6.452   -5.793   -5.066   -4.294
   -3.504   -2.708   -1.915   -1.137   -0.382    0.342    1.029    1.669
    2.260    2.807    3.310    3.773    4.207    4.621    5.019    5.409
    5.795    6.182    6.569    6.953    7.317    7.658    7.919
CT2030:085           -7.402   -6.923   -6.283   -5.585   -4.824   -4.023
   -3.210   -2.394   -1.588   -0.803   -0.046    0.677    1.360    1.994
    2.579    3.118    3.611    4.061    4.478    4.871    5.245    5.608
    5.967    6.326    6.685    7.038    7.371    7.677    7.897
CT2030:080           -7.260   -6.746   -6.073   -5.345   -4.556   -3.734
   -2.903   -2.078   -1.269   -0.487    0.262    0.974    1.646    2.271
    2.848    3.380    3.867    4.309    4.716    5.095    5.453    5.797
    6.137    6.478    6.820    7.158    7.475    7.765    7.969
CT2030:075           -7.224   -6.657   -5.941   -5.172   -4.349   -3.502
   -2.655   -1.821   -1.012   -0.240    0.495    1.190    1.845    2.455
    3.021    3.546    4.027    4.463    4.862    5.227    5.568    5.890
    6.206    6.521    6.837    7.146    7.429    7.682    7.838
CT2030:070           -7.084   -6.483   -5.735   -4.939   -4.093   -3.230
   -2.375   -1.542   -0.743    0.012    0.725    1.395    2.027    2.620
    3.175    3.694    4.173    4.608    5.004    5.364    5.694    6.005
    6.308    6.610    6.915    7.215    7.489    7.734    7.880
CT2030:065           -6.933   -6.301   -5.526   -4.705   -3.839   -2.964
   -2.104   -1.275   -0.488    0.247    0.934    1.578    2.187    2.761
    3.304    3.817    4.295    4.728    5.121    5.475    5.797    6.096
    6.388    6.679    6.974    7.267    7.535    7.774    7.916
CT2030:060           -6.802   -6.137   -5.335   -4.488   -3.602   -2.714
   -1.849   -1.023   -0.247    0.469    1.133    1.754    2.340    2.897
    3.428    3.934    4.406    4.835    5.221    5.566    5.877    6.162
    6.440    6.720    7.004    7.289    7.552    7.787    7.925
CT2030:055           -6.547   -5.873   -5.060   -4.203   -3.308   -2.416
   -1.551   -0.731    0.032    0.730    1.375    1.975    2.542    3.084
    3.604    4.100    4.565    4.985    5.362    5.697    5.996    6.271
    6.541    6.816    7.102    7.395    7.673    7.928    8.097
CT2030:050           -6.429   -5.724   -4.885   -4.005   -3.091   -2.186
   -1.313   -0.491    0.270    0.960    1.594    2.181    2.735    3.264
    3.770    4.253    4.702    5.105    5.463    5.777    6.054    6.309
    6.561    6.821    7.095    7.381    7.654    7.907    8.078
CT2030:045           -6.216   -5.502   -4.652   -3.762   -2.839   -1.926
   -1.050   -0.226    0.533    1.219    1.846    2.424    2.967    3.482
    3.972    4.436    4.864    5.244    5.578    5.867    6.122    6.356
    6.591    6.839    7.104    7.388    7.665    7.925    8.110
CT2030:040           -6.110   -5.369   -4.498   -3.587   -2.646   -1.720
   -0.832   -0.001    0.764    1.452    2.077    2.650    3.184    3.685
    4.156    4.597    4.998    5.350    5.655    5.916    6.146    6.358
    6.575    6.807    7.062    7.340    7.615    7.876    8.068
CT2030:035           -5.981   -5.224   -4.337   -3.412   -2.460   -1.524
   -0.628    0.210    0.978    1.667    2.290    2.856    3.377    3.859
    4.306    4.718    5.089    5.410    5.685    5.919    6.124    6.316
    6.515    6.732    6.974    7.242    7.511    7.766    7.955
CT2030:030           -5.888   -5.110   -4.206   -3.266   -2.301   -1.356
   -0.453    0.389    1.160    1.847    2.463    3.018    3.522    3.981
    4.400    4.782    5.122    5.414    5.664    5.879    6.068    6.248
    6.439    6.650    6.889    7.158    7.431    7.693    7.894
CT2030:025           -5.830   -5.029   -4.109   -3.156   -2.180   -1.229
   -0.323    0.519    1.285    1.964    2.566    3.102    3.582    4.011
    4.399    4.749    5.059    5.327    5.559    5.760    5.940    6.115
    6.302    6.511    6.748    7.015    7.287    7.550    7.753
CT2030:020           -5.754   -4.939   -4.009   -3.049   -2.071   -1.122
   -0.222    0.610    1.362    2.022    2.601    3.108    3.556    3.951
    4.305    4.625    4.911    5.162    5.384    5.583    5.767    5.949
    6.144    6.363    6.610    6.888    7.174    7.451    7.672
CT2030:015           -5.723   -4.890   -3.952   -2.987   -2.009   -1.067
   -0.180    0.634    1.363    1.993    2.539    3.010    3.420    3.777
    4.097    4.388    4.655    4.896    5.117    5.322    5.517    5.714
    5.924    6.157    6.417    6.706    7.003    7.290    7.521
CT2030:010           -5.668   -4.828   -3.890   -2.929   -1.961   -1.037
   -0.174    0.611    1.305    1.896    2.399    2.826    3.193    3.511
    3.798    4.066    4.319    4.558    4.787    5.008    5.225    5.446
    5.682    5.940    6.223    6.536    6.856    7.167    7.422
CT2030:005           -5.600   -4.763   -3.834   -2.886   -1.938   -1.040
   -0.210    0.535    1.185    1.727    2.181    2.559    2.880    3.160
    3.417    3.664    3.908    4.151    4.392    4.634    4.876    5.127
    5.392    5.678    5.989    6.326    6.668    7.001    7.276
CT2031:360           -5.569   -4.732   -3.812   -2.879   -1.953   -1.087
   -0.295    0.405    1.006    1.497    1.899    2.228    2.505    2.748
    2.979    3.211    3.451    3.701    3.960    4.225    4.498    4.782
    5.082    5.403    5.748    6.118    6.492    6.856    7.161
