CT2043:360           -6.560   -6.251   -5.878   -5.491   -5.100   -4.732
   -4.396   -4.098   -3.839   -3.622   -3.434   -3.263   -3.094   -2.904
   -2.677   -2.396   -2.043   -1.606   -1.090   -0.498    0.163    0.886
    1.651    2.441    3.242    4.031    4.774    5.469    6.017
CT2043:355           -6.594   -6.306   -5.952   -5.584   -5.212   -4.864
   -4.549   -4.272   -4.039   -3.849   -3.689   -3.548   -3.406   -3.242
   -3.033   -2.763   -2.411   -1.963   -1.426   -0.804   -0.106    0.659
    1.465    2.296    3.133    3.950    4.714    5.425    5.978
CT2043:350           -6.644   -6.366   -6.022   -5.664   -5.301   -4.964
   -4.662   -4.400   -4.184   -4.014   -3.876   -3.757   -3.637   -3.492
   -3.296   -3.033   -2.680   -2.222   -1.668   -1.022   -0.295    0.501
    1.340    2.202    3.067    3.909    4.692    5.419    5.979
CT2043:345           -6.719   -6.439   -6.094   -5.734   -5.371   -5.036
   -4.737   -4.482   -4.274   -4.115   -3.990   -3.883   -3.776   -3.640
   -3.452   -3.192   -2.837   -2.374   -1.810   -1.151   -0.410    0.402
    1.256    2.131    3.007    3.855    4.641    5.367    5.919
CT2043:340           -6.745   -6.464   -6.115   -5.751   -5.384   -5.045
   -4.743   -4.487   -4.280   -4.122   -3.999   -3.894   -3.788   -3.652
   -3.462   -3.200   -2.842   -2.376   -1.810   -1.150   -0.407    0.406
    1.261    2.137    3.016    3.865    4.653    5.380    5.930
CT2043:335           -6.852   -6.548   -6.175   -5.788   -5.399   -5.040
   -4.720   -4.448   -4.225   -4.054   -3.917   -3.799   -3.679   -3.530
   -3.330   -3.059   -2.699   -2.235   -1.678   -1.031   -0.305    0.489
    1.325    2.184    3.047    3.884    4.660    5.376    5.916
CT2043:330           -6.855   -6.540   -6.151   -5.746   -5.337   -4.956
   -4.613   -4.317   -4.070   -3.874   -3.711   -3.566   -3.420   -3.248
   -3.028   -2.747   -2.385   -1.932   -1.394   -0.776   -0.085    0.672
    1.472    2.298    3.132    3.947    4.705    5.406    5.936
CT2043:325           -6.940   -6.591   -6.166   -5.723   -5.275   -4.855
   -4.473   -4.137   -3.849   -3.609   -3.403   -3.215   -3.028   -2.821
   -2.576   -2.280   -1.919   -1.483   -0.977   -0.403    0.237    0.940
    1.687    2.467    3.261    4.045    4.781    5.464    5.986
CT2043:320           -6.923   -6.556   -6.104   -5.630   -5.147   -4.688
   -4.262   -3.878   -3.540   -3.247   -2.987   -2.745   -2.509   -2.261
   -1.987   -1.678   -1.323   -0.914   -0.453    0.064    0.636    1.268
    1.948    2.666    3.408    4.150    4.853    5.509    6.014
CT2043:315           -6.908   -6.516   -6.030   -5.519   -4.994   -4.485
   -4.006   -3.565   -3.165   -2.808   -2.483   -2.179   -1.887   -1.593
   -1.290   -0.970   -0.626   -0.251    0.158    0.608    1.105    1.659
    2.265    2.917    3.602    4.301    4.973    5.605    6.101
CT2043:310           -6.877   -6.462   -5.942   -5.393   -4.822   -4.261
   -3.723   -3.218   -2.750   -2.323   -1.928   -1.559   -1.210   -0.873
   -0.545   -0.219    0.108    0.442    0.792    1.169    1.584    2.054
    2.579    3.158    3.779    4.427    5.058    5.656    6.131
CT2043:305           -6.758   -6.334   -5.790   -5.210   -4.599   -3.988
   -3.393   -2.825   -2.289   -1.792   -1.329   -0.898   -0.496   -0.122
    0.226    0.552    0.857    1.150    1.442    1.749    2.088    2.481
    2.934    3.448    4.015    4.625    5.229    5.810    6.288
CT2043:300           -6.718   -6.269   -5.690   -5.070   -4.412   -3.746
   -3.091   -2.457   -1.853   -1.288   -0.761   -0.273    0.175    0.578
    0.937    1.256    1.536    1.785    2.021    2.262    2.529    2.848
    3.230    3.679    4.187    4.748    5.313    5.861    6.317
CT2043:295           -6.609   -6.151   -5.549   -4.899   -4.203   -3.491
   -2.784   -2.094   -1.431   -0.807   -0.227    0.307    0.789    1.212
    1.575    1.883    2.137    2.348    2.536    2.723    2.933    3.195
    3.522    3.920    4.385    4.913    5.454    5.986    6.442
CT2043:290           -6.563   -6.083   -5.452   -4.769   -4.034   -3.278
   -2.523   -1.782   -1.069   -0.399    0.223    0.789    1.295    1.728
    2.089    2.383    2.614    2.792    2.941    3.086    3.250    3.465
    3.746    4.100    4.524    5.014    5.525    6.030    6.468
CT2043:285           -6.485   -5.995   -5.344   -4.639   -3.876   -3.087
   -2.298   -1.522   -0.775   -0.073    0.574    1.160    1.677    2.113
    2.468    2.751    2.964    3.119    3.244    3.361    3.496    3.682
    3.933    4.258    4.654    5.121    5.613    6.103    6.537
CT2043:280           -6.440   -5.935   -5.266   -4.539   -3.755   -2.942
   -2.129   -1.332   -0.565    0.152    0.810    1.402    1.921    2.355
    2.704    2.979    3.182    3.326    3.438    3.541    3.662    3.830
    4.062    4.366    4.740    5.187    5.659    6.132    6.553
CT2043:275           -6.336   -5.832   -5.159   -4.428   -3.637   -2.818
   -1.999   -1.198   -0.431    0.283    0.937    1.523    2.037    2.465
    2.812    3.085    3.288    3.434    3.548    3.653    3.773    3.940
    4.168    4.466    4.834    5.274    5.743    6.215    6.644
CT2043:270           -6.295   -5.785   -5.106   -4.371   -3.578   -2.759
   -1.946   -1.153   -0.398    0.301    0.939    1.512    2.014    2.438
    2.784    3.063    3.275    3.432    3.559    3.675    3.804    3.976
    4.206    4.502    4.866    5.298    5.760    6.225    6.649
CT2043:265           -6.225   -5.718   -5.047   -4.320   -3.537   -2.734
   -1.940   -1.171   -0.442    0.231    0.844    1.396    1.884    2.302
    2.653    2.942    3.171    3.349    3.496    3.633    3.779    3.964
    4.203    4.504    4.868    5.299    5.757    6.219    6.639
CT2043:260           -6.188   -5.683   -5.018   -4.302   -3.535   -2.755
   -1.988   -1.251   -0.556    0.083    0.666    1.195    1.669    2.083
    2.440    2.745    2.997    3.202    3.377    3.540    3.711    3.915
    4.168    4.480    4.851    5.286    5.747    6.210    6.633
CT2043:255           -6.192   -5.685   -5.028   -4.325   -3.577   -2.825
   -2.090   -1.390   -0.733   -0.132    0.420    0.924    1.383    1.794
    2.159    2.481    2.757    2.991    3.196    3.387    3.583    3.808
    4.077    4.399    4.777    5.213    5.672    6.131    6.546
CT2043:250           -6.158   -5.657   -5.017   -4.334   -3.615   -2.896
   -2.201   -1.542   -0.928   -0.364    0.154    0.633    1.078    1.486
    1.858    2.196    2.497    2.759    2.995    3.218    3.443    3.694
    3.984    4.325    4.718    5.166    5.635    6.104    6.527
CT2043:245           -6.175   -5.672   -5.043   -4.378   -3.684   -2.999
   -2.341   -1.721   -1.146   -0.619   -0.130    0.326    0.756    1.159
    1.536    1.887    2.207    2.494    2.758    3.009    3.262    3.537
    3.848    4.206    4.612    5.068    5.543    6.014    6.436
CT2043:240           -6.140   -5.646   -5.037   -4.396   -3.733   -3.084
   -2.465   -1.885   -1.347   -0.854   -0.394    0.041    0.455    0.851
    1.228    1.586    1.920    2.227    2.515    2.793    3.074    3.375
    3.712    4.091    4.517    4.991    5.481    5.968    6.404
CT2043:235           -6.129   -5.640   -5.047   -4.427   -3.791   -3.175
   -2.590   -2.045   -1.540   -1.076   -0.642   -0.228    0.170    0.554
    0.926    1.283    1.621    1.940    2.244    2.542    2.844    3.166
    3.522    3.918    4.356    4.838    5.332    5.820    6.250
CT2043:230           -6.090   -5.608   -5.033   -4.434   -3.824   -3.238
   -2.684   -2.170   -1.694   -1.256   -0.844   -0.451   -0.071    0.299
    0.659    1.009    1.346    1.671    1.987    2.301    2.624    2.971
    3.350    3.770    4.231    4.735    5.250    5.757    6.205
CT2043:225           -6.066   -5.589   -5.027   -4.445   -3.857   -3.295
   -2.767   -2.277   -1.826   -1.411   -1.021   -0.649   -0.289    0.061
    0.403    0.737    1.064    1.384    1.703    2.025    2.361    2.724
    3.120    3.555    4.030    4.542    5.062    5.571    6.013
CT2043:220           -6.019   -5.546   -4.995   -4.427   -3.855   -3.313
   -2.806   -2.337   -1.907   -1.512   -1.143   -0.793   -0.457   -0.130
    0.189    0.503    0.814    1.126    1.443    1.772    2.121    2.502
    2.920    3.380    3.879    4.416    4.960    5.492    5.957
CT2043:215           -5.993   -5.517   -4.970   -4.408   -3.847   -3.317
   -2.824   -2.371   -1.958   -1.583   -1.235   -0.909   -0.599   -0.301
   -0.011    0.277    0.566    0.862    1.171    1.499    1.855    2.250
    2.686    3.164    3.683    4.239    4.799    5.346    5.819
CT2043:210           -5.938   -5.460   -4.915   -4.357   -3.802   -3.282
   -2.800   -2.361   -1.964   -1.608   -1.283   -0.984   -0.704   -0.438
   -0.181    0.076    0.338    0.614    0.912    1.238    1.600    2.009
    2.465    2.967    3.511    4.093    4.680    5.253    5.752
CT2043:205           -5.895   -5.408   -4.858   -4.297   -3.742   -3.224
   -2.748   -2.319   -1.935   -1.599   -1.299   -1.029   -0.782   -0.552
   -0.332   -0.110    0.122    0.375    0.659    0.980    1.346    1.768
    2.243    2.769    3.340    3.952    4.568    5.170    5.697
CT2043:200           -5.830   -5.335   -4.779   -4.214   -3.656   -3.139
   -2.667   -2.247   -1.877   -1.562   -1.288   -1.050   -0.841   -0.651
   -0.471   -0.288   -0.090    0.138    0.404    0.717    1.086    1.519
    2.012    2.560    3.157    3.796    4.440    5.070    5.623
CT2043:195           -5.754   -5.248   -4.684   -4.111   -3.547   -3.027
   -2.558   -2.145   -1.789   -1.495   -1.250   -1.047   -0.877   -0.730
   -0.593   -0.450   -0.287   -0.086    0.163    0.468    0.839    1.284
    1.795    2.368    2.994    3.664    4.340    5.003    5.590
CT2043:190           -5.681   -5.161   -4.584   -4.000   -3.427   -2.903
   -2.434   -2.027   -1.686   -1.414   -1.199   -1.033   -0.903   -0.801
   -0.708   -0.607   -0.479   -0.306   -0.076    0.220    0.590    1.044
    1.571    2.165    2.814    3.511    4.213    4.903    5.515
CT2043:185           -5.555   -5.030   -4.446   -3.854   -3.275   -2.749
   -2.281   -1.883   -1.557   -1.309   -1.125   -0.996   -0.910   -0.852
   -0.803   -0.743   -0.650   -0.504   -0.293   -0.006    0.363    0.825
    1.367    1.980    2.653    3.376    4.107    4.825    5.466
CT2043:180           -5.476   -4.932   -4.332   -3.725   -3.133   -2.599
   -2.130   -1.736   -1.423   -1.197   -1.043   -0.950   -0.903   -0.889
   -0.881   -0.860   -0.802   -0.681   -0.488   -0.212    0.154    0.621
    1.173    1.802    2.493    3.238    3.992    4.733    5.396
CT2043:175           -5.324   -4.776   -4.168   -3.555   -2.956   -2.419
   -1.951   -1.564   -1.265   -1.061   -0.936   -0.877   -0.869   -0.894
   -0.927   -0.942   -0.915   -0.820   -0.646   -0.382   -0.021    0.447
    1.006    1.646    2.353    3.117    3.891    4.653    5.338
CT2043:170           -5.241   -4.673   -4.046   -3.414   -2.801   -2.254
   -1.782   -1.397   -1.107   -0.919   -0.817   -0.787   -0.811   -0.871
   -0.937   -0.985   -0.987   -0.916   -0.761   -0.512   -0.160    0.305
    0.865    1.511    2.228    3.005    3.796    4.575    5.278
CT2043:165           -5.136   -4.552   -3.909   -3.263   -2.637   -2.081
   -1.604   -1.220   -0.935   -0.760   -0.676   -0.668   -0.718   -0.806
   -0.902   -0.978   -1.008   -0.962   -0.829   -0.598   -0.261    0.194
    0.750    1.395    2.116    2.902    3.703    4.494    5.211
CT2043:160           -5.054   -4.448   -3.785   -3.121   -2.479   -1.911
   -1.426   -1.037   -0.753   -0.584   -0.511   -0.517   -0.585   -0.694
   -0.813   -0.914   -0.969   -0.948   -0.840   -0.632   -0.314    0.126
    0.671    1.312    2.032    2.824    3.633    4.435    5.164
CT2043:155           -5.017   -4.383   -3.695   -3.008   -2.345   -1.761
   -1.264   -0.866   -0.577   -0.406   -0.335   -0.347   -0.425   -0.548
   -0.685   -0.808   -0.888   -0.895   -0.816   -0.636   -0.345    0.073
    0.600    1.228    1.940    2.727    3.535    4.335    5.063
CT2043:150           -4.940   -4.285   -3.578   -2.872   -2.194   -1.596
   -1.086   -0.678   -0.380   -0.203   -0.128   -0.140   -0.221   -0.353
   -0.503   -0.646   -0.750   -0.786   -0.737   -0.588   -0.325    0.069
    0.577    1.192    1.897    2.682    3.492    4.296    5.030
CT2043:145           -4.897   -4.216   -3.487   -2.760   -2.062   -1.447
   -0.922   -0.500   -0.189   -0.001    0.083    0.078   -0.001   -0.136
   -0.297   -0.457   -0.586   -0.651   -0.635   -0.517   -0.284    0.084
    0.573    1.173    1.868    2.649    3.456    4.260    4.997
CT2043:140           -4.831   -4.133   -3.386   -2.642   -1.929   -1.300
   -0.761   -0.326   -0.001    0.200    0.296    0.299    0.225    0.088
   -0.082   -0.258   -0.411   -0.505   -0.519   -0.433   -0.228    0.116
    0.587    1.173    1.859    2.633    3.437    4.240    4.978
CT2043:135           -4.756   -4.041   -3.279   -2.521   -1.794   -1.152
   -0.600   -0.152    0.185    0.399    0.507    0.520    0.451    0.313
    0.135   -0.056   -0.228   -0.346   -0.386   -0.324   -0.141    0.188
    0.647    1.227    1.909    2.686    3.495    4.305    5.059
CT2043:130           -4.706   -3.976   -3.200   -2.428   -1.689   -1.035
   -0.472   -0.013    0.337    0.562    0.680    0.701    0.636    0.496
    0.310    0.107   -0.083   -0.222   -0.283   -0.240   -0.074    0.240
    0.688    1.258    1.931    2.699    3.500    4.304    5.053
CT2043:125           -4.691   -3.942   -3.150   -2.363   -1.611   -0.946
   -0.372    0.098    0.457    0.692    0.819    0.845    0.783    0.642
    0.450    0.237    0.035   -0.116   -0.190   -0.159   -0.003    0.303
    0.742    1.302    1.966    2.723    3.513    4.305    5.045
CT2043:120           -4.658   -3.899   -3.097   -2.301   -1.541   -0.869
   -0.289    0.187    0.553    0.793    0.924    0.954    0.894    0.753
    0.559    0.343    0.137   -0.019   -0.096   -0.068    0.084    0.385
    0.817    1.370    2.023    2.767    3.544    4.324    5.055
CT2043:115           -4.737   -3.953   -3.131   -2.317   -1.542   -0.859
   -0.269    0.214    0.586    0.833    0.969    1.004    0.948    0.811
    0.621    0.409    0.207    0.055   -0.019    0.009    0.158    0.450
    0.869    1.403    2.032    2.747    3.493    4.241    4.936
CT2043:110           -4.725   -3.935   -3.109   -2.291   -1.514   -0.828
   -0.237    0.248    0.621    0.870    1.010    1.051    1.003    0.877
    0.700    0.503    0.316    0.178    0.115    0.149    0.299    0.586
    0.994    1.512    2.122    2.817    3.544    4.274    4.956
CT2043:105           -4.775   -3.974   -3.139   -2.314   -1.530   -0.841
   -0.246    0.243    0.620    0.873    1.021    1.073    1.041    0.934
    0.782    0.610    0.448    0.331    0.283    0.325    0.474    0.752
    1.143    1.640    2.226    2.898    3.604    4.315    4.985
CT2043:100           -4.787   -3.988   -3.154   -2.330   -1.548   -0.859
   -0.265    0.224    0.604    0.864    1.022    1.090    1.080    1.002
    0.882    0.744    0.614    0.522    0.490    0.538    0.683    0.944
    1.313    1.782    2.340    2.984    3.665    4.354    5.009
CT2043:095           -4.795   -4.001   -3.172   -2.353   -1.574   -0.888
   -0.294    0.197    0.581    0.850    1.023    1.113    1.132    1.091
    1.012    0.916    0.823    0.761    0.748    0.804    0.944    1.191
    1.540    1.987    2.524    3.152    3.826    4.513    5.181
CT2043:090           -4.832   -4.045   -3.223   -2.410   -1.637   -0.953
   -0.360    0.133    0.523    0.804    0.996    1.111    1.163    1.161
    1.124    1.070    1.015    0.981    0.984    1.043    1.174    1.400
    1.720    2.135    2.640    3.240    3.888    4.554    5.207
CT2043:085           -4.900   -4.118   -3.302   -2.495   -1.726   -1.045
   -0.451    0.046    0.444    0.739    0.951    1.093    1.178    1.215
    1.220    1.207    1.189    1.183    1.205    1.270    1.397    1.608
    1.908    2.300    2.782    3.363    3.998    4.654    5.308
CT2043:080           -4.959   -4.191   -3.387   -2.591   -1.832   -1.157
   -0.566   -0.067    0.337    0.644    0.873    1.037    1.149    1.218
    1.259    1.282    1.297    1.318    1.358    1.433    1.559    1.761
    2.044    2.416    2.876    3.436    4.052    4.692    5.333
CT2043:075           -5.045   -4.290   -3.498   -2.713   -1.963   -1.295
   -0.707   -0.209    0.200    0.515    0.756    0.936    1.069    1.162
    1.229    1.281    1.326    1.375    1.439    1.532    1.668    1.872
    2.152    2.516    2.965    3.514    4.121    4.752    5.389
CT2043:070           -5.125   -4.389   -3.615   -2.846   -2.111   -1.453
   -0.873   -0.378    0.030    0.348    0.594    0.782    0.925    1.032
    1.117    1.191    1.261    1.338    1.429    1.546    1.703    1.921
    2.207    2.573    3.019    3.561    4.160    4.783    5.411
CT2043:065           -5.189   -4.478   -3.727   -2.981   -2.264   -1.622
   -1.053   -0.567   -0.164    0.150    0.395    0.583    0.728    0.841
    0.937    1.027    1.120    1.225    1.348    1.498    1.686    1.930
    2.238    2.618    3.073    3.620    4.222    4.847    5.478
CT2043:060           -5.285   -4.598   -3.870   -3.145   -2.448   -1.822
   -1.267   -0.792   -0.399   -0.091    0.148    0.331    0.473    0.586
    0.688    0.791    0.905    1.039    1.196    1.383    1.607    1.883
    2.217    2.617    3.086    3.640    4.244    4.870    5.497
CT2043:055           -5.360   -4.705   -4.006   -3.308   -2.636   -2.031
   -1.495   -1.035   -0.655   -0.359   -0.129    0.047    0.184    0.297
    0.404    0.519    0.653    0.816    1.008    1.233    1.497    1.811
    2.177    2.603    3.093    3.660    4.274    4.907    5.537
CT2043:050           -5.467   -4.840   -4.167   -3.496   -2.848   -2.265
   -1.748   -1.306   -0.940   -0.655   -0.435   -0.266   -0.132   -0.017
    0.097    0.227    0.382    0.573    0.799    1.062    1.365    1.714
    2.113    2.566    3.077    3.660    4.284    4.924    5.555
CT2043:045           -5.539   -4.949   -4.311   -3.672   -3.055   -2.499
   -2.007   -1.585   -1.237   -0.966   -0.755   -0.591   -0.457   -0.338
   -0.212   -0.066    0.112    0.331    0.589    0.886    1.224    1.607
    2.037    2.518    3.052    3.651    4.288    4.938    5.571
CT2043:040           -5.652   -5.092   -4.484   -3.874   -3.285   -2.755
   -2.286   -1.886   -1.555   -1.297   -1.093   -0.931   -0.794   -0.664
   -0.523   -0.358   -0.155    0.092    0.380    0.710    1.079    1.494
    1.953    2.461    3.019    3.638    4.290    4.951    5.588
CT2043:035           -5.730   -5.208   -4.636   -4.061   -3.504   -3.005
   -2.564   -2.188   -1.877   -1.633   -1.438   -1.278   -1.136   -0.995
   -0.837   -0.650   -0.423   -0.149    0.168    0.526    0.924    1.368
    1.854    2.388    2.969    3.607    4.273    4.944    5.581
CT2043:030           -5.910   -5.413   -4.865   -4.314   -3.781   -3.304
   -2.884   -2.526   -2.231   -1.998   -1.808   -1.646   -1.497   -1.341
   -1.163   -0.951   -0.696   -0.392   -0.044    0.347    0.780    1.258
    1.781    2.350    2.965    3.634    4.326    5.019    5.669
CT2043:025           -6.023   -5.556   -5.038   -4.517   -4.014   -3.565
   -3.172   -2.840   -2.567   -2.350   -2.172   -2.015   -1.865   -1.701
   -1.509   -1.279   -1.001   -0.672   -0.295    0.126    0.590    1.102
    1.658    2.259    2.904    3.598    4.310    5.017    5.670
CT2043:020           -6.130   -5.691   -5.203   -4.711   -4.237   -3.817
   -3.452   -3.145   -2.896   -2.699   -2.535   -2.389   -2.243   -2.078
   -1.878   -1.634   -1.337   -0.983   -0.577   -0.123    0.378    0.928
    1.523    2.163    2.845    3.570    4.305    5.031    5.692
CT2043:015           -6.244   -5.830   -5.367   -4.902   -4.454   -4.060
   -3.721   -3.440   -3.214   -3.038   -2.894   -2.763   -2.628   -2.467
   -2.266   -2.015   -1.703   -1.325   -0.890   -0.399    0.143    0.738
    1.379    2.063    2.786    3.545    4.307    5.054    5.722
CT2043:010           -6.339   -5.950   -5.512   -5.072   -4.650   -4.282
   -3.968   -3.712   -3.511   -3.359   -3.237   -3.126   -3.008   -2.860
   -2.665   -2.413   -2.090   -1.692   -1.226   -0.697   -0.110    0.535
    1.226    1.959    2.725    3.520    4.308    5.076    5.751
CT2043:005           -6.468   -6.092   -5.670   -5.246   -4.842   -4.493
   -4.199   -3.964   -3.785   -3.656   -3.556   -3.468   -3.370   -3.239
   -3.055   -2.805   -2.475   -2.057   -1.562   -0.993   -0.358    0.339
    1.084    1.867    2.680    3.511    4.328    5.118    5.801
CT2044:360           -6.544   -6.187   -5.784   -5.379   -4.993   -4.663
   -4.389   -4.174   -4.015   -3.909   -3.832   -3.767   -3.692   -3.580
   -3.409   -3.165   -2.831   -2.396   -1.872   -1.266   -0.585    0.162
    0.957    1.788    2.643    3.508    4.348    5.155    5.840
