CT2014:360           -6.819   -6.605   -6.402   -6.225   -6.104   -6.074
   -6.117   -6.225   -6.380   -6.556   -6.720   -6.846   -6.916   -6.902
   -6.798   -6.603   -6.303   -5.889   -5.364   -4.722   -3.956   -3.054
   -2.034   -0.907    0.306    1.587    2.870    4.128    5.260
CT2014:355           -6.945   -6.754   -6.566   -6.398   -6.280   -6.245
   -6.278   -6.375   -6.518   -6.689   -6.855   -6.996   -7.089   -7.111
   -7.047   -6.893   -6.631   -6.244   -5.737   -5.102   -4.333   -3.418
   -2.378   -1.229    0.009    1.316    2.624    3.905    5.055
CT2014:350           -7.060   -6.888   -6.707   -6.541   -6.417   -6.367
   -6.382   -6.458   -6.584   -6.744   -6.912   -7.067   -7.190   -7.252
   -7.236   -7.129   -6.908   -6.552   -6.062   -5.431   -4.654   -3.721
   -2.657   -1.480   -0.214    1.121    2.457    3.766    4.943
CT2014:345           -7.073   -6.931   -6.764   -6.603   -6.474   -6.409
   -6.402   -6.455   -6.560   -6.710   -6.881   -7.055   -7.211   -7.319
   -7.356   -7.301   -7.124   -6.799   -6.326   -5.697   -4.910   -3.958
   -2.871   -1.670   -0.380    0.977    2.332    3.659    4.855
CT2014:340           -7.163   -7.031   -6.860   -6.689   -6.540   -6.445
   -6.404   -6.423   -6.500   -6.632   -6.802   -6.992   -7.180   -7.334
   -7.423   -7.418   -7.284   -6.986   -6.527   -5.898   -5.100   -4.129
   -3.022   -1.802   -0.496    0.874    2.240    3.579    4.786
CT2014:335           -7.053   -6.962   -6.808   -6.643   -6.485   -6.368
   -6.299   -6.287   -6.336   -6.453   -6.622   -6.827   -7.045   -7.242
   -7.377   -7.417   -7.318   -7.043   -6.592   -5.960   -5.152   -4.168
   -3.047   -1.814   -0.498    0.879    2.254    3.602    4.826
CT2014:330           -7.118   -7.030   -6.863   -6.679   -6.491   -6.334
   -6.220   -6.164   -6.174   -6.263   -6.419   -6.626   -6.860   -7.084
   -7.250   -7.319   -7.244   -6.983   -6.540   -5.910   -5.102   -4.119
   -3.003   -1.779   -0.475    0.889    2.251    3.588    4.807
CT2014:325           -7.021   -6.953   -6.787   -6.596   -6.389   -6.200
   -6.049   -5.952   -5.925   -5.984   -6.121   -6.321   -6.558   -6.791
   -6.970   -7.052   -6.988   -6.738   -6.305   -5.689   -4.899   -3.940
   -2.854   -1.665   -0.396    0.935    2.270    3.585    4.796
CT2014:320           -7.057   -6.988   -6.806   -6.592   -6.350   -6.116
   -5.914   -5.763   -5.682   -5.694   -5.790   -5.956   -6.165   -6.377
   -6.538   -6.607   -6.534   -6.284   -5.861   -5.267   -4.512   -3.599
   -2.566   -1.431   -0.217    1.065    2.359    3.639    4.827
CT2014:315           -7.299   -7.186   -6.959   -6.695   -6.399   -6.104
   -5.836   -5.617   -5.467   -5.412   -5.443   -5.548   -5.699   -5.857
   -5.971   -6.001   -5.904   -5.649   -5.242   -4.686   -3.988   -3.149
   -2.197   -1.145   -0.010    1.202    2.435    3.661    4.810
CT2014:310           -7.312   -7.197   -6.954   -6.668   -6.341   -6.002
   -5.682   -5.404   -5.188   -5.061   -5.016   -5.042   -5.113   -5.192
   -5.235   -5.208   -5.075   -4.812   -4.428   -3.921   -3.298   -2.551
   -1.699   -0.746    0.298    1.431    2.600    3.772    4.885
CT2014:305           -7.451   -7.308   -7.033   -6.713   -6.345   -5.957
   -5.581   -5.238   -4.950   -4.741   -4.606   -4.534   -4.504   -4.484
   -4.438   -4.338   -4.159   -3.887   -3.526   -3.077   -2.538   -1.896
   -1.155   -0.312    0.629    1.676    2.774    3.883    4.955
CT2014:300           -7.448   -7.302   -7.017   -6.683   -6.293   -5.874
   -5.456   -5.062   -4.710   -4.424   -4.200   -4.029   -3.893   -3.768
   -3.625   -3.448   -3.220   -2.935   -2.597   -2.204   -1.748   -1.209
   -0.578    0.157    0.997    1.958    2.983    4.030    5.060
CT2014:295           -7.399   -7.258   -6.972   -6.632   -6.231   -5.792
   -5.346   -4.913   -4.510   -4.157   -3.853   -3.590   -3.355   -3.129
   -2.894   -2.640   -2.361   -2.058   -1.733   -1.383   -0.995   -0.541
   -0.004    0.637    1.389    2.274    3.236    4.229    5.223
CT2014:290           -7.377   -7.236   -6.947   -6.604   -6.197   -5.748
   -5.286   -4.828   -4.390   -3.987   -3.619   -3.282   -2.964   -2.652
   -2.336   -2.014   -1.686   -1.358   -1.034   -0.707   -0.363    0.029
    0.496    1.063    1.742    2.558    3.458    4.395    5.348
CT2014:285           -7.359   -7.215   -6.927   -6.585   -6.181   -5.733
   -5.269   -4.804   -4.351   -3.920   -3.513   -3.125   -2.748   -2.372
   -1.994   -1.615   -1.241   -0.883   -0.543   -0.217    0.111    0.473
    0.898    1.415    2.038    2.796    3.638    4.518    5.419
CT2014:280           -7.317   -7.173   -6.890   -6.556   -6.163   -5.729
   -5.280   -4.826   -4.378   -3.943   -3.521   -3.108   -2.696   -2.279
   -1.857   -1.432   -1.016   -0.620   -0.249    0.102    0.445    0.809
    1.228    1.726    2.322    3.043    3.847    4.688    5.552
CT2014:275           -7.315   -7.162   -6.880   -6.552   -6.173   -5.760
   -5.335   -4.905   -4.478   -4.058   -3.641   -3.223   -2.798   -2.359
   -1.909   -1.452   -0.999   -0.565   -0.153    0.235    0.611    1.001
    1.431    1.929    2.509    3.199    3.961    4.755    5.565
CT2014:270           -7.252   -7.097   -6.823   -6.507   -6.148   -5.764
   -5.372   -4.978   -4.585   -4.192   -3.794   -3.385   -2.960   -2.512
   -2.044   -1.563   -1.079   -0.605   -0.150    0.286    0.710    1.142
    1.607    2.126    2.714    3.397    4.142    4.914    5.695
CT2014:265           -7.168   -7.010   -6.742   -6.438   -6.100   -5.747
   -5.391   -5.035   -4.678   -4.316   -3.941   -3.546   -3.126   -2.674
   -2.195   -1.697   -1.189   -0.686   -0.194    0.284    0.754    1.229
    1.731    2.276    2.879    3.559    4.290    5.041    5.793
CT2014:260           -7.081   -6.914   -6.648   -6.351   -6.028   -5.699
   -5.372   -5.048   -4.723   -4.385   -4.028   -3.642   -3.223   -2.767
   -2.279   -1.770   -1.248   -0.726   -0.211    0.296    0.798    1.309
    1.842    2.414    3.034    3.719    4.445    5.185    5.917
CT2014:255           -6.926   -6.755   -6.491   -6.200   -5.889   -5.578
   -5.272   -4.970   -4.665   -4.342   -3.991   -3.607   -3.184   -2.720
   -2.226   -1.711   -1.187   -0.662   -0.142    0.373    0.889    1.417
    1.971    2.561    3.195    3.887    4.613    5.349    6.068
CT2014:250           -6.810   -6.621   -6.345   -6.045   -5.730   -5.420
   -5.117   -4.818   -4.514   -4.188   -3.830   -3.434   -3.000   -2.526
   -2.027   -1.515   -1.000   -0.490    0.014    0.515    1.021    1.545
    2.100    2.695    3.334    4.028    4.752    5.482    6.188
CT2014:245           -6.708   -6.491   -6.191   -5.869   -5.535   -5.208
   -4.890   -4.575   -4.253   -3.907   -3.529   -3.114   -2.663   -2.181
   -1.683   -1.183   -0.691   -0.213    0.254    0.719    1.192    1.690
    2.225    2.806    3.435    4.119    4.829    5.542    6.219
CT2014:240           -6.562   -6.316   -5.986   -5.635   -5.271   -4.914
   -4.565   -4.218   -3.863   -3.487   -3.080   -2.642   -2.175   -1.688
   -1.199   -0.720   -0.261    0.173    0.591    1.006    1.432    1.892
    2.399    2.960    3.577    4.256    4.962    5.670    6.337
CT2014:235           -6.566   -6.255   -5.866   -5.457   -5.037   -4.624
   -4.220   -3.819   -3.415   -2.994   -2.553   -2.090   -1.611   -1.128
   -0.656   -0.208    0.208    0.588    0.947    1.301    1.668    2.077
    2.541    3.069    3.661    4.321    5.009    5.696    6.333
CT2014:230           -6.395   -6.045   -5.612   -5.156   -4.684   -4.216
   -3.755   -3.299   -2.844   -2.382   -1.911   -1.433   -0.953   -0.485
   -0.042    0.366    0.731    1.054    1.352    1.644    1.954    2.313
    2.736    3.235    3.807    4.458    5.139    5.821    6.448
CT2014:225           -6.389   -5.963   -5.455   -4.924   -4.376   -3.833
   -3.299   -2.776   -2.262   -1.756   -1.257   -0.769   -0.296    0.148
    0.553    0.914    1.225    1.490    1.729    1.964    2.220    2.531
    2.916    3.385    3.938    4.576    5.249    5.924    6.541
CT2014:220           -6.205   -5.733   -5.171   -4.582   -3.972   -3.363
   -2.764   -2.182   -1.618   -1.079   -0.565   -0.080    0.372    0.779
    1.136    1.443    1.697    1.906    2.090    2.274    2.483    2.755
    3.107    3.551    4.086    4.715    5.381    6.049    6.656
CT2014:215           -6.064   -5.536   -4.911   -4.256   -3.578   -2.899
   -2.235   -1.594   -0.985   -0.418    0.105    0.578    1.001    1.364
    1.669    1.919    2.118    2.275    2.414    2.556    2.730    2.973
    3.302    3.729    4.253    4.876    5.539    6.206    6.810
CT2014:210           -5.880   -5.303   -4.622   -3.909   -3.168   -2.427
   -1.704   -1.013   -0.366    0.220    0.742    1.197    1.584    1.898
    2.147    2.341    2.486    2.596    2.695    2.805    2.952    3.173
    3.484    3.897    4.409    5.023    5.678    6.336    6.926
CT2014:205           -5.690   -5.069   -4.335   -3.567   -2.768   -1.970
   -1.196   -0.461    0.217    0.816    1.333    1.765    2.115    2.380
    2.574    2.714    2.811    2.880    2.947    3.031    3.160    3.367
    3.666    4.068    4.569    5.173    5.816    6.461    7.035
CT2014:200           -5.515   -4.848   -4.064   -3.244   -2.392   -1.544
   -0.723    0.048    0.752    1.361    1.872    2.284    2.599    2.820
    2.966    3.058    3.112    3.148    3.189    3.256    3.372    3.571
    3.862    4.255    4.748    5.340    5.970    6.600    7.155
CT2014:195           -5.378   -4.664   -3.831   -2.961   -2.060   -1.167
   -0.307    0.497    1.223    1.841    2.349    2.745    3.034    3.220
    3.326    3.380    3.399    3.407    3.428    3.480    3.587    3.777
    4.060    4.442    4.919    5.492    6.099    6.703    7.228
CT2014:190           -5.221   -4.469   -3.596   -2.686   -1.747   -0.819
    0.071    0.899    1.643    2.270    2.778    3.166    3.439    3.602
    3.683    3.710    3.705    3.694    3.700    3.743    3.842    4.026
    4.300    4.670    5.132    5.685    6.270    6.851    7.351
CT2014:185           -5.054   -4.271   -3.367   -2.427   -1.459   -0.506
    0.405    1.251    2.009    2.645    3.158    3.546    3.817    3.973
    4.044    4.060    4.044    4.024    4.023    4.060    4.155    4.333
    4.600    4.959    5.407    5.944    6.513    7.079    7.569
CT2014:180           -4.921   -4.108   -3.178   -2.214   -1.225   -0.256
    0.669    1.526    2.294    2.940    3.463    3.862    4.142    4.307
    4.384    4.405    4.391    4.370    4.366    4.399    4.485    4.651
    4.900    5.236    5.657    6.164    6.700    7.234    7.692
CT2014:175           -4.731   -3.903   -2.961   -1.988   -0.993   -0.021
    0.906    1.764    2.535    3.189    3.725    4.141    4.443    4.632
    4.734    4.776    4.780    4.772    4.776    4.810    4.893    5.049
    5.283    5.601    6.001    6.487    7.006    7.526    7.982
CT2014:170           -4.621   -3.773   -2.818   -1.836   -0.837    0.134
    1.056    1.912    2.682    3.343    3.894    4.335    4.668    4.894
    5.034    5.113    5.148    5.161    5.177    5.213    5.288    5.425
    5.633    5.918    6.280    6.725    7.204    7.685    8.107
CT2014:165           -4.488   -3.629   -2.671   -1.689   -0.697    0.262
    1.172    2.016    2.779    3.443    4.009    4.476    4.848    5.121
    5.312    5.441    5.519    5.566    5.601    5.645    5.714    5.833
    6.014    6.267    6.592    6.999    7.443    7.892    8.290
CT2014:160           -4.397   -3.526   -2.565   -1.585   -0.601    0.343
    1.235    2.062    2.816    3.479    4.059    4.555    4.968    5.296
    5.546    5.733    5.864    5.949    6.010    6.062    6.125    6.224
    6.374    6.589    6.873    7.237    7.639    8.047    8.411
CT2014:155           -4.316   -3.436   -2.476   -1.502   -0.530    0.395
    1.267    2.074    2.813    3.475    4.067    4.590    5.047    5.430
    5.743    5.993    6.178    6.305    6.391    6.453    6.509    6.586
    6.704    6.880    7.120    7.438    7.795    8.158    8.482
CT2014:150           -4.240   -3.354   -2.396   -1.428   -0.470    0.436
    1.286    2.073    2.797    3.456    4.058    4.609    5.108    5.546
    5.921    6.231    6.470    6.638    6.750    6.821    6.872    6.930
    7.020    7.163    7.367    7.648    7.969    8.299    8.593
CT2014:145           -4.192   -3.298   -2.342   -1.380   -0.433    0.456
    1.287    2.056    2.767    3.423    4.036    4.611    5.147    5.634
    6.063    6.425    6.711    6.911    7.042    7.118    7.160    7.197
    7.259    7.367    7.534    7.774    8.054    8.341    8.591
CT2014:140           -4.127   -3.231   -2.278   -1.322   -0.386    0.488
    1.303    2.058    2.758    3.412    4.034    4.629    5.196    5.723
    6.194    6.598    6.919    7.144    7.290    7.370    7.407    7.431
    7.476    7.565    7.711    7.930    8.189    8.455    8.685
CT2014:135           -4.047   -3.154   -2.208   -1.260   -0.334    0.527
    1.329    2.072    2.763    3.414    4.041    4.648    5.235    5.786
    6.284    6.713    7.054    7.293    7.446    7.527    7.560    7.577
    7.612    7.689    7.822    8.025    8.265    8.512    8.720
CT2014:130           -3.995   -3.102   -2.158   -1.213   -0.292    0.563
    1.358    2.094    2.779    3.427    4.053    4.663    5.255    5.814
    6.320    6.757    7.104    7.348    7.504    7.589    7.626    7.647
    7.686    7.768    7.904    8.107    8.345    8.588    8.788
CT2014:125           -3.872   -2.997   -2.066   -1.134   -0.223    0.623
    1.409    2.136    2.813    3.450    4.065    4.663    5.242    5.787
    6.280    6.706    7.044    7.285    7.443    7.534    7.583    7.620
    7.678    7.776    7.926    8.140    8.382    8.626    8.819
CT2014:120           -3.835   -2.963   -2.034   -1.103   -0.193    0.652
    1.436    2.158    2.826    3.450    4.045    4.617    5.166    5.679
    6.140    6.538    6.858    7.091    7.254    7.362    7.437    7.506
    7.597    7.729    7.909    8.146    8.405    8.661    8.860
CT2014:115           -3.786   -2.925   -2.004   -1.080   -0.175    0.667
    1.446    2.160    2.815    3.416    3.979    4.510    5.010    5.470
    5.881    6.237    6.529    6.752    6.922    7.051    7.159    7.269
    7.402    7.571    7.782    8.037    8.304    8.559    8.740
CT2014:110           -3.766   -2.912   -1.997   -1.076   -0.175    0.664
    1.437    2.142    2.780    3.353    3.876    4.356    4.795    5.192
    5.543    5.851    6.113    6.330    6.514    6.678    6.835    7.003
    7.195    7.420    7.681    7.977    8.275    8.556    8.752
CT2014:105           -3.875   -3.013   -2.092   -1.167   -0.263    0.576
    1.347    2.043    2.664    3.206    3.685    4.108    4.482    4.809
    5.096    5.353    5.583    5.793    5.994    6.193    6.399    6.624
    6.871    7.146    7.447    7.768    8.077    8.359    8.535
CT2014:100           -3.877   -3.030   -2.122   -1.209   -0.317    0.510
    1.267    1.945    2.540    3.046    3.477    3.842    4.151    4.412
    4.639    4.850    5.054    5.265    5.489    5.731    5.994    6.283
    6.597    6.934    7.290    7.657    8.003    8.318    8.516
CT2014:095           -4.080   -3.217   -2.302   -1.387   -0.496    0.326
    1.073    1.735    2.308    2.782    3.172    3.487    3.742    3.947
    4.126    4.300    4.487    4.700    4.945    5.224    5.536    5.878
    6.244    6.628    7.024    7.418    7.781    8.105    8.294
CT2014:090           -4.112   -3.271   -2.381   -1.491   -0.625    0.170
    0.889    1.521    2.062    2.500    2.850    3.122    3.333    3.498
    3.645    3.798    3.978    4.203    4.473    4.789    5.147    5.540
    5.957    6.392    6.834    7.270    7.670    8.027    8.244
CT2014:085           -4.235   -3.407   -2.537   -1.669   -0.830   -0.066
    0.621    1.220    1.726    2.129    2.445    2.687    2.871    3.016
    3.150    3.300    3.486    3.727    4.022    4.369    4.762    5.193
    5.648    6.119    6.596    7.061    7.486    7.864    8.094
CT2014:080           -4.299   -3.503   -2.669   -1.840   -1.043   -0.325
    0.315    0.868    1.329    1.694    1.979    2.198    2.369    2.511
    2.653    2.818    3.026    3.293    3.616    3.993    4.416    4.879
    5.367    5.872    6.382    6.882    7.340    7.751    8.013
CT2014:075           -4.328   -3.576   -2.790   -2.012   -1.270   -0.611
   -0.031    0.463    0.871    1.191    1.444    1.645    1.813    1.967
    2.133    2.329    2.572    2.873    3.229    3.636    4.087    4.577
    5.093    5.626    6.167    6.699    7.189    7.633    7.927
CT2014:070           -4.421   -3.707   -2.969   -2.243   -1.559   -0.964
   -0.451   -0.024    0.322    0.593    0.812    0.997    1.169    1.346
    1.549    1.788    2.077    2.422    2.816    3.256    3.736    4.252
    4.794    5.355    5.925    6.488    7.012    7.489    7.817
CT2014:065           -4.475   -3.812   -3.131   -2.467   -1.852   -1.331
   -0.897   -0.547   -0.273   -0.061    0.117    0.284    0.458    0.662
    0.906    1.195    1.537    1.932    2.371    2.849    3.362    3.908
    4.479    5.070    5.672    6.267    6.824    7.335    7.698
CT2014:060           -4.587   -3.967   -3.341   -2.736   -2.188   -1.743
   -1.389   -1.121   -0.923   -0.774   -0.641   -0.497   -0.323   -0.096
    0.188    0.529    0.926    1.374    1.862    2.385    2.938    3.521
    4.127    4.753    5.390    6.022    6.614    7.162    7.563
CT2014:055           -4.687   -4.115   -3.546   -3.003   -2.525   -2.158
   -1.887   -1.702   -1.583   -1.501   -1.418   -1.303   -1.136   -0.894
   -0.576   -0.191    0.257    0.758    1.297    1.868    2.467    3.093
    3.741    4.408    5.084    5.753    6.383    6.967    7.405
CT2014:050           -4.808   -4.281   -3.767   -3.283   -2.871   -2.578
   -2.384   -2.278   -2.234   -2.218   -2.186   -2.104   -1.951   -1.703
   -1.363   -0.943   -0.453    0.095    0.683    1.304    1.953    2.629
    3.325    4.039    4.760    5.472    6.143    6.768    7.249
CT2014:045           -4.920   -4.440   -3.980   -3.554   -3.206   -2.982
   -2.859   -2.824   -2.848   -2.892   -2.909   -2.863   -2.731   -2.487
   -2.137   -1.698   -1.178   -0.593    0.038    0.704    1.401    2.125
    2.870    3.630    4.394    5.145    5.851    6.511    7.025
CT2014:040           -5.042   -4.604   -4.193   -3.819   -3.526   -3.360
   -3.296   -3.320   -3.401   -3.496   -3.555   -3.542   -3.434   -3.202
   -2.854   -2.407   -1.870   -1.259   -0.596    0.110    0.852    1.625
    2.419    3.227    4.039    4.836    5.587    6.292    6.852
CT2014:035           -5.168   -4.771   -4.404   -4.076   -3.831   -3.714
   -3.698   -3.767   -3.891   -4.024   -4.118   -4.136   -4.051   -3.838
   -3.502   -3.060   -2.520   -1.897   -1.214   -0.481    0.294    1.103
    1.936    2.784    3.633    4.465    5.250    5.986    6.577
CT2014:030           -5.282   -4.922   -4.594   -4.306   -4.101   -4.021
   -4.040   -4.142   -4.296   -4.456   -4.575   -4.616   -4.554   -4.361
   -4.041   -3.612   -3.078   -2.453   -1.761   -1.012   -0.215    0.624
    1.491    2.375    3.265    4.139    4.968    5.751    6.392
CT2014:025           -5.442   -5.107   -4.806   -4.546   -4.367   -4.312
   -4.352   -4.473   -4.642   -4.818   -4.952   -5.009   -4.965   -4.792
   -4.492   -4.080   -3.560   -2.945   -2.256   -1.504   -0.698    0.157
    1.045    1.957    2.878    3.790    4.662    5.489    6.179
CT2014:020           -5.545   -5.240   -4.968   -4.734   -4.580   -4.544
   -4.599   -4.731   -4.909   -5.093   -5.237   -5.307   -5.278   -5.123
   -4.844   -4.453   -3.954   -3.357   -2.682   -1.940   -1.137   -0.278
    0.623    1.554    2.504    3.453    4.368    5.242    5.985
CT2014:015           -5.745   -5.447   -5.183   -4.958   -4.811   -4.779
   -4.836   -4.968   -5.145   -5.328   -5.475   -5.552   -5.536   -5.399
   -5.142   -4.776   -4.302   -3.729   -3.077   -2.353   -1.563   -0.709
    0.196    1.143    2.118    3.105    4.065    4.990    5.790
CT2014:010           -5.836   -5.561   -5.315   -5.105   -4.969   -4.943
   -5.003   -5.134   -5.310   -5.494   -5.646   -5.734   -5.734   -5.620
   -5.389   -5.053   -4.612   -4.070   -3.448   -2.749   -1.978   -1.133
   -0.226    0.734    1.734    2.758    3.763    4.737    5.592
CT2014:005           -5.938   -5.679   -5.444   -5.242   -5.110   -5.084
   -5.141   -5.267   -5.440   -5.625   -5.785   -5.887   -5.910   -5.826
   -5.632   -5.334   -4.932   -4.428   -3.839   -3.167   -2.415   -1.577
   -0.665    0.312    1.341    2.406    3.459    4.485    5.396
CT2015:360           -6.018   -5.774   -5.548   -5.352   -5.221   -5.191
   -5.242   -5.363   -5.534   -5.723   -5.896   -6.022   -6.079   -6.037
   -5.891   -5.644   -5.291   -4.830   -4.276   -3.629   -2.890   -2.050
   -1.125   -0.123    0.941    2.051    3.155    4.234    5.201
