CT2013:360           -5.929   -5.927   -5.929   -5.946   -6.004   -6.125
   -6.296   -6.509   -6.743   -6.970   -7.159   -7.285   -7.328   -7.265
   -7.094   -6.823   -6.448   -5.967   -5.393   -4.724   -3.956   -3.081
   -2.110   -1.053    0.074    1.260    2.447    3.615    4.679
CT2013:355           -6.037   -6.091   -6.134   -6.186   -6.267   -6.401
   -6.575   -6.783   -7.007   -7.220   -7.398   -7.519   -7.565   -7.516
   -7.370   -7.129   -6.787   -6.337   -5.788   -5.135   -4.373   -3.490
   -2.501   -1.415   -0.247    0.989    2.234    3.465    4.599
CT2013:350           -6.210   -6.298   -6.361   -6.427   -6.513   -6.640
   -6.801   -6.989   -7.190   -7.384   -7.548   -7.666   -7.724   -7.702
   -7.594   -7.398   -7.103   -6.696   -6.180   -5.550   -4.797   -3.910
   -2.905   -1.793   -0.593    0.683    1.972    3.248    4.429
CT2013:345           -6.367   -6.479   -6.551   -6.618   -6.696   -6.803
   -6.938   -7.096   -7.266   -7.435   -7.587   -7.708   -7.786   -7.802
   -7.745   -7.608   -7.370   -7.012   -6.533   -5.924   -5.178   -4.280
   -3.253   -2.109   -0.869    0.454    1.796    3.126    4.368
CT2013:340           -6.494   -6.625   -6.698   -6.758   -6.818   -6.896
   -6.995   -7.115   -7.250   -7.394   -7.536   -7.667   -7.775   -7.840
   -7.847   -7.777   -7.605   -7.302   -6.864   -6.279   -5.539   -4.632
   -3.585   -2.414   -1.142    0.217    1.594    2.962    4.240
CT2013:335           -6.797   -6.903   -6.942   -6.964   -6.978   -7.003
   -7.047   -7.113   -7.202   -7.315   -7.447   -7.589   -7.731   -7.852
   -7.926   -7.929   -7.825   -7.577   -7.178   -6.615   -5.882   -4.967
   -3.903   -2.709   -1.413   -0.029    1.372    2.762    4.060
CT2013:330           -6.882   -6.994   -7.019   -7.018   -6.997   -6.977
   -6.972   -6.991   -7.039   -7.129   -7.257   -7.419   -7.601   -7.782
   -7.926   -8.000   -7.961   -7.764   -7.400   -6.855   -6.125   -5.200
   -4.119   -2.904   -1.584   -0.177    1.246    2.659    3.980
CT2013:325           -7.077   -7.167   -7.156   -7.114   -7.042   -6.965
   -6.901   -6.865   -6.869   -6.933   -7.056   -7.234   -7.453   -7.688
   -7.894   -8.030   -8.047   -7.893   -7.558   -7.030   -6.304   -5.375
   -4.284   -3.059   -1.729   -0.314    1.116    2.535    3.862
CT2013:320           -7.127   -7.215   -7.183   -7.111   -6.998   -6.872
   -6.758   -6.675   -6.641   -6.683   -6.803   -6.995   -7.245   -7.523
   -7.777   -7.962   -8.020   -7.898   -7.586   -7.071   -6.351   -5.423
   -4.332   -3.105   -1.774   -0.358    1.075    2.498    3.831
CT2013:315           -7.141   -7.228   -7.177   -7.077   -6.928   -6.757
   -6.598   -6.472   -6.404   -6.423   -6.534   -6.732   -6.997   -7.298
   -7.580   -7.791   -7.873   -7.770   -7.474   -6.971   -6.263   -5.345
   -4.265   -3.048   -1.726   -0.317    1.113    2.534    3.875
CT2013:310           -7.164   -7.245   -7.173   -7.047   -6.863   -6.652
   -6.452   -6.289   -6.187   -6.183   -6.277   -6.465   -6.726   -7.027
   -7.311   -7.526   -7.614   -7.520   -7.236   -6.749   -6.062   -5.170
   -4.117   -2.928   -1.634   -0.250    1.159    2.563    3.895
CT2013:305           -7.201   -7.271   -7.177   -7.025   -6.810   -6.566
   -6.332   -6.136   -6.004   -5.971   -6.039   -6.201   -6.437   -6.712
   -6.973   -7.168   -7.243   -7.146   -6.870   -6.403   -5.744   -4.889
   -3.877   -2.731   -1.478   -0.130    1.247    2.624    3.938
CT2013:300           -7.203   -7.267   -7.160   -6.992   -6.758   -6.493
   -6.237   -6.018   -5.861   -5.800   -5.834   -5.956   -6.148   -6.377
   -6.591   -6.747   -6.793   -6.684   -6.412   -5.964   -5.340   -4.529
   -3.568   -2.474   -1.271    0.031    1.370    2.712    4.003
CT2013:295           -7.259   -7.305   -7.180   -6.994   -6.744   -6.465
   -6.194   -5.959   -5.781   -5.691   -5.686   -5.759   -5.893   -6.058
   -6.210   -6.309   -6.314   -6.183   -5.908   -5.477   -4.885   -4.122
   -3.213   -2.176   -1.028    0.223    1.517    2.819    4.079
CT2013:290           -7.244   -7.286   -7.159   -6.972   -6.721   -6.444
   -6.175   -5.936   -5.750   -5.637   -5.596   -5.620   -5.691   -5.786
   -5.867   -5.902   -5.855   -5.693   -5.406   -4.984   -4.418   -3.695
   -2.835   -1.851   -0.757    0.444    1.692    2.953    4.180
CT2013:285           -7.278   -7.305   -7.170   -6.979   -6.731   -6.461
   -6.201   -5.969   -5.780   -5.652   -5.581   -5.558   -5.569   -5.593
   -5.601   -5.567   -5.463   -5.260   -4.951   -4.523   -3.970   -3.273
   -2.449   -1.506   -0.457    0.700    1.908    3.132    4.331
CT2013:280           -7.244   -7.269   -7.139   -6.958   -6.726   -6.477
   -6.238   -6.025   -5.848   -5.717   -5.627   -5.569   -5.529   -5.491
   -5.430   -5.330   -5.166   -4.916   -4.575   -4.131   -3.575   -2.891
   -2.091   -1.180   -0.168    0.948    2.115    3.298    4.461
CT2013:275           -7.304   -7.306   -7.168   -6.985   -6.762   -6.531
   -6.314   -6.122   -5.960   -5.833   -5.731   -5.646   -5.565   -5.472
   -5.351   -5.189   -4.967   -4.667   -4.286   -3.814   -3.243   -2.558
   -1.768   -0.876    0.108    1.189    2.318    3.462    4.585
CT2013:270           -7.248   -7.245   -7.114   -6.944   -6.741   -6.537
   -6.350   -6.186   -6.047   -5.930   -5.826   -5.724   -5.612   -5.476
   -5.304   -5.088   -4.812   -4.464   -4.042   -3.538   -2.945   -2.249
   -1.458   -0.576    0.390    1.444    2.541    3.650    4.736
CT2013:265           -7.310   -7.276   -7.130   -6.953   -6.754   -6.564
   -6.395   -6.249   -6.125   -6.015   -5.906   -5.787   -5.648   -5.473
   -5.257   -4.995   -4.675   -4.287   -3.830   -3.299   -2.687   -1.982
   -1.191   -0.318    0.630    1.655    2.715    3.783    4.818
CT2013:260           -7.228   -7.183   -7.037   -6.864   -6.675   -6.500
   -6.347   -6.216   -6.101   -5.993   -5.875   -5.737   -5.570   -5.362
   -5.108   -4.809   -4.455   -4.039   -3.561   -3.014   -2.391   -1.682
   -0.892   -0.026    0.909    1.914    2.947    3.985    4.984
CT2013:255           -7.168   -7.101   -6.942   -6.760   -6.566   -6.391
   -6.237   -6.103   -5.982   -5.859   -5.719   -5.553   -5.352   -5.108
   -4.822   -4.494   -4.120   -3.693   -3.211   -2.666   -2.050   -1.349
   -0.571    0.282    1.202    2.188    3.199    4.210    5.177
CT2013:250           -7.058   -6.971   -6.796   -6.600   -6.394   -6.205
   -6.036   -5.883   -5.737   -5.583   -5.408   -5.202   -4.961   -4.681
   -4.366   -4.021   -3.641   -3.221   -2.757   -2.236   -1.648   -0.976
   -0.224    0.604    1.500    2.460    3.443    4.424    5.354
CT2013:245           -6.875   -6.771   -6.578   -6.363   -6.136   -5.921
   -5.720   -5.531   -5.344   -5.143   -4.918   -4.663   -4.377   -4.059
   -3.720   -3.365   -2.992   -2.594   -2.163   -1.683   -1.137   -0.505
    0.211    1.011    1.885    2.830    3.800    4.771    5.692
CT2013:240           -6.733   -6.597   -6.372   -6.122   -5.856   -5.597
   -5.347   -5.102   -4.855   -4.592   -4.307   -3.996   -3.663   -3.312
   -2.956   -2.601   -2.248   -1.888   -1.506   -1.084   -0.601   -0.029
    0.633    1.385    2.218    3.128    4.063    4.999    5.881
CT2013:235           -6.648   -6.460   -6.182   -5.878   -5.555   -5.233
   -4.915   -4.599   -4.278   -3.943   -3.592   -3.224   -2.846   -2.467
   -2.101   -1.754   -1.426   -1.110   -0.784   -0.426   -0.009    0.498
    1.101    1.802    2.591    3.465    4.370    5.275    6.129
CT2013:230           -6.476   -6.247   -5.921   -5.565   -5.184   -4.796
   -4.406   -4.014   -3.618   -3.213   -2.800   -2.383   -1.970   -1.575
   -1.209   -0.878   -0.583   -0.313   -0.044    0.250    0.598    1.038
    1.577    2.221    2.959    3.789    4.653    5.519    6.330
CT2013:225           -6.471   -6.162   -5.758   -5.324   -4.862   -4.389
   -3.914   -3.437   -2.961   -2.486   -2.015   -1.556   -1.118   -0.715
   -0.358   -0.049    0.213    0.438    0.655    0.891    1.177    1.552
    2.028    2.611    3.292    4.069    4.881    5.694    6.448
CT2013:220           -6.281   -5.923   -5.463   -4.968   -4.440   -3.895
   -3.345   -2.795   -2.251   -1.720   -1.208   -0.723   -0.275    0.122
    0.461    0.744    0.973    1.161    1.335    1.525    1.762    2.087
    2.511    3.043    3.676    4.407    5.176    5.946    6.656
CT2013:215           -6.161   -5.738   -5.210   -4.645   -4.043   -3.423
   -2.799   -2.179   -1.574   -0.996   -0.453    0.046    0.493    0.876
    1.191    1.446    1.644    1.800    1.943    2.099    2.300    2.584
    2.965    3.451    4.036    4.720    5.439    6.160    6.817
CT2013:210           -5.965   -5.491   -4.905   -4.281   -3.617   -2.932
   -2.246   -1.570   -0.917   -0.306    0.255    0.757    1.193    1.554
    1.842    2.068    2.239    2.371    2.492    2.628    2.806    3.064
    3.415    3.866    4.413    5.056    5.734    6.412    7.024
CT2013:205           -5.774   -5.248   -4.606   -3.925   -3.203   -2.461
   -1.722   -1.000   -0.311    0.323    0.892    1.389    1.809    2.145
    2.406    2.605    2.753    2.868    2.975    3.100    3.267    3.510
    3.839    4.263    4.777    5.381    6.016    6.650    7.213
CT2013:200           -5.582   -5.007   -4.315   -3.583   -2.810   -2.022
   -1.241   -0.484    0.230    0.878    1.449    1.937    2.339    2.652
    2.887    3.063    3.193    3.297    3.399    3.521    3.686    3.923
    4.240    4.645    5.133    5.703    6.301    6.895    7.414
CT2013:195           -5.385   -4.765   -4.029   -3.254   -2.440   -1.617
   -0.806   -0.027    0.702    1.354    1.922    2.400    2.786    3.078
    3.293    3.452    3.570    3.669    3.771    3.897    4.065    4.301
    4.611    5.000    5.464    6.001    6.559    7.110    7.579
CT2013:190           -5.206   -4.542   -3.765   -2.952   -2.105   -1.256
   -0.427    0.365    1.099    1.751    2.313    2.781    3.155    3.435
    3.639    3.790    3.905    4.006    4.114    4.248    4.424    4.663
    4.971    5.349    5.794    6.303    6.828    7.342    7.768
CT2013:185           -5.010   -4.310   -3.502   -2.662   -1.793   -0.930
   -0.094    0.698    1.429    2.074    2.628    3.088    3.457    3.734
    3.938    4.091    4.213    4.323    4.442    4.587    4.772    5.015
    5.319    5.687    6.114    6.597    7.090    7.568    7.954
CT2013:180           -4.849   -4.111   -3.273   -2.408   -1.523   -0.653
    0.183    0.969    1.690    2.325    2.872    3.330    3.701    3.986
    4.202    4.371    4.508    4.634    4.768    4.924    5.116    5.360
    5.658    6.013    6.421    6.876    7.337    7.780    8.126
CT2013:175           -4.650   -3.887   -3.032   -2.153   -1.261   -0.394
    0.433    1.206    1.912    2.535    3.076    3.536    3.918    4.221
    4.461    4.656    4.819    4.967    5.117    5.284    5.479    5.720
    6.008    6.348    6.736    7.166    7.599    8.012    8.324
CT2013:170           -4.509   -3.714   -2.838   -1.944   -1.045   -0.181
    0.637    1.396    2.089    2.703    3.244    3.714    4.115    4.448
    4.723    4.953    5.147    5.319    5.484    5.656    5.847    6.075
    6.345    6.661    7.021    7.421    7.821    8.200    8.476
CT2013:165           -4.282   -3.478   -2.597   -1.701   -0.806    0.047
    0.850    1.594    2.273    2.881    3.426    3.911    4.340    4.709
    5.024    5.294    5.523    5.717    5.893    6.065    6.245    6.452
    6.697    6.985    7.317    7.688    8.059    8.409    8.656
CT2013:160           -4.162   -3.331   -2.433   -1.525   -0.624    0.227
    1.025    1.763    2.439    3.051    3.610    4.120    4.583    4.994
    5.354    5.665    5.925    6.138    6.319    6.481    6.641    6.818
    7.028    7.281    7.576    7.913    8.251    8.568    8.783
CT2013:155           -3.939   -3.106   -2.207   -1.300   -0.403    0.443
    1.235    1.969    2.646    3.268    3.845    4.383    4.882    5.335
    5.737    6.084    6.371    6.595    6.773    6.918    7.049    7.191
    7.362    7.576    7.835    8.140    8.449    8.740    8.930
CT2013:150           -3.841   -2.985   -2.070   -1.148   -0.241    0.614
    1.414    2.158    2.849    3.491    4.095    4.666    5.203    5.696
    6.134    6.511    6.816    7.043    7.210    7.331    7.429    7.529
    7.658    7.830    8.050    8.321    8.600    8.862    9.025
CT2013:145           -3.733   -2.861   -1.933   -0.999   -0.080    0.785
    1.599    2.359    3.069    3.735    4.367    4.970    5.541    6.066
    6.530    6.925    7.237    7.459    7.607    7.700    7.760    7.818
    7.903    8.033    8.215    8.452    8.699    8.930    9.061
CT2013:140           -3.659   -2.767   -1.821   -0.871    0.064    0.948
    1.780    2.561    3.295    3.987    4.647    5.277    5.873    6.419
    6.899    7.303    7.614    7.823    7.952    8.017    8.044    8.066
    8.115    8.212    8.364    8.574    8.799    9.008    9.120
CT2013:135           -3.745   -2.809   -1.828   -0.845    0.120    1.031
    1.892    2.701    3.462    4.180    4.863    5.513    6.125    6.680
    7.162    7.562    7.862    8.055    8.161    8.199    8.195    8.183
    8.198    8.260    8.377    8.553    8.739    8.909    8.972
CT2013:130           -3.698   -2.746   -1.749   -0.749    0.233    1.162
    2.041    2.867    3.645    4.377    5.070    5.724    6.335    6.885
    7.357    7.745    8.031    8.208    8.299    8.322    8.303    8.278
    8.280    8.330    8.436    8.601    8.777    8.937    8.989
CT2013:125           -3.763   -2.778   -1.753   -0.728    0.278    1.228
    2.126    2.969    3.758    4.494    5.185    5.831    6.428    6.958
    7.410    7.778    8.047    8.213    8.297    8.318    8.300    8.277
    8.283    8.335    8.443    8.609    8.785    8.943    8.993
CT2013:120           -3.753   -2.756   -1.720   -0.683    0.333    1.293
    2.197    3.042    3.827    4.552    5.223    5.843    6.408    6.904
    7.324    7.665    7.916    8.075    8.161    8.191    8.188    8.184
    8.208    8.276    8.396    8.570    8.750    8.910    8.959
CT2013:115           -3.606   -2.624   -1.597   -0.567    0.444    1.398
    2.294    3.126    3.893    4.589    5.226    5.804    6.324    6.777
    7.159    7.472    7.710    7.873    7.978    8.041    8.083    8.130
    8.206    8.329    8.504    8.736    8.980    9.209    9.345
CT2013:110           -3.634   -2.648   -1.617   -0.585    0.427    1.377
    2.265    3.082    3.825    4.488    5.081    5.608    6.073    6.471
    6.807    7.086    7.307    7.472    7.597    7.694    7.778    7.871
    7.992    8.154    8.361    8.616    8.877    9.120    9.265
CT2013:105           -3.543   -2.578   -1.564   -0.548    0.449    1.382
    2.249    3.039    3.748    4.367    4.908    5.377    5.781    6.122
    6.410    6.656    6.864    7.040    7.195    7.338    7.480    7.637
    7.821    8.044    8.309    8.616    8.930    9.228    9.434
CT2013:100           -3.604   -2.644   -1.636   -0.627    0.359    1.278
    2.125    2.890    3.566    4.143    4.634    5.046    5.390    5.674
    5.915    6.128    6.323    6.508    6.691    6.876    7.070    7.282
    7.520    7.791    8.097    8.437    8.776    9.097    9.321
CT2013:095           -3.752   -2.789   -1.783   -0.780    0.197    1.101
    1.929    2.669    3.314    3.852    4.297    4.658    4.950    5.183
    5.383    5.567    5.750    5.943    6.149    6.371    6.609    6.868
    7.150    7.460    7.797    8.157    8.509    8.836    9.056
CT2013:090           -3.846   -2.897   -1.908   -0.923    0.034    0.914
    1.716    2.427    3.039    3.540    3.944    4.262    4.511    4.705
    4.873    5.037    5.214    5.415    5.644    5.898    6.176    6.479
    6.806    7.158    7.533    7.928    8.311    8.666    8.911
CT2013:085           -3.975   -3.043   -2.074   -1.111   -0.179    0.674
    1.447    2.128    2.709    3.177    3.548    3.835    4.053    4.221
    4.369    4.520    4.694    4.903    5.146    5.423    5.730    6.066
    6.426    6.811    7.217    7.639    8.046    8.423    8.686
CT2013:080           -4.101   -3.194   -2.253   -1.320   -0.419    0.401
    1.141    1.788    2.337    2.776    3.121    3.385    3.584    3.739
    3.879    4.028    4.203    4.420    4.676    4.970    5.298    5.660
    6.049    6.466    6.906    7.363    7.803    8.215    8.511
CT2013:075           -4.121   -3.266   -2.376   -1.492   -0.641    0.132
    0.826    1.431    1.942    2.348    2.668    2.913    3.101    3.253
    3.394    3.547    3.730    3.956    4.223    4.531    4.877    5.262
    5.680    6.131    6.609    7.108    7.594    8.052    8.399
CT2013:070           -4.275   -3.455   -2.604   -1.762   -0.955   -0.227
    0.422    0.984    1.455    1.830    2.126    2.357    2.541    2.695
    2.845    3.009    3.204    3.441    3.719    4.039    4.401    4.807
    5.251    5.733    6.247    6.785    7.311    7.810    8.200
CT2013:065           -4.373   -3.604   -2.808   -2.021   -1.270   -0.600
   -0.008    0.500    0.923    1.258    1.526    1.739    1.917    2.075
    2.237    2.416    2.628    2.881    3.176    3.515    3.898    4.332
    4.811    5.333    5.892    6.481    7.060    7.615    8.065
CT2013:060           -4.547   -3.822   -3.076   -2.341   -1.647   -1.037
   -0.505   -0.057    0.311    0.600    0.831    1.022    1.190    1.351
    1.524    1.720    1.951    2.226    2.543    2.907    3.319    3.786
    4.304    4.869    5.475    6.113    6.743    7.348    7.847
CT2013:055           -4.742   -4.062   -3.368   -2.689   -2.056   -1.510
   -1.045   -0.663   -0.358   -0.124    0.065    0.226    0.378    0.538
    0.721    0.935    1.190    1.493    1.842    2.241    2.694    3.207
    3.777    4.399    5.065    5.766    6.461    7.133    7.702
CT2013:050           -4.930   -4.300   -3.663   -3.045   -2.477   -2.003
   -1.611   -1.302   -1.068   -0.896   -0.758   -0.634   -0.506   -0.352
   -0.163    0.067    0.347    0.680    1.066    1.506    2.005    2.571
    3.196    3.876    4.602    5.363    6.117    6.848    7.474
CT2013:045           -5.126   -4.546   -3.968   -3.411   -2.911   -2.509
   -2.192   -1.959   -1.798   -1.691   -1.608   -1.525   -1.422   -1.278
   -1.085   -0.839   -0.534   -0.166    0.261    0.750    1.303    1.929
    2.619    3.369    4.167    5.002    5.832    6.639    7.344
CT2013:040           -5.320   -4.792   -4.273   -3.780   -3.347   -3.017
   -2.775   -2.617   -2.528   -2.487   -2.458   -2.417   -2.342   -2.211
   -2.016   -1.757   -1.430   -1.030   -0.565   -0.032    0.573    1.256
    2.007    2.820    3.683    4.584    5.477    6.347    7.113
CT2013:035           -5.501   -5.028   -4.568   -4.137   -3.770   -3.509
   -3.338   -3.251   -3.229   -3.247   -3.269   -3.266   -3.216   -3.097
   -2.901   -2.632   -2.285   -1.858   -1.358   -0.782   -0.129    0.609
    1.422    2.300    3.231    4.203    5.169    6.112    6.951
CT2013:030           -5.691   -5.268   -4.864   -4.491   -4.185   -3.987
   -3.879   -3.853   -3.890   -3.959   -4.024   -4.054   -4.027   -3.918
   -3.723   -3.448   -3.087   -2.638   -2.112   -1.503   -0.811   -0.027
    0.836    1.770    2.761    3.794    4.823    5.828    6.728
CT2013:025           -5.886   -5.510   -5.156   -4.835   -4.581   -4.437
   -4.382   -4.408   -4.491   -4.602   -4.701   -4.757   -4.748   -4.649
   -4.458   -4.180   -3.812   -3.351   -2.807   -2.176   -1.456   -0.637
    0.267    1.247    2.287    3.373    4.454    5.511    6.458
CT2013:020           -6.063   -5.733   -5.426   -5.151   -4.945   -4.845
   -4.834   -4.899   -5.018   -5.160   -5.284   -5.360   -5.366   -5.277
   -5.092   -4.816   -4.446   -3.979   -3.425   -2.780   -2.038   -1.191
   -0.252    0.770    1.858    2.997    4.135    5.249    6.253
CT2013:015           -6.296   -5.997   -5.723   -5.480   -5.306   -5.238
   -5.254   -5.345   -5.488   -5.649   -5.790   -5.881   -5.900   -5.824
   -5.649   -5.382   -5.019   -4.556   -4.002   -3.352   -2.601   -1.739
   -0.778    0.270    1.389    2.563    3.734    4.880    5.907
CT2013:010           -6.454   -6.193   -5.953   -5.743   -5.598   -5.554
   -5.591   -5.700   -5.856   -6.030   -6.183   -6.287   -6.320   -6.259
   -6.100   -5.848   -5.498   -5.044   -4.493   -3.841   -3.082   -2.203
   -1.218   -0.138    1.018    2.237    3.456    4.651    5.728
CT2013:005           -6.682   -6.439   -6.216   -6.022   -5.890   -5.856
   -5.899   -6.011   -6.169   -6.346   -6.506   -6.620   -6.670   -6.629
   -6.494   -6.266   -5.938   -5.502   -4.963   -4.317   -3.556   -2.668
   -1.669   -0.570    0.610    1.854    3.098    4.316    5.408
CT2014:360           -6.819   -6.605   -6.402   -6.225   -6.104   -6.074
   -6.117   -6.225   -6.380   -6.556   -6.720   -6.846   -6.916   -6.902
   -6.798   -6.603   -6.303   -5.889   -5.364   -4.722   -3.956   -3.054
   -2.034   -0.907    0.306    1.587    2.870    4.128    5.260
