CT2008:360           -7.830   -7.855   -7.873   -7.909   -7.995   -8.157
   -8.373   -8.624   -8.879   -9.090   -9.217   -9.225   -9.090   -8.775
   -8.286   -7.640   -6.838   -5.893   -4.833   -3.676   -2.439   -1.142
    0.180    1.499    2.785    3.990    5.087    6.094    6.876
CT2008:355           -7.905   -8.001   -8.086   -8.189   -8.341   -8.569
   -8.850   -9.163   -9.475   -9.738   -9.907   -9.947   -9.833   -9.527
   -9.035   -8.377   -7.554   -6.581   -5.489   -4.296   -3.020   -1.680
   -0.311    1.059    2.400    3.665    4.824    5.896    6.746
CT2008:350           -8.071   -8.203   -8.324   -8.462   -8.649   -8.912
   -9.226   -9.572   -9.917  -10.208  -10.405  -10.469  -10.375  -10.085
   -9.604   -8.951   -8.128   -7.148   -6.046   -4.837   -3.541   -2.177
   -0.780    0.622    1.999    3.305    4.506    5.623    6.520
CT2008:345           -8.238   -8.390   -8.528   -8.682   -8.881   -9.152
   -9.473   -9.824  -10.172  -10.469  -10.672  -10.748  -10.669  -10.397
   -9.936   -9.302   -8.497   -7.531   -6.438   -5.234   -3.938   -2.567
   -1.156    0.265    1.669    3.008    4.250    5.411    6.361
CT2008:340           -8.339   -8.508   -8.654   -8.811   -9.007   -9.267
   -9.572   -9.903  -10.231  -10.510  -10.701  -10.773  -10.699  -10.443
  -10.008   -9.406   -8.637   -7.708   -6.650   -5.478   -4.208   -2.856
   -1.458   -0.040    1.367    2.721    3.986    5.175    6.163
CT2008:335           -8.530   -8.682   -8.806   -8.937   -9.101   -9.322
   -9.582   -9.864  -10.142  -10.375  -10.529  -10.576  -10.492  -10.243
   -9.831   -9.267   -8.545   -7.671   -6.670   -5.555   -4.337   -3.031
   -1.667   -0.275    1.119    2.474    3.752    4.961    5.983
CT2008:330           -8.572   -8.721   -8.830   -8.939   -9.070   -9.244
   -9.449   -9.669   -9.883  -10.054  -10.155  -10.160  -10.052   -9.802
   -9.409   -8.882   -8.216   -7.412   -6.488   -5.453   -4.314   -3.078
   -1.775   -0.430    0.931    2.271    3.548    4.767    5.817
CT2008:325           -8.668   -8.792   -8.865   -8.932   -9.012   -9.123
   -9.257   -9.400   -9.533   -9.626   -9.656   -9.605   -9.457   -9.190
   -8.806   -8.312   -7.702   -6.974   -6.141   -5.204   -4.164   -3.022
   -1.802   -0.525    0.785    2.096    3.362    4.580    5.649
CT2008:320           -8.655   -8.764   -8.808   -8.838   -8.869   -8.920
   -8.983   -9.048   -9.099   -9.110   -9.065   -8.948   -8.750   -8.456
   -8.071   -7.602   -7.045   -6.395   -5.658   -4.828   -3.901   -2.868
   -1.747   -0.553    0.693    1.966    3.214    4.427    5.515
CT2008:315           -8.697   -8.772   -8.771   -8.752   -8.727   -8.711
   -8.701   -8.689   -8.658   -8.588   -8.465   -8.279   -8.026   -7.698
   -7.302   -6.848   -6.334   -5.757   -5.115   -4.397   -3.591   -2.677
   -1.665   -0.565    0.605    1.827    3.045    4.240    5.331
CT2008:310           -8.638   -8.689   -8.654   -8.596   -8.524   -8.454
   -8.384   -8.307   -8.209   -8.070   -7.881   -7.634   -7.328   -6.963
   -6.551   -6.103   -5.624   -5.109   -4.553   -3.938   -3.245   -2.446
   -1.540   -0.531    0.567    1.744    2.937    4.121    5.226
CT2008:305           -8.628   -8.639   -8.560   -8.457   -8.338   -8.217
   -8.096   -7.966   -7.815   -7.624   -7.383   -7.087   -6.739   -6.342
   -5.913   -5.466   -5.011   -4.546   -4.061   -3.536   -2.944   -2.248
   -1.440   -0.516    0.515    1.646    2.812    3.981    5.089
CT2008:300           -8.533   -8.515   -8.404   -8.268   -8.115   -7.962
   -7.808   -7.647   -7.467   -7.247   -6.978   -6.656   -6.284   -5.867
   -5.427   -4.982   -4.543   -4.115   -3.683   -3.225   -2.710   -2.095
   -1.362   -0.504    0.475    1.574    2.724    3.886    5.007
CT2008:295           -8.416   -8.367   -8.227   -8.062   -7.883   -7.709
   -7.539   -7.367   -7.179   -6.956   -6.686   -6.363   -5.990   -5.572
   -5.133   -4.693   -4.267   -3.862   -3.463   -3.046   -2.579   -2.013
   -1.326   -0.506    0.444    1.529    2.679    3.849    4.993
CT2008:290           -8.290   -8.210   -8.042   -7.854   -7.656   -7.472
   -7.302   -7.137   -6.964   -6.763   -6.518   -6.222   -5.874   -5.479
   -5.060   -4.636   -4.225   -3.833   -3.450   -3.050   -2.601   -2.054
   -1.385   -0.579    0.361    1.443    2.595    3.772    4.930
CT2008:285           -8.223   -8.096   -7.892   -7.673   -7.456   -7.267
   -7.103   -6.957   -6.816   -6.657   -6.462   -6.218   -5.923   -5.575
   -5.195   -4.801   -4.408   -4.024   -3.639   -3.231   -2.769   -2.206
   -1.521   -0.699    0.256    1.353    2.521    3.715    4.894
CT2008:280           -8.070   -7.909   -7.679   -7.441   -7.216   -7.033
   -6.889   -6.778   -6.685   -6.588   -6.466   -6.300   -6.084   -5.811
   -5.493   -5.147   -4.781   -4.402   -4.004   -3.567   -3.065   -2.458
   -1.728   -0.865    0.125    1.251    2.443    3.658    4.853
CT2008:275           -8.081   -7.849   -7.569   -7.291   -7.040   -6.853
   -6.723   -6.644   -6.602   -6.576   -6.537   -6.466   -6.348   -6.170
   -5.934   -5.650   -5.321   -4.948   -4.528   -4.048   -3.487   -2.811
   -2.015   -1.092   -0.051    1.112    2.331    3.567    4.772
CT2008:270           -7.906   -7.635   -7.327   -7.026   -6.765   -6.586
   -6.479   -6.441   -6.459   -6.513   -6.572   -6.611   -6.609   -6.543
   -6.407   -6.202   -5.919   -5.555   -5.112   -4.579   -3.945   -3.185
   -2.305   -1.305   -0.199    1.014    2.269    3.534    4.755
CT2008:265           -7.767   -7.444   -7.095   -6.762   -6.480   -6.298
   -6.206   -6.201   -6.273   -6.405   -6.560   -6.711   -6.831   -6.887
   -6.860   -6.742   -6.514   -6.163   -5.697   -5.110   -4.397   -3.546
   -2.574   -1.489   -0.308    0.962    2.264    3.568    4.817
CT2008:260           -7.575   -7.207   -6.820   -6.454   -6.149   -5.959
   -5.874   -5.895   -6.012   -6.213   -6.459   -6.718   -6.957   -7.136
   -7.222   -7.196   -7.030   -6.702   -6.223   -5.592   -4.812   -3.879
   -2.824   -1.663   -0.417    0.903    2.240    3.570    4.831
CT2008:255           -7.335   -6.925   -6.498   -6.095   -5.760   -5.552
   -5.462   -5.494   -5.642   -5.896   -6.217   -6.569   -6.916   -7.207
   -7.400   -7.466   -7.365   -7.069   -6.590   -5.930   -5.099   -4.101
   -2.976   -1.749   -0.445    0.921    2.295    3.656    4.936
CT2008:250           -7.127   -6.666   -6.189   -5.738   -5.358   -5.115
   -5.002   -5.025   -5.181   -5.465   -5.837   -6.259   -6.689   -7.074
   -7.361   -7.511   -7.478   -7.225   -6.766   -6.103   -5.250   -4.218
   -3.054   -1.788   -0.449    0.944    2.336    3.710    4.991
CT2008:245           -6.904   -6.391   -5.859   -5.353   -4.920   -4.628
   -4.474   -4.468   -4.608   -4.896   -5.289   -5.751   -6.236   -6.689
   -7.050   -7.274   -7.309   -7.113   -6.696   -6.062   -5.225   -4.196
   -3.029   -1.757   -0.411    0.983    2.371    3.736    4.996
CT2008:240           -6.687   -6.118   -5.525   -4.955   -4.456   -4.101
   -3.888   -3.830   -3.929   -4.190   -4.572   -5.038   -5.544   -6.033
   -6.443   -6.725   -6.825   -6.694   -6.342   -5.765   -4.978   -3.988
   -2.850   -1.599   -0.268    1.117    2.496    3.851    5.098
CT2008:235           -6.484   -5.858   -5.199   -4.559   -3.986   -3.554
   -3.265   -3.136   -3.170   -3.377   -3.715   -4.152   -4.643   -5.137
   -5.571   -5.896   -6.056   -6.003   -5.735   -5.248   -4.548   -3.638
   -2.571   -1.379   -0.097    1.246    2.585    3.899    5.097
CT2008:230           -6.269   -5.586   -4.859   -4.147   -3.495   -2.979
   -2.603   -2.387   -2.338   -2.466   -2.734   -3.110   -3.555   -4.024
   -4.457   -4.807   -5.020   -5.045   -4.876   -4.498   -3.910   -3.106
   -2.132   -1.019    0.199    1.494    2.794    4.074    5.244
CT2008:225           -6.178   -5.419   -4.610   -3.811   -3.067   -2.453
   -1.976   -1.658   -1.506   -1.535   -1.708   -1.999   -2.372   -2.791
   -3.201   -3.558   -3.814   -3.917   -3.852   -3.596   -3.139   -2.463
   -1.607   -0.597    0.534    1.758    2.998    4.221    5.337
CT2008:220           -5.974   -5.163   -4.289   -3.421   -2.598   -1.896
   -1.325   -0.907   -0.653   -0.577   -0.649   -0.843   -1.131   -1.484
   -1.857   -2.208   -2.495   -2.669   -2.703   -2.571   -2.248   -1.708
   -0.978   -0.080    0.955    2.105    3.283    4.451    5.523
CT2008:215           -5.949   -5.057   -4.101   -3.148   -2.235   -1.437
   -0.766   -0.244    0.118    0.302    0.339    0.248    0.054   -0.223
   -0.545   -0.877   -1.181   -1.410   -1.533   -1.512   -1.318   -0.911
   -0.310    0.470    1.402    2.465    3.567    4.668    5.679
CT2008:210           -5.765   -4.830   -3.823   -2.813   -1.836   -0.964
   -0.213    0.396    0.850    1.131    1.265    1.271    1.166    0.964
    0.697    0.394    0.087   -0.181   -0.372   -0.445   -0.362   -0.075
    0.408    1.076    1.906    2.883    3.911    4.944    5.900
CT2008:205           -5.549   -4.584   -3.538   -2.486   -1.460   -0.531
    0.284    0.964    1.495    1.859    2.079    2.170    2.148    2.018
    1.807    1.540    1.243    0.955    0.718    0.575    0.569    0.755
    1.130    1.693    2.423    3.308    4.252    5.207    6.092
CT2008:200           -5.392   -4.395   -3.315   -2.226   -1.159   -0.184
    0.684    1.422    2.017    2.451    2.745    2.912    2.964    2.903
    2.749    2.526    2.253    1.965    1.707    1.521    1.453    1.561
    1.850    2.324    2.964    3.766    4.634    5.516    6.338
CT2008:195           -5.033   -4.050   -2.972   -1.882   -0.807    0.186
    1.078    1.848    2.484    2.968    3.320    3.547    3.662    3.661
    3.563    3.386    3.146    2.875    2.615    2.408    2.302    2.353
    2.575    2.972    3.532    4.254    5.044    5.852    6.605
CT2008:190           -4.898   -3.894   -2.799   -1.691   -0.599    0.413
    1.329    2.129    2.802    3.331    3.734    4.019    4.194    4.255
    4.214    4.089    3.892    3.650    3.404    3.196    3.071    3.085
    3.255    3.589    4.080    4.727    5.445    6.181    6.868
CT2008:185           -4.786   -3.763   -2.653   -1.533   -0.430    0.593
    1.523    2.344    3.045    3.612    4.061    4.398    4.630    4.750
    4.768    4.697    4.547    4.342    4.120    3.922    3.790    3.779
    3.909    4.191    4.618    5.195    5.839    6.502    7.118
CT2008:180           -4.664   -3.628   -2.511   -1.386   -0.280    0.747
    1.686    2.520    3.244    3.844    4.335    4.722    5.010    5.188
    5.263    5.247    5.146    4.980    4.787    4.605    4.475    4.449
    4.548    4.785    5.157    5.670    6.248    6.842    7.393
CT2008:175           -4.761   -3.675   -2.524   -1.370   -0.243    0.802
    1.760    2.618    3.371    4.009    4.546    4.987    5.331    5.569
    5.702    5.739    5.685    5.556    5.391    5.225    5.096    5.054
    5.122    5.313    5.626    6.068    6.568    7.082    7.547
CT2008:170           -4.648   -3.552   -2.396   -1.238   -0.106    0.945
    1.913    2.787    3.565    4.237    4.817    5.306    5.704    5.995
    6.180    6.267    6.255    6.161    6.021    5.869    5.743    5.690
    5.732    5.885    6.150    6.534    6.972    7.422    7.824
CT2008:165           -4.662   -3.535   -2.354   -1.174   -0.022    1.051
    2.043    2.947    3.760    4.475    5.102    5.641    6.090    6.432
    6.664    6.793    6.816    6.749    6.627    6.482    6.351    6.278
    6.287    6.395    6.603    6.918    7.282    7.654    7.972
CT2008:160           -4.556   -3.418   -2.225   -1.031    0.137    1.232
    2.253    3.190    4.042    4.801    5.475    6.062    6.558    6.944
    7.215    7.377    7.428    7.380    7.270    7.129    6.990    6.897
    6.876    6.943    7.103    7.363    7.669    7.981    8.241
CT2008:155           -4.477   -3.324   -2.110   -0.892    0.305    1.435
    2.496    3.479    4.381    5.190    5.914    6.549    7.087    7.509
    7.811    7.997    8.066    8.029    7.922    7.774    7.621    7.502
    7.445    7.469    7.578    7.782    8.028    8.281    8.482
CT2008:150           -4.375   -3.209   -1.974   -0.730    0.502    1.676
    2.787    3.824    4.782    5.647    6.423    7.102    7.678    8.129
    8.451    8.652    8.728    8.692    8.579    8.419    8.244    8.095
    8.001    7.981    8.041    8.192    8.385    8.584    8.734
CT2008:145           -4.320   -3.132   -1.864   -0.583    0.695    1.924
    3.096    4.198    5.221    6.146    6.974    7.696    8.304    8.777
    9.111    9.316    9.391    9.347    9.221    9.041    8.841    8.659
    8.525    8.460    8.471    8.571    8.712    8.859    8.959
CT2008:140           -4.224   -3.022   -1.726   -0.409    0.914    2.200
    3.436    4.604    5.692    6.676    7.553    8.313    8.948    9.434
    9.772    9.974   10.039    9.980    9.836    9.634    9.406    9.191
    9.020    8.913    8.879    8.932    9.027    9.129    9.187
CT2008:135           -4.186   -2.959   -1.628   -0.269    1.107    2.454
    3.756    4.991    6.143    7.184    8.107    8.901    9.556   10.050
   10.385   10.577   10.628   10.551   10.385   10.159    9.904    9.656
    9.448    9.300    9.221    9.226    9.272    9.326    9.334
CT2008:130           -4.101   -2.863   -1.504   -0.111    1.308    2.708
    4.067    5.360    6.568    7.656    8.616    9.436   10.106   10.602
   10.932   11.112   11.148   11.054   10.870   10.625   10.348   10.076
    9.840    9.661    9.550    9.520    9.532    9.552    9.529
CT2008:125           -3.996   -2.754   -1.376    0.042    1.495    2.937
    4.340    5.678    6.927    8.050    9.037    9.874   10.552   11.048
   11.371   11.542   11.565   11.459   11.262   11.004   10.713   10.424
   10.168    9.966    9.830    9.773    9.758    9.751    9.704
CT2008:120           -3.929   -2.682   -1.288    0.152    1.633    3.105
    4.539    5.907    7.182    8.326    9.328   10.174   10.856   11.351
   11.671   11.837   11.856   11.745   11.544   11.281   10.985   10.689
   10.423   10.208   10.056    9.982    9.949    9.924    9.861
CT2008:115           -3.959   -2.699   -1.286    0.174    1.675    3.167
    4.619    6.001    7.287    8.438    9.443   10.291   10.973   11.468
   11.788   11.955   11.976   11.868   11.670   11.409   11.113   10.813
   10.539   10.311   10.142   10.045    9.985    9.930    9.830
CT2008:110           -3.918   -2.662   -1.248    0.214    1.717    3.209
    4.656    6.031    7.306    8.445    9.440   10.279   10.957   11.453
   11.780   11.957   11.992   11.899   11.718   11.473   11.190   10.902
   10.638   10.417   10.253   10.159   10.100   10.045    9.944
CT2008:105           -4.191   -2.898   -1.457    0.028    1.546    3.041
    4.484    5.847    7.106    8.227    9.205   10.033   10.705   11.204
   11.541   11.733   11.787   11.714   11.551   11.321   11.050   10.768
   10.504   10.278   10.101    9.982    9.887    9.788    9.621
CT2008:100           -4.188   -2.911   -1.485   -0.018    1.480    2.947
    4.356    5.682    6.902    7.985    8.933    9.738   10.399   10.899
   11.247   11.461   11.541   11.498   11.366   11.166   10.925   10.672
   10.436   10.236   10.084    9.987    9.913    9.832    9.680
CT2008:095           -4.399   -3.116   -1.691   -0.229    1.255    2.699
    4.077    5.366    6.546    7.592    8.507    9.288    9.936   10.434
   10.793   11.025   11.130   11.116   11.014   10.844   10.631   10.405
   10.193   10.014    9.877    9.789    9.712    9.623    9.444
CT2008:090           -4.446   -3.192   -1.796   -0.365    1.083    2.486
    3.818    5.059    6.191    7.193    8.069    8.821    9.449    9.940
   10.303   10.548   10.675   10.690   10.621   10.487   10.314   10.129
    9.959    9.823    9.729    9.681    9.641    9.586    9.438
CT2008:085           -4.500   -3.285   -1.928   -0.536    0.872    2.229
    3.516    4.709    5.796    6.754    7.593    8.313    8.917    9.394
    9.751   10.000   10.139   10.176   10.136   10.038    9.905    9.765
    9.644    9.556    9.510    9.505    9.506    9.487    9.367
CT2008:080           -4.601   -3.426   -2.108   -0.756    0.611    1.927
    3.171    4.323    5.370    6.290    7.094    7.782    8.358    8.812
    9.153    9.395    9.537    9.588    9.573    9.510    9.421    9.331
    9.264    9.234    9.244    9.293    9.344    9.373    9.295
CT2008:075           -4.738   -3.608   -2.333   -1.024    0.300    1.576
    2.782    3.898    4.911    5.799    6.569    7.224    7.766    8.188
    8.502    8.724    8.857    8.914    8.918    8.886    8.840    8.801
    8.790    8.815    8.880    8.979    9.073    9.141    9.091
CT2008:070           -4.892   -3.812   -2.585   -1.322   -0.041    1.195
    2.367    3.452    4.435    5.293    6.032    6.651    7.155    7.539
    7.818    8.012    8.132    8.191    8.214    8.218    8.220    8.241
    8.295    8.387    8.519    8.681    8.833    8.957    8.958
CT2008:065           -5.190   -4.148   -2.960   -1.734   -0.490    0.714
    1.857    2.917    3.876    4.709    5.417    6.000    6.461    6.800
    7.038    7.199    7.300    7.358    7.397    7.434    7.482    7.559
    7.672    7.823    8.008    8.215    8.402    8.554    8.567
CT2008:060           -5.396   -4.416   -3.285   -2.115   -0.920    0.242
    1.349    2.377    3.307    4.108    4.781    5.323    5.740    6.033
    6.230    6.360    6.445    6.508    6.572    6.651    6.757    6.902
    7.088    7.313    7.570    7.844    8.094    8.306    8.377
CT2008:055           -5.619   -4.706   -3.640   -2.531   -1.393   -0.279
    0.786    1.777    2.673    3.439    4.074    4.574    4.947    5.198
    5.359    5.463    5.539    5.615    5.710    5.839    6.010    6.231
    6.498    6.804    7.141    7.491    7.816    8.102    8.251
CT2008:050           -5.875   -5.035   -4.040   -3.000   -1.927   -0.870
    0.145    1.091    1.945    2.671    3.265    3.725    4.058    4.273
    4.405    4.493    4.568    4.662    4.793    4.974    5.211    5.506
    5.850    6.232    6.642    7.059    7.448    7.797    8.007
CT2008:045           -5.991   -5.253   -4.355   -3.409   -2.423   -1.444
   -0.500    0.383    1.182    1.859    2.410    2.831    3.133    3.324
    3.443    3.530    3.620    3.747    3.928    4.175    4.490    4.876
    5.315    5.797    6.307    6.829    7.329    7.796    8.146
CT2008:040           -6.285   -5.630   -4.819   -3.960   -3.061   -2.165
   -1.298   -0.485    0.251    0.877    1.386    1.777    2.057    2.238
    2.358    2.457    2.571    2.735    2.965    3.271    3.654    4.113
    4.628    5.184    5.765    6.354    6.918    7.449    7.863
CT2008:035           -6.524   -5.966   -5.258   -4.503   -3.709   -2.915
   -2.145   -1.421   -0.763   -0.198    0.267    0.631    0.902    1.090
    1.232    1.362    1.518    1.733    2.023    2.396    2.854    3.393
    3.990    4.629    5.294    5.967    6.619    7.240    7.758
CT2008:030           -6.837   -6.370   -5.763   -5.115   -4.434   -3.754
   -3.097   -2.478   -1.911   -1.418   -1.001   -0.661   -0.392   -0.181
   -0.002    0.179    0.392    0.670    1.026    1.468    1.996    2.607
    3.276    3.986    4.720    5.460    6.178    6.866    7.452
CT2008:025           -7.181   -6.803   -6.301   -5.764   -5.203   -4.652
   -4.123   -3.626   -3.169   -2.762   -2.402   -2.089   -1.815   -1.571
   -1.336   -1.086   -0.796   -0.439   -0.006    0.512    1.114    1.797
    2.538    3.318    4.121    4.928    5.713    6.468    7.123
CT2008:020           -7.495   -7.211   -6.820   -6.403   -5.974   -5.564
   -5.181   -4.825   -4.497   -4.193   -3.906   -3.628   -3.353   -3.069
   -2.767   -2.432   -2.048   -1.596   -1.071   -0.467    0.216    0.975
    1.790    2.642    3.516    4.395    5.250    6.075    6.803
CT2008:015           -7.794   -7.604   -7.327   -7.034   -6.742   -6.482
   -6.254   -6.054   -5.871   -5.688   -5.487   -5.257   -4.988   -4.667
   -4.292   -3.864   -3.373   -2.813   -2.184   -1.484   -0.713    0.127
    1.019    1.947    2.895    3.847    4.775    5.673    6.474
CT2008:010           -8.089   -7.989   -7.822   -7.649   -7.491   -7.383
   -7.314   -7.275   -7.245   -7.194   -7.094   -6.925   -6.674   -6.323
   -5.880   -5.357   -4.755   -4.079   -3.339   -2.536   -1.670   -0.744
    0.230    1.237    2.264    3.293    4.298    5.273    6.150
CT2008:005           -8.284   -8.286   -8.236   -8.187   -8.167   -8.208
   -8.298   -8.421   -8.547   -8.635   -8.646   -8.551   -8.332   -7.967
   -7.470   -6.863   -6.159   -5.372   -4.522   -3.614   -2.652   -1.637
   -0.580    0.509    1.616    2.724    3.804    4.854    5.803
CT2009:360           -8.682   -8.751   -8.783   -8.824   -8.907   -9.066
   -9.282   -9.537   -9.796  -10.003  -10.114  -10.090   -9.907   -9.537
   -8.998   -8.322   -7.526   -6.636   -5.679   -4.666   -3.601   -2.487
   -1.332   -0.145    1.059    2.264    3.441    4.585    5.624
