FORMAT 1
 fake.rf 1440.00000000 53999.99494382105865505 800.00000 7 
 fake.rf 1440.00000000 54033.93925997164571245 800.00000 7 
 fake.rf 1440.00000000 54067.81403200966474502 800.00000 7 
 fake.rf 1440.00000000 54101.71991887006907623 800.00000 7 
 fake.rf 1440.00000000 54135.61765018554663905 800.00000 7 
 fake.rf 1440.00000000 54169.58432368483271424 800.00000 7 
 fake.rf 1440.00000000 54203.48001571378751852 800.00000 7 
 fake.rf 1440.00000000 54237.35109753353287555 800.00000 7 
 fake.rf 1440.00000000 54271.29913337121711202 800.00000 7 
 fake.rf 1440.00000000 54305.18328307731486011 800.00000 7 
 fake.rf 1440.00000000 54339.09682942351986727 800.00000 7 
 fake.rf 1440.00000000 54372.99137153116996385 800.00000 7 
 fake.rf 1440.00000000 54406.92054372552392826 800.00000 7 
 fake.rf 1440.00000000 54440.81532435582590857 800.00000 7 
 fake.rf 1440.00000000 54474.68592095580688221 800.00000 7 
 fake.rf 1440.00000000 54508.59608920476733819 800.00000 7 
 fake.rf 1440.00000000 54542.52662760723687793 800.00000 7 
 fake.rf 1440.00000000 54576.42699477424380604 800.00000 7 
 fake.rf 1440.00000000 54610.38213446920187252 800.00000 7 
 fake.rf 1440.00000000 54644.25051841088994879 800.00000 7 
 fake.rf 1440.00000000 54678.20690601934616703 800.00000 7 
 fake.rf 1440.00000000 54712.09518985802546154 800.00000 7 
 fake.rf 1440.00000000 54746.01115916349526259 800.00000 7 
 fake.rf 1440.00000000 54779.86274606278918340 800.00000 7 
 fake.rf 1440.00000000 54813.82386879295443631 800.00000 7 
 fake.rf 1440.00000000 54847.71067916502238670 800.00000 7 
 fake.rf 1440.00000000 54881.64044019869736467 800.00000 7 
 fake.rf 1440.00000000 54915.54935420348179557 800.00000 7 
 fake.rf 1440.00000000 54949.38234280371537968 800.00000 7 
 fake.rf 1440.00000000 54983.35456366373804024 800.00000 7 
 fake.rf 1440.00000000 55017.23717342144934197 800.00000 7 
 fake.rf 1440.00000000 55051.11715647912782911 800.00000 7 
 fake.rf 1440.00000000 55085.04319513908378841 800.00000 7 
 fake.rf 1440.00000000 55118.97674437430587100 800.00000 7 
 fake.rf 1440.00000000 55152.85544867680065189 800.00000 7 
 fake.rf 1440.00000000 55186.77205303679243330 800.00000 7 
 fake.rf 1440.00000000 55220.68177744767562542 800.00000 7 
 fake.rf 1440.00000000 55254.54900937320914569 800.00000 7 
 fake.rf 1440.00000000 55288.51286357866319713 800.00000 7 
 fake.rf 1440.00000000 55322.38012522927812231 800.00000 7 
 fake.rf 1440.00000000 55356.30767505404830108 800.00000 7 
 fake.rf 1440.00000000 55390.19457577674932004 800.00000 7 
 fake.rf 1440.00000000 55424.13254800430757647 800.00000 7 
 fake.rf 1440.00000000 55457.99877143083633618 800.00000 7 
 fake.rf 1440.00000000 55491.95662129877693395 800.00000 7 
 fake.rf 1440.00000000 55525.85802477428978260 800.00000 7 
 fake.rf 1440.00000000 55559.72725172513851322 800.00000 7 
 fake.rf 1440.00000000 55593.62514124967920773 800.00000 7 
 fake.rf 1440.00000000 55627.60307974939242851 800.00000 7 
 fake.rf 1440.00000000 55661.43694748263147800 800.00000 7 
 fake.rf 1440.00000000 55695.37939008719582237 800.00000 7 
 fake.rf 1440.00000000 55729.32321705765814862 800.00000 7 
 fake.rf 1440.00000000 55763.22153569630275213 800.00000 7 
 fake.rf 1440.00000000 55797.08944970306955663 800.00000 7 
 fake.rf 1440.00000000 55830.97769752169977152 800.00000 7 
 fake.rf 1440.00000000 55864.92997515094293090 800.00000 7 
 fake.rf 1440.00000000 55898.86086660880262254 800.00000 7 
 fake.rf 1440.00000000 55932.77171090663364082 800.00000 7 
 fake.rf 1440.00000000 55966.64240322515858222 800.00000 7 
 fake.rf 1440.00000000 56000.58245172279113522 800.00000 7 
